start,length,group_id
566129,28826,1
566290,26171,3
567314,8071,4
571164,64832,1
574294,64384,3
576100,19000,7
577685,118561,5
578846,24861,5
581034,10979,7
581434,16674,1
582841,8385,6
583532,16793,1
584165,3634,7
584785,1229,6
584801,2207,3
584826,40,2
584832,311,4
584838,1228,6
584875,47,1
584919,213,6
584928,40,5
585786,51164,5
586496,1970,2
588559,58046,7
588873,14805,5
589428,28,3
589449,275,5
589503,3708,3
589535,3625,4
590405,54,1
590414,45,2
590419,292,6
590427,42,2
590434,155,1
590439,66,4
590470,64,6
590531,34,4
590978,252,3
591120,11298,7
591442,16440,3
591612,293,3
593508,257,6
595008,216,4
595228,32,5
595239,24866,5
595276,34,1
595584,26228,6
595641,213,4
596042,214,6
596561,212,5
597048,276,5
597139,144,2
597147,106,6
597497,314,7
597928,925,1
597955,689,5
598080,203,3
598354,274,5
598608,412,5
598823,691,5
599263,1716,3
600209,16792,2
606843,24257,4
608347,57648,2
613917,95,3
614987,336,3
615362,277,5
617472,257,4
617477,343,5
617482,387,4
617486,523,6
617729,182,6
617737,216,4
617748,263,7
617752,334,4
617914,165,3
617917,180,7
617923,199,6
617928,301,5
618202,353,1
618628,174,5
618949,161,2
619684,19199,1
619766,37,2
619804,24,1
620527,35969,7
621578,35968,7
621582,35969,3
638224,8027,1
639157,18855,1
639316,58,6
639459,60,6
639523,62,3
639759,61,6
639994,41,6
639995,45,1
644835,179,4
645249,155,7
645444,313,3
645540,35621,7
645808,48803,1
645978,23055,4
646088,332,2
646393,54148,7
646521,110,4
647272,359,3
647739,303,6
648093,370,4
648486,344,2
649148,336,3
649620,328,4
650241,332,3
650849,373,1
651272,337,1
651683,326,6
652035,331,4
652231,14769,4
652517,315,7
653274,302,4
653562,14390,6
653617,307,1
658633,2548,6
658981,287,5
661229,3806,1
662796,64827,6
664468,143,2
664898,58075,2
665386,302,4
667115,309,3
667886,277,5
668596,715,5
668645,416,7
669401,336,1
669446,182,6
669599,842,2
670019,167,3
670042,301,3
670636,330,1
671461,855,5
672327,319,7
672431,340,6
672948,797,1
673296,379,2
673864,331,5
673907,38,3
674883,396,7
675761,37,5
675846,38,4
675975,14696,1
676149,5883,3
676178,47,7
676289,3911,3
676578,48,6
678396,11121,6
680929,18334,6
688262,14154,5
688508,15439,6
688521,60794,2
690642,9665,4
694333,465,6
694413,1987,1
700318,10210,7
700639,911,5
702943,129,4
703160,59,7
703445,223,5
704670,341,2
705671,266,6
710503,1661,6
712143,1662,4
713788,1668,5
715427,1740,1
724251,160,3
724630,173,5
724939,323,1
725561,359,3
726021,335,5
726531,380,5
727021,176,3
727528,687,4
728987,651,6
729694,59,6
729746,163,5
730567,497,5
731943,9503,7
735775,11576,5
735827,284,6
736042,12358,2
736252,11294,1
736570,57621,2
737565,16057,1
742701,46,3
743081,50,1
743261,49,4
743392,49,4
743486,50,3
743663,56,7
743706,667,7
743790,57,5
744023,97,1
744252,100,4
744749,31,6
745118,673,6
749690,9532,7
750402,58084,5
750719,423,3
767070,289,1
767401,798,4
768967,427,2
769671,788,7
769963,64,7
770574,426,1
771302,64835,4
776280,29058,5
781770,375,2
783245,32,3
783624,304,4
784168,21629,2
784765,1226,3
789290,167,5
789404,186,2
789496,200,7
789914,188,2
790054,163,7
790101,197,2
807488,8023,5
808329,43,3
816636,343,3
817954,51,2
818634,113,1
818881,113,1
819048,359,4
821433,57498,1
821568,205,6
821574,205,1
822311,23,1
822371,112,1
822557,87,5
822685,55,4
822821,2179,2
822831,46,5
823038,74,6
823115,381,3
823571,358,3
824528,95061,2
825285,20332,4
825643,1336,4
825930,113,6
825952,1492,3
825971,130,3
827065,3383,6
827246,111,7
827378,37309,1
827522,125,3
827775,5975,6
827833,4572,6
828709,314,2
829129,2091,7
829971,112,2
830638,1839,6
831299,104,7
831662,15878,6
832355,100,7
832384,54,3
832471,37,2
832474,40,1
832503,1479,1
832535,32,1
832558,4073,6
832565,2068,3
832711,43,1
832737,211,5
832759,38,4
832808,47,7
832835,2070,6
832863,46,2
832884,32,1
832925,47,7
832947,312,6
832983,1473,2
833122,50,3
833290,91,5
833341,50,3
833366,331,1
833504,959,7
836740,65,2
836814,12402,6
837305,124,3
837319,104,7
837359,106,5
837373,64,1
837384,105,2
837389,106,1
839360,103,1
839368,62,1
839463,55,4
839468,497,1
839473,107,6
839498,47,2
839503,165,2
839509,112,3
839546,54,4
839554,122,4
839562,2136,3
839576,90,3
839582,114,6
839587,269,2
840194,47,3
840240,38,5
840270,44,1
840299,212,2
840332,60,4
840381,47,3
840617,88,4
841203,62,1
841621,2541,7
842026,72,1
842056,154,6
842086,70,4
843552,2337,2
843673,62,4
845024,37996,6
845045,16542,6
845627,10132,6
846197,46,6
846218,166,7
848867,47,2
849016,3635,1
849450,452,6
850353,43248,6
852708,95,1
852801,1449,7
854322,59,5
854453,65143,1
857145,256,6
857230,182,3
857593,181,6
857696,38541,2
857877,24,4
858162,13584,1
860654,105,5
861020,199,2
861521,110,2
862186,115,7
872655,1091,3
872900,39487,2
880898,1603,1
886751,57958,3
911465,202,3
911555,232,4
911937,34440,1
912128,16070,7
912141,49143,3
912284,64828,2
912390,146,5
915785,24,6
916285,9171,4
919629,72,3
919650,112,1
919680,70,2
919695,101,5
919715,244,4
919764,607,5
920266,628,1
920556,36,4
920614,59,2
920669,127,3
920727,32,4
920778,105,4
920954,746,1
921088,105,4
921151,51,5
921191,103,1
921235,104,2
921301,70,4
921340,105,4
921391,104,1
921705,31,7
921724,51,1
921747,69,5
921939,43,2
922156,48,2
922213,44,6
922221,49867,1
922247,96,5
922339,36,1
923540,61,2
923597,77,1
923901,38,3
924076,38648,3
924664,105,5
925236,87,1
926297,44927,2
926370,106,6
926593,24887,6
927444,24,5
927848,108,5
931074,10871,6
932665,225,4
933923,14132,1
934641,43,4
934669,37,1
934693,59,3
934709,127,6
939356,3647,7
942517,224,5
942670,161,2
943681,64848,4
944051,62,4
944262,67,1
944613,6075,4
945431,4115,6
945664,45728,4
946498,550,4
946546,75,5
946585,66,5
946620,65,3
946643,50,3
946672,43,3
947039,92,2
950786,1557,5
951728,49584,7
952787,1597,2
971478,2787,2
971722,64830,3
978080,30,1
978324,30,3
978410,30,6
978593,30,7
981872,30,5
982104,33,4
990314,29,5
990429,30,2
990508,30,1
990698,29,6
990856,30,5
990929,31,6
991026,29,5
991228,31,1
991258,29,6
992559,15421,7
993299,14436,6
993319,25922,6
996045,43197,5
996238,53694,3
996620,33534,2
998538,57305,1
999237,13453,2
1000998,14731,1
1001018,16712,3
1001024,16774,4
1001077,541,6
1001582,1014,3
1002974,44754,2
1006344,2963,1
1006600,68,3
1006884,74,6
1007209,51,6
1007513,38342,4
1007626,1638,5
1008336,67,6
1008438,72,4
1009720,12979,6
1010326,82,4
1011364,94,2
1011421,30109,5
1011456,57340,2
1011757,68,5
1013279,1596,7
1016083,227,2
1018145,2892,7
1021510,2657,3
1021557,69,2
1021683,65,2
1021699,314,2
1022379,65,5
1022750,187,5
1022947,39,2
1023046,2745,5
1023132,1623,1
1023155,216,6
1023831,45617,5
1023982,216,3
1024020,50428,3
1025196,4936,7
1025397,757,1
1025795,127,7
1025810,130,3
1025824,134,6
1025854,24983,5
1026315,363,7
1026344,149,2
1026387,11889,3
1026761,227,3
1027017,3634,2
1027423,3655,3
1027706,130,7
1027716,194,5
1027720,321,3
1029051,144,1
1029268,294,3
1029276,1228,6
1029285,1228,4
1029320,527,5
1029353,1228,3
1029383,106,2
1029422,187,6
1029461,643,7
1029545,1227,4
1029767,700,4
1029875,9120,6
1029921,131,7
1029953,370,7
1030024,1230,6
1030452,43101,4
1031510,8945,2
1037903,1021,5
1038881,14831,3
1039011,64681,6
1040863,16844,2
1042339,37354,3
1042620,16880,7
1049771,14912,6
1051747,49,3
1052979,32,4
1053155,32,5
1053370,45,1
1053645,46,5
1053723,14911,5
1055143,106,6
1055389,72,5
1057064,38,4
1057253,81,3
1057333,73,7
1057969,2969,5
1059825,360,7
1061231,336,7
1061247,13005,6
1061885,386,3
1068797,14867,2
1069383,337,6
1070476,44837,4
1070725,16746,3
1070763,16654,1
1077428,388,4
1077698,734,1
1078041,376,7
1078979,45411,3
1079751,2157,3
1080326,25227,4
1081651,5179,1
1081809,325,5
1081821,40553,2
1081871,109,4
1082044,83,4
1082114,34281,1
1082147,61,1
1082294,358,4
1082315,93,6
1082365,58227,4
1082669,378,6
1082851,56,3
1083035,4225,1
1083041,36626,6
1083185,7671,3
1084110,349,3
1084673,14847,4
1085603,71,4
1086674,110,1
1087318,872,5
1087473,17091,6
1087809,17499,5
1087926,1110,5
1088050,23100,3
1088289,67,3
1089288,1444,3
1090686,13523,6
1091323,755,7
1092118,528,1
1092145,1828,7
1092177,298,6
1092200,1290,5
1092227,2428,7
1092248,186,6
1092270,644,3
1092292,2430,5
1092316,130,7
1092334,369,4
1092371,1499,7
1092617,39802,7
1092709,14972,2
1093742,34,4
1094694,959,6
1094887,62956,4
1098228,2306,7
1098228,24,2
1098329,30,4
1098383,5288,4
1098455,2798,3
1098498,106,2
1098510,61020,7
1098542,244,2
1098935,5111,3
1098949,5105,1
1098957,5104,1
1098973,5102,7
1098983,5111,7
1098995,5108,2
1099008,5114,7
1099019,5120,2
1099028,5124,3
1099046,5128,4
1099071,5115,6
1099080,5111,4
1099089,5118,1
1099098,5127,1
1099107,5118,5
1099116,5114,1
1099126,5122,5
1099132,5114,5
1099147,5121,6
1099541,5121,3
1099868,7231,5
1100795,120,2
1100835,195,7
1100905,830,3
1100937,514,3
1101366,1269,4
1102277,14716,2
1103064,1427,2
1103490,5118,7
1103502,5120,3
1103513,5125,4
1103521,5123,4
1104260,5021,7
1104555,17074,2
1105075,107,7
1106173,5120,4
1106181,1304,1
1106202,5115,1
1106212,5119,5
1106221,5117,7
1106231,5113,5
1106798,39099,2
1108440,33,6
1109426,5118,5
1109434,5128,6
1109447,5125,6
1109454,5115,5
1109462,5126,1
1109469,5136,2
1109478,5134,2
1109487,5144,5
1109494,5124,3
1109504,5120,3
1109729,35,2
1110822,5315,2
1110839,2796,4
1110872,1498,1
1111960,65,7
1113407,35,6
1115016,106,1
1115045,48,5
1115078,107,6
1115454,39,2
1116449,267,5
1116616,35205,2
1117443,39,1
1118202,38,3
1119812,941,3
1119919,74,5
1123041,62,1
1123760,68,7
1123940,67,1
1124295,36,6
1124656,35,7
1124719,35,7
1125120,22439,5
1125470,944,4
1126892,947,5
1128678,953,3
1129572,58228,2
1130669,35,2
1131469,236,7
1131473,267,7
1131477,318,2
1131484,419,4
1131596,165,1
1131601,186,1
1131603,226,5
1131605,287,5
1131672,157,2
1131677,172,2
1131679,220,6
1131681,244,7
1138102,46,2
1138281,721,1
1139566,712,7
1143733,381,5
1146078,64835,4
1150460,38818,3
1160351,323,5
1162115,59,7
1162275,24025,3
1164039,36,3
1165370,14825,6
1165714,57867,1
1165786,36,7
1165853,37,5
1165981,37,2
1166117,33,3
1166149,37,4
1166426,36,6
1166504,32,5
1166555,31,4
1166608,35,4
1166700,36,7
1167488,16789,5
1167500,16969,2
1169142,3282,4
1169718,1220,5
1171819,57,1
1171853,43828,4
1172126,4704,5
1172784,35,1
1173562,37434,3
1174112,43830,5
1174945,33,7
1175640,4399,1
1175753,30,4
1175755,45398,6
1176135,66,6
1176271,33,2
1176492,42,1
1176510,3693,7
1177227,36,6
1177414,1728,4
1177423,186,7
1177776,3951,1
1177985,29,2
1179439,28,1
1179510,50427,2
1179790,127,3
1181146,263,5
1181202,36,6
1181253,1166,1
1181527,84,7
1182022,11491,1
1184471,35969,3
1185179,51,3
1185270,117,5
1185311,51,1
1185396,69,1
1185442,90,2
1185595,184,6
1185624,36,2
1185649,49,1
1185656,324,6
1185669,46,1
1185703,61,1
1185724,120,1
1185752,66,1
1185807,65,7
1185907,111,1
1185915,35,4
1185942,317,6
1186005,106,3
1186331,98,5
1186331,90,2
1186496,1237,4
1186515,159,4
1186587,97,3
1186676,157,2
1186835,14888,7
1186845,132,3
1186863,191,3
1186890,830,2
1186907,12328,7
1186910,245,5
1186932,106,6
1187244,1285,2
1187474,181,3
1187676,64838,6
1188120,264,5
1188330,37,2
1188345,643,7
1188536,734,6
1188633,1371,4
1188820,384,7
1188930,5747,6
1189261,201,4
1189491,61229,2
1189678,30,6
1189816,31,5
1190004,106,5
1190223,1748,1
1191082,32,6
1191981,196,2
1192027,1317,5
1192823,4391,4
1193306,32,6
1193857,47,7
1194390,47,4
1194457,249,2
1194732,615,2
1194826,242,1
1194883,64,7
1194902,104,2
1194922,307,6
1195007,382,4
1195166,383,3
1195519,604,5
1195574,37,4
1195605,106,7
1195628,107,6
1195647,588,5
1195663,1114,7
1195776,583,4
1195963,58399,3
1198783,60364,5
1199058,4242,2
1199079,107,3
1199111,597,7
1199153,1082,2
1199180,592,3
1199212,854,4
1199236,108,1
1199475,617,2
1201360,13696,1
1203069,17028,4
1206743,64834,6
1214335,108,2
1214516,31,2
1214542,105,2
1214627,106,7
1214896,105,6
1215091,104,4
1215306,104,6
1215560,104,7
1215652,105,4
1216062,34315,2
1217705,35,6
1218193,33,1
1218233,32,5
1218280,41,5
1218395,32,6
1223518,16934,4
1236581,39585,6
1241761,227,5
1241767,191,5
1241773,188,1
1241779,191,6
1241786,190,6
1241792,198,2
1241799,216,3
1242333,211,2
1242340,272,4
1244297,208,4
1244309,207,4
1249490,45633,6
1250024,18787,3
1250313,46380,3
1253016,246,5
1253601,242,7
1254296,182,3
1254443,359,1
1260740,218,4
1264171,50429,6
1266572,14848,3
1266906,3628,6
1267827,3629,7
1268619,16775,2
1273325,4207,6
1275715,5903,6
1276632,58122,7
1282082,63458,5
1282217,37,1
1282336,76,7
1283598,13721,7
1290496,47,5
1296537,37,5
1296811,30,3
1296851,33,7
1297320,33,1
1298037,5715,7
1301045,608,5
1301197,16101,6
1301626,16721,4
1316948,61227,3
1318354,16788,2
1322044,5310,5
1328141,35961,2
1338894,16745,6
1343751,221,6
1343972,47429,1
1344047,50416,4
1348333,189,3
1348337,228,4
1348342,259,1
1348345,338,1
1355611,16764,1
1357094,52,1
1357255,44,7
1357313,51,1
1358513,52,5
1359991,51,6
1360119,43,2
1360215,60629,6
1364782,57881,3
1370752,1289,5
1371174,62597,4
1372308,33,7
1372419,9622,2
1374009,261,4
1374334,287,2
1374823,53,5
1375515,53,6
1376235,312,4
1376971,70,3
1377968,57,3
1378580,54,1
1379286,56,2
1381058,56,5
1381200,290,4
1391005,46540,6
1395272,1753,5
1398233,32,1
1398371,1459,1
1400018,458,6
1400760,542,2
1402264,64,3
1402384,255,5
1423453,32,6
1423878,33,6
1425581,982,7
1426538,163,1
1426542,85,7
1426558,5970,5
1428787,3728,2
1431405,57759,1
1431489,3646,2
1431500,37,4
1431538,36,6
1431595,34,3
1431972,38,7
1432010,38,2
1432194,35,3
1432227,51,1
1432340,39,6
1432398,34,5
1432447,39,6
1432620,988,2
1433092,35,5
1435994,544,2
1436017,41,5
1436040,1232,1
1436067,741,3
1436073,685,5
1436080,1240,7
1437908,10935,3
1440517,49358,2
1441148,36030,1
1441532,108,4
1441855,104,6
1441970,182,5
1442987,10234,6
1443393,89,1
1443408,19358,5
1443564,177,7
1443641,371,2
1443729,44825,4
1443800,126,3
1443888,161,1
1443966,65,4
1444260,779,1
1444327,299,5
1444835,56,2
1445323,58,7
1446216,64831,7
1446503,24,7
1446611,45,7
1446686,56,1
1446714,21922,5
1447013,53,5
1447528,52,7
1448271,52,7
1448393,101,4
1448500,34,5
1448788,55,1
1449011,34,3
1449074,35,7
1449164,37,1
1449256,51,4
1449876,51,7
1450985,541,4
1451014,739,6
1451055,1316,4
1452871,278,2
1453631,162,6
1453747,650,2
1453809,34173,5
1453835,189,7
1453938,1969,7
1454607,1716,4
1455804,30,7
1456304,435,4
1456372,450,7
1456487,130,4
1456776,14654,6
1456856,242,3
1456980,32,4
1456985,243,5
1457160,1709,2
1457219,94,3
1457328,244,7
1457454,60,6
1457895,57,1
1457961,38132,3
1458064,6251,6
1458075,6227,2
1458085,6231,6
1458093,6219,1
1458102,6271,2
1458109,6298,6
1458116,6261,3
1458122,6272,5
1458128,6272,5
1458137,6269,2
1458144,6303,7
1458150,6370,1
1458162,6289,7
1458168,6263,5
1458178,6243,5
1458185,6222,7
1458192,6198,6
1458198,6232,2
1458206,6268,1
1458213,6218,3
1458291,6144,5
1458297,6343,3
1458310,6344,2
1458318,6273,3
1458327,6288,4
1458378,1867,5
1458528,54,4
1458669,105,7
1458740,630,4
1458929,1277,7
1459032,112,6
1459038,61,4
1459277,56,4
1459742,109,6
1460100,64835,1
1460424,3728,3
1460594,58589,5
1460671,549,6
1461319,52,7
1461558,78,5
1461660,67,2
1461701,30,5
1461877,30,7
1461992,560,6
1461999,31,1
1462215,105,3
1462304,104,4
1462787,1130,4
1462939,32,5
1463050,617,5
1463066,856,5
1463196,597,2
1463210,801,2
1463385,1410,2
1463411,535,1
1463437,683,2
1463458,1181,3
1463487,798,2
1463502,756,2
1463528,31,3
1463536,6516,5
1463545,6528,1
1463553,6526,4
1463560,6525,6
1463567,6519,1
1463582,6497,2
1463591,6492,6
1463600,6512,4
1463645,6543,2
1463652,6519,6
1463785,41,1
1463840,6442,2
1463928,6355,2
1463940,6161,5
1463949,6159,4
1463956,6183,5
1464156,52,4
1464176,39,3
1464723,41,2
1466298,27067,1
1469118,64827,1
1472293,6185,1
1476648,238,6
1477689,242,6
1480741,243,5
1484005,615,6
1485365,608,2
1489591,7230,6
1489656,241,3
1490050,11055,4
1491245,233,2
1496027,34572,7
1500177,472,5
1500860,75,2
1500930,206,3
1501115,18536,2
1509062,1585,7
1510950,1428,4
1511403,3647,1
1511917,115,4
1512096,134,5
1512232,3485,2
1512408,1419,2
1512653,1383,2
1513261,60115,4
1514146,23,4
1515356,7222,4
1515365,7223,3
1515376,7222,5
1515466,41057,7
1516693,79,2
1516793,109,4
1517143,49,6
1517217,114,4
1517340,28,3
1518328,263,4
1518657,282,6
1518968,6410,3
1520591,43228,1
1522116,370,5
1522300,55487,7
1523254,56688,4
1524829,64830,6
1524894,33,1
1525170,778,4
1525191,1721,6
1525226,1371,5
1525243,1202,7
1525313,101,2
1525344,42150,2
1525385,153,3
1525399,388,2
1525474,115,2
1525534,192,1
1525556,510,4
1525633,1098,3
1525772,32,2
1526452,3037,4
1527327,33,3
1527430,243,2
1528656,219,4
1529178,4525,1
1529294,19041,2
1529308,1102,3
1529415,21630,6
1530316,50,1
1530728,5712,3
1530745,7048,6
1530753,6164,2
1530835,797,7
1532098,315,6
1532760,3069,6
1533103,1267,4
1533371,491,6
1533373,202,5
1533428,642,4
1533536,1035,7
1533921,76,4
1535019,70,6
1535268,46,7
1535327,60,2
1535654,43,5
1535954,142,3
1536154,1522,7
1536527,210,4
1536730,234,5
1537568,852,3
1538087,47924,1
1538869,320,7
1539023,49,3
1539813,4283,1
1540362,461,2
1542958,937,2
1544393,83,2
1544666,81,5
1545260,77,5
1545970,73,6
1546236,360,5
1546442,668,7
1546960,122,7
1547086,86,2
1547200,1113,1
1547237,603,3
1547320,1254,7
1547510,45,6
1547590,109,2
1548359,104,7
1548717,40,4
1548940,138,4
1549486,6936,6
1550538,1150,7
1551187,14434,2
1554606,63457,6
1554660,39805,4
1556616,73,3
1556713,976,7
1557333,37,2
1557405,342,5
1557592,64825,1
1557956,1850,6
1558331,361,7
1559498,462,2
1559951,893,5
1562889,49864,2
1563057,50730,4
1563281,49496,4
1563282,51508,4
1563284,51500,1
1563286,51521,2
1564422,70,2
1564471,59209,4
1568161,32643,7
1577942,18695,7
1578009,10366,3
1589986,43230,2
1597809,1023,6
1599316,14434,1
1600580,55244,4
1601104,34772,3
1602568,64827,6
1605338,96,3
1605472,44355,6
1605657,4985,4
1605889,33254,7
1607777,3246,4
1609106,64830,7
1612841,1003,1
1614047,1493,3
1614740,636,6
1614995,219,4
1615118,636,3
1615225,57265,4
1615609,42081,5
1615696,38444,5
1616223,64827,3
1616303,132,6
1616400,636,5
1617171,39856,6
1617195,336,3
1618850,64829,7
1618970,125,4
1619206,287,6
1619515,57,6
1621271,1866,6
1621294,1864,2
1622627,314,2
1623040,344,3
1623426,8668,6
1623509,328,5
1623521,34,7
1624193,208,6
1624505,313,7
1624685,49800,1
1624686,64341,6
1624687,49820,1
1624687,49750,5
1624688,49861,1
1624688,49774,4
1624689,49770,7
1624780,16229,6
1624901,99,1
1626682,99,2
1626709,163,7
1626866,48047,7
1627854,203,2
1628231,121,6
1628383,1829,5
1628786,92,7
1628788,38,1
1628965,241,1
1629540,105,2
1629817,261,7
1630046,23,2
1630107,684,3
1630171,117,5
1630370,114,1
1630503,239,3
1630952,418,2
1630979,214,3
1631784,64512,7
1633032,766,7
1638030,3825,5
1640417,195,4
1652222,3485,1
1656038,29232,5
1656051,91,1
1656175,84,7
1656381,76,4
1662723,23121,5
1665255,37735,6
1670761,207,7
1670766,267,7
1674909,43229,7
1683523,164,5
1683590,2544,5
1683853,65,4
1684270,69,3
1684523,147,6
1684688,183,6
1685815,1134,1
1686508,115,5
1687555,2361,2
1688082,2294,7
1691243,44629,5
1693479,8617,1
1696734,561,4
1696799,734,3
1697128,499,3
1697148,648,5
1697180,1005,7
1697249,449,5
1697290,664,2
1697319,951,7
1697362,655,7
1698309,363,2
1698632,743,4
1698689,563,2
1699654,43562,6
1699724,668,7
1700391,1860,4
1700636,12144,1
1700855,961,4
1701621,107,1
1701811,54,7
1701992,556,7
1702312,1027,1
1703001,723,4
1703793,4678,1
1704053,1671,1
1704493,8349,6
1705385,221,3
1705395,209,3
1705406,186,6
1707368,183,4
1707376,176,3
1708027,5989,6
1708924,175,5
1709258,696,7
1709438,14095,5
1710143,94,3
1710147,107,3
1710190,38,7
1710740,6671,1
1710827,747,3
1711065,189,3
1711464,197,7
1712199,4730,7
1713103,6218,2
1713112,6062,5
1713133,6074,1
1713142,6115,3
1713153,6000,6
1713160,5973,6
1713167,6003,1
1713173,5907,4
1713181,5960,1
1713193,6018,3
1713203,6022,2
1713210,5929,7
1713216,5905,4
1713222,5897,1
1713227,5901,5
1713234,5902,3
1713239,5900,5
1713245,5874,4
1713252,5875,5
1713258,5891,3
1713333,202,2
1713378,159,2
1713559,634,1
1714282,78,4
1714420,191,4
1714613,205,1
1714638,108,4
1714787,44,1
1715036,106,5
1715254,198,3
1715625,190,7
1715769,198,7
1715887,163,3
1716026,200,4
1716089,5886,1
1716097,5890,1
1716107,5882,5
1716117,5887,6
1716124,5883,2
1716132,5886,6
1716139,5928,6
1716145,5966,4
1716151,5907,7
1716159,5976,1
1716203,193,3
1716224,237,4
1716511,6358,3
1717017,31,4
1717048,29,2
1717147,38984,7
1717828,245,2
1718176,244,3
1718463,132,2
1718672,173,3
1719084,170,2
1719129,6004,6
1719137,6023,3
1719146,5961,6
1719155,6024,6
1719171,5954,4
1719180,5933,2
1719197,6005,4
1719205,6028,1
1719212,6135,5
1719220,6182,4
1719351,202,4
1719788,106,6
1719949,105,3
1720106,741,3
1720154,208,6
1720459,62,3
1720666,142,3
1720692,104,3
1720888,64849,6
1721312,46,3
1722426,90,3
1722810,4941,2
1722863,723,2
1723598,8256,2
1723609,70,3
1723713,103,1
1723748,239,1
1725057,64824,7
1733289,176,2
1733749,66,3
1734129,39,7
1734509,66,1
1739580,745,5
1752102,30204,7
1752220,37937,1
1766074,42,2
1766149,40,6
1766672,257,1
1767110,258,7
1770492,415,6
1770897,129,1
1771052,64823,7
1771079,455,5
1771714,436,7
1771832,725,2
1772589,1083,2
1773913,7233,5
1774929,70,7
1776571,5722,7
1776580,5700,3
1776592,5268,6
1776621,5358,1
1776628,5416,7
1776636,5403,5
1776645,5347,7
1776652,5225,4
1776659,5168,3
1776667,5198,5
1776675,5139,2
1776683,5108,7
1776691,5093,6
1776698,5098,3
1776705,5106,7
1776712,5112,7
1776719,5110,2
1776726,5117,7
1776733,5130,4
1776741,5124,5
1777226,40666,6
1778230,47531,6
1778273,5116,3
1778290,5113,5
1778301,5116,1
1778311,5109,5
1778320,5126,3
1778331,5107,4
1780272,2663,7
1781335,71,5
1782276,56,2
1782400,9913,6
1782799,34,6
1782920,58,2
1782925,99,2
1783355,113,6
1783464,5096,3
1783476,5098,3
1783484,5104,4
1783496,5132,4
1783790,116,7
1783836,5205,1
1783843,5179,5
1783851,7003,7
1783860,5340,1
1783870,5397,3
1783876,5419,2
1783886,5352,4
1783893,5263,2
1783900,5678,5
1783908,5713,6
1783965,104,3
1786732,214,2
1786941,741,3
1787021,141,3
1787382,31,6
1787473,153,5
1787543,129,1
1787908,130,3
1788186,1045,4
1788194,32,3
1788227,1296,1
1788232,132,4
1788251,313,1
1788275,2358,6
1788310,931,1
1788339,1406,2
1788381,2428,1
1788728,33,2
1788731,455,6
1788746,1014,6
1788773,663,1
1788797,127,3
1788807,460,6
1788841,713,4
1788878,941,3
1788928,793,1
1788935,202,4
1788962,1828,1
1788990,106,6
1789372,484,3
1789416,1049,3
1789439,1261,5
1789459,2518,2
1790298,257,1
1792318,249,1
1792363,2383,1
1793224,35,1
1793332,237,5
1793767,243,6
1794222,234,7
1794509,238,2
1794724,12632,5
1796041,58287,7
1798457,43230,3
1798664,35,4
1798965,248,2
1799980,6420,3
1804100,671,2
1804157,2472,4
1806042,44,4
1807084,14830,2
1813484,64828,2
1822944,50631,3
1822945,50592,5
1822945,50646,1
1822945,50539,6
1823030,50190,1
1823031,50123,1
1823032,50148,3
1823034,50160,7
1823035,50171,4
1823037,50188,4
1823142,50989,4
1823143,50962,3
1823143,50976,6
1823144,50978,5
1823144,50954,2
1823145,50982,1
1823145,50974,2
1823146,51033,6
1842262,40839,2
1842267,48855,6
1852697,209,1
1852710,208,5
1854162,1200,2
1856918,217,3
1857408,217,7
1858049,208,3
1867130,43229,1
1880008,18051,1
1880226,6677,3
1884246,64829,3
1885745,12363,1
1885781,265,2
1895756,36,7
1895864,31,5
1910075,50220,1
1910077,50155,4
1912186,51422,5
1912189,51357,1
1928102,37934,4
1943842,43229,5
1944526,3651,7
1949258,21190,5
1951592,3649,4
1952553,12378,2
1969699,31992,5
1971960,562,2
1978768,2465,6
1978779,1866,4
1992199,43228,6
1993398,63,7
2004197,30700,3
2009585,8814,2
2018432,9770,1
2028924,18668,1
2029233,4876,6
2030350,12260,6
2031233,346,6
2034145,34940,3
2034410,16764,1
2034416,10258,2
2037299,39282,6
2038108,4611,7
2040395,741,4
2041471,64829,5
2042289,3037,3
2042612,9850,6
2042920,12419,1
2043223,733,4
2045036,338,5
2045071,7281,2
2045092,972,6
2045115,1488,2
2045147,3801,3
2045165,792,6
2045191,2141,3
2045229,1056,4
2045266,1176,6
2045316,2009,4
2045384,466,6
2045396,796,6
2045411,962,4
2045855,2373,2
2047175,35994,2
2048560,12472,7
2049452,124,5
2049461,44,3
2049640,35,1
2050447,958,2
2050460,5340,6
2050480,1139,1
2050583,2385,5
2051401,2114,7
2051402,44381,6
2051828,238,2
2052388,236,6
2052933,2259,1
2052956,3723,3
2053020,921,3
2053025,1107,1
2053029,1600,1
2053142,239,4
2053265,30803,1
2053290,30277,4
2053788,237,7
2054094,40674,6
2054099,48787,7
2054607,238,6
2054979,77,2
2054984,188,3
2054989,631,5
2054996,108,5
2055002,334,4
2055010,1228,3
2055039,214,7
2055253,2359,3
2055914,240,1
2056541,74,4
2056556,12222,4
2056698,211,7
2056927,5194,5
2058385,43229,4
2059412,732,1
2060512,2579,3
2061377,497,2
2061532,960,6
2062047,2356,5
2062470,14779,7
2064241,213,2
2064481,312,6
2064916,33,1
2065530,3030,1
2069452,61228,1
2069797,52623,6
2071287,12131,2
2071501,2364,5
2078672,52,3
2083707,33,7
2083988,33,7
2084043,245,5
2084284,36,1
2084429,33,5
2086951,11471,2
2096858,63,5
2103151,44,3
2103283,56,2
2106771,45,7
2118787,12170,4
2120447,107,4
2120794,1295,7
2122548,1376,7
2124848,920,4
2124867,1239,2
2124882,1677,6
2124965,893,1
2125103,1136,3
2125140,1527,4
2125198,667,7
2125237,1203,1
2125271,1546,7
2125371,75,2
2125395,188,4
2125435,448,5
2125476,120,3
2125540,23433,1
2127057,1085,3
2128704,338,7
2128930,565,1
2130009,992,3
2130195,183,7
2130222,636,6
2130256,331,7
2130283,1228,1
2130332,1244,5
2130489,109,4
2131234,3039,7
2131374,112,7
2131655,116,1
2131990,18460,3
2132214,12338,3
2134506,57076,2
2134874,1243,5
2134907,642,2
2134939,1240,1
2134965,331,2
2134984,182,4
2135006,634,7
2135035,107,5
2135052,334,4
2135114,74,2
2135149,45726,3
2135435,36,6
2135746,35,4
2135963,64828,5
2136420,566,1
2136542,32216,6
2137637,558,4
2139252,18890,2
2139591,6694,2
2139800,32,3
2139874,31,7
2140005,558,4
2140141,30,5
2141192,557,7
2142423,31,4
2142526,30,1
2142681,31,4
2142780,31,4
2143090,239,7
2143241,240,3
2143753,127,2
2144654,12275,1
2144767,343,2
2145082,74,2
2145161,28,2
2145378,29,3
2145398,27,6
2145524,449,1
2145622,558,5
2145758,32,4
2146287,28,1
2146486,43229,1
2146499,1054,4
2146501,653,2
2147004,565,3
2147060,6064,1
2149375,60,1
2149522,943,6
2150809,751,4
2151755,119,2
2151940,159,2
2152389,23,3
2152841,23,4
2153296,24,6
2153568,24,2
2153582,674,3
2153621,1190,4
2153653,1519,4
2153689,1429,2
2153695,10511,6
2153714,1259,6
2153745,676,4
2153781,660,2
2153806,1160,7
2153827,1520,1
2158659,2285,6
2165390,14473,5
2171353,37772,6
2172276,2704,6
2176269,9142,2
2178352,37968,2
2178993,24,2
2179499,7275,5
2181259,9110,2
2206308,55951,1
2206970,37,3
2207015,36,1
2207045,135,7
2207722,12835,3
2207981,43230,4
2210096,1112,2
2210161,64898,4
2210183,568,6
2211156,50,7
2212226,9527,7
2213413,2273,6
2217311,64852,3
2219225,11472,2
2219437,64831,2
2219570,51447,7
2220541,12702,7
2221972,19901,3
2221976,3637,4
2222916,564,4
2224424,564,7
2226015,30,4
2226461,29,4
2227313,105,3
2227447,29,2
2228260,30,7
2228313,38651,4
2228580,30,6
2228695,31,1
2229239,30,3
2229598,30,2
2229668,29,6
2229776,563,3
2229816,855,1
2229849,859,6
2229896,896,3
2229913,800,3
2229958,887,1
2229977,1112,2
2229999,1495,5
2230044,91,2
2230074,78,1
2230122,115,1
2230141,121,2
2230174,270,1
2230201,273,2
2232895,39,6
2233031,37,1
2233651,214,6
2234139,627,6
2234254,12759,6
2234718,335,2
2234911,610,4
2234931,626,6
2236252,48,5
2238275,2849,4
2238671,626,7
2239787,101,4
2240290,9205,5
2242729,59,1
2242843,55,2
2243559,61,4
2244950,37483,7
2244990,27511,3
2245242,1273,1
2245652,40,5
2246482,88,2
2247006,17127,3
2248279,109,3
2251297,32,1
2251305,32,4
2254914,110,7
2258309,6068,4
2264622,49,2
2264769,45,5
2265118,1651,2
2265207,44,2
2265374,43,3
2265479,41,6
2266123,37950,2
2266285,51,6
2266706,899,7
2266878,51,2
2267100,118,6
2267615,140,6
2268020,150,5
2268173,527,5
2268355,74,2
2269547,221,5
2270726,622,3
2270900,506,4
2271791,377,5
2272363,283,3
2272513,762,3
2272827,1174,4
2273883,588,5
2274328,1304,6
2274760,666,4
2275912,412,4
2276667,537,6
2285990,43559,5
2290281,27034,3
2290510,2732,3
2290963,17037,6
2294255,18644,1
2294384,53954,1
2294482,605,5
2294498,425,4
2294506,417,3
2294524,400,2
2294615,3990,5
2294945,36,1
2295066,41,6
2295167,495,7
2295224,524,2
2295436,999,7
2295618,4333,3
2295663,767,2
2295810,620,3
2296425,1568,4
2296432,632,7
2296434,26,5
2296589,1237,7
2296609,1006,5
2296642,1146,4
2296660,2099,1
2296675,953,4
2296688,1116,2
2296705,2100,7
2296752,67,5
2296768,127,4
2296782,352,2
2296917,570,5
2297400,1010,4
2297639,2050,1
2298062,24,7
2298070,1229,7
2298219,2316,2
2298254,8637,7
2298433,1536,7
2298607,20419,1
2299820,533,4
2300026,53,6
2300178,76,7
2300474,110,5
2300510,533,5
2301201,97,2
2301525,566,1
2302264,1241,6
2302281,642,6
2302460,797,1
2302824,78,5
2304141,64823,7
2305382,97,7
2306588,183,6
2307807,4271,4
2308114,1585,7
2308135,31,1
2308327,30,2
2308663,31,7
2308729,34,2
2309324,1692,1
2309926,38,6
2310354,45,7
2311028,8632,5
2312876,16125,4
2316029,1641,2
2316718,1829,2
2317264,64833,4
2317450,3943,1
2317762,366,5
2317793,8302,5
2318593,2738,6
2321709,29537,2
2322045,5495,7
2323504,43229,7
2324073,85,3
2324693,36,3
2324704,83,5
2327390,561,5
2329962,59364,5
2330071,71,3
2330787,11347,2
2331172,57670,7
2331338,36022,5
2334946,2327,6
2339817,66,4
2341504,33033,6
2352339,802,1
2353515,1179,7
2353521,1308,3
2353882,1179,7
2362992,4544,5
2363194,4545,5
2370570,10369,1
2373844,1382,4
2376829,4898,5
2377508,5305,3
2377916,55939,6
2378192,16963,1
2378808,47435,5
2378935,3295,7
2380472,24,7
2380623,23,4
2380844,23,4
2381268,4203,7
2383263,1525,3
2384296,34,4
2384482,66,4
2384655,31,6
2384874,1331,1
2386075,143,6
2386518,26573,6
2386693,25,5
2386871,64528,4
2387267,35,3
2387521,3642,4
2388845,31,4
2388930,32,4
2389023,29,3
2389172,29,6
2389585,45167,1
2389633,31,2
2390100,29,6
2390496,53110,2
2390518,33,6
2390905,66,3
2391294,29,2
2391511,64835,3
2391606,1959,5
2391996,32,7
2392104,36,1
2392298,28870,4
2394624,38,7
2395016,1497,6
2395651,51,3
2395972,5058,6
2396165,8264,7
2397139,10993,1
2397181,21628,7
2397189,34,7
2397277,31,2
2397455,31,2
2397515,31,3
2397660,29,7
2397826,31,1
2397870,29,3
2397966,30,2
2397982,34,6
2398245,30,1
2398535,32,7
2398901,52,1
2399251,37,4
2399405,508,3
2399661,38,4
2399728,649,1
2399776,30,5
2399913,31,7
2399923,784,2
2400051,54,1
2400397,1361,4
2400486,33,5
2400556,29,6
2400766,22,7
2400814,31,5
2400880,29,5
2401005,1305,5
2401027,29,6
2401103,29,6
2401184,29,4
2401272,31,3
2401492,54,4
2401530,1828,5
2401951,59,3
2401951,58,3
2401951,71,3
2401952,60,3
2401952,61,3
2402359,186,4
2402854,23,7
2403044,23,1
2403189,36,7
2405728,2286,5
2406108,31,3
2406114,211,3
2406941,34,3
2408274,417,1
2409499,104,4
2410673,42262,4
2412588,570,1
2415802,63,5
2420019,136,7
2426103,565,7
2427796,988,6
2428320,46266,4
2435602,19866,2
2451561,187,4
2453902,185,3
2454545,39510,5
2455760,72,7
2466781,52,7
2467008,199,4
2467197,1833,6
2472586,369,5
2476215,29,2
2476301,28,7
2476523,2667,2
2476537,29,2
2476690,29,3
2476862,53713,1
2476914,30,6
2478252,29,1
2479492,30,3
2479776,30,3
2480036,30,4
2480049,308,5
2480215,30,7
2480447,146,2
2480716,148,1
2480737,9679,4
2481394,636,7
2482111,77,6
2482276,5438,4
2487713,1267,2
2488144,13435,1
2488439,52426,6
2491395,21630,2
2494525,17473,5
2495321,641,3
2513271,1268,3
2513334,5485,2
2513360,3664,2
2513364,3067,6
2513366,1865,1
2524716,6763,4
2526047,43249,2
2554669,186,5
2555936,53115,4
2571002,234,4
2571247,1846,4
2572774,19269,1
2573089,1270,3
2573387,2445,4
2573449,2444,3
2573467,1272,5
2573915,8431,1
2574597,2444,6
2576318,14080,2
2576707,1247,5
2578007,54204,4
2578192,57723,3
2580873,3644,2
2581222,1843,1
2581239,2443,7
2582406,3044,1
2582419,1846,6
2582437,1245,4
2582552,28768,3
2586207,4494,2
2586347,1247,7
2586366,1850,2
2586379,1245,7
2586398,1844,1
2590597,297,7
2597323,64824,6
2601399,1871,2
2602363,1872,3
2602376,1272,4
2602404,2375,3
2605785,172,4
2608429,1245,7
2610857,1845,2
2613045,2444,1
2613599,38194,6
2615824,1844,5
2617999,1843,3
2620294,1843,4
2620806,28971,7
2622468,1842,4
2624644,1844,6
2626818,1845,5
2629114,2445,7
2631894,144,3
2632377,141,4
2632861,142,1
2633344,143,5
2633828,144,2
2634312,142,5
2634795,142,6
2635278,145,5
2635419,502,5
2635706,46,2
2635761,173,7
2635866,45,4
2635970,61829,6
2636245,174,1
2636850,179,4
2637454,178,5
2638059,174,6
2638542,171,5
2639147,168,6
2639750,167,1
2640234,170,7
2640838,168,4
2641411,31,6
2641442,177,5
2642046,169,6
2642651,167,6
2643256,171,3
2643739,169,4
2644343,169,6
2644949,175,4
2645433,167,6
2645916,172,7
2646520,168,1
2647004,168,5
2647488,168,1
2651451,17034,3
2653934,40,7
2655658,24,7
2656261,2460,2
2660140,3047,2
2660833,49870,5
2662021,6222,4
2663603,22,7
2663637,3052,3
2665682,414,3
2666418,1497,4
2666488,1389,2
2668799,812,1
2670385,140,2
2670567,690,7
2673591,404,1
2674326,188,1
2674688,53,4
2674893,170,5
2675370,288,7
2675846,229,3
2676182,175,1
2676462,895,6
2678634,231,1
2679023,175,5
2681904,694,2
2683451,64838,1
2696153,36036,2
2719683,64825,2
2719690,64826,1
2719756,13576,4
2724405,53552,1
2729805,450,4
2730521,518,4
2730891,1835,1
2731904,493,2
2731975,1250,6
2733003,781,7
2733587,10831,5
2733659,15634,3
2733840,644,7
2734871,346,5
2734871,109,1
2737748,15005,2
2738780,33,2
2739255,30,5
2739539,32,3
2739644,54,4
2739681,31,3
2739735,3238,5
2739892,31,5
2740133,31,3
2740648,31,4
2740808,763,6
2740878,19986,7
2741687,2262,1
2745085,6508,1
2746754,43230,3
2747175,35,1
2747466,31,6
2747898,2434,2
2748186,936,5
2748792,456,5
2749486,582,3
2749820,565,3
2749920,104,4
2750671,105,6
2751031,106,1
2751416,23,4
2751532,42,1
2752193,422,6
2752358,108,1
2752646,44,2
2752730,37,5
2753228,1229,6
2753303,42,7
2753308,35,3
2753484,42,7
2753671,567,7
2753772,590,1
2754169,2643,5
2754205,31,1
2754346,38,2
2755335,64836,5
2755459,36028,3
2755459,35497,3
2755460,33873,1
2755460,32243,6
2755461,30636,7
2755461,28945,2
2755462,27426,1
2755462,25799,2
2755463,24219,3
2755464,22635,5
2755464,21042,3
2755464,19515,6
2755465,17892,2
2758923,6031,3
2761263,32,1
2761376,31,7
2761535,87,2
2764567,34,3
2766775,8808,4
2766776,9690,5
2766776,10560,4
2766777,11418,3
2766778,12265,1
2766778,13116,4
2766779,13940,3
2766779,14775,6
2766779,15586,6
2766780,16382,4
2766780,17157,4
2778605,53690,7
2778738,52924,4
2783359,2744,6
2784437,1863,5
2789528,1256,2
2792839,963,1
2793850,2375,6
2796276,49,4
2796354,26773,5
2807867,43230,6
2811552,5263,7
2811555,7919,7
2813033,798,5
2813037,107,5
2813686,1409,4
2813819,1829,6
2814285,105,6
2814558,104,5
2814724,40,6
2815168,40,1
2816155,605,2
2816495,40,2
2816583,620,4
2817329,615,6
2818074,39,6
2818685,817,6
2819368,38,6
2819477,35727,5
2821060,47,2
2821593,41,5
2823505,36,6
2824319,33,5
2824784,24,2
2825080,615,6
2825160,13582,2
2825187,6367,5
2825219,13339,4
2825254,7958,7
2825280,16338,3
2825310,16545,6
2825342,125,4
2825370,119,6
2825402,127,5
2825434,113,7
2825462,107,1
2825495,89,4
2825653,36,1
2826479,42,7
2826646,2160,6
2826905,64833,4
2827257,38,1
2828586,43,2
2828722,30,7
2828807,44,1
2830047,6905,7
2833045,34,2
2833652,3636,3
2834124,35,7
2835082,47,5
2835376,43,3
2835528,37487,6
2835744,33,1
2836265,33,6
2836454,32,6
2836533,33,5
2836615,33,5
2837513,29,3
2837568,31,3
2837626,32,3
2837817,33,2
2838033,29,7
2838170,29,5
2838477,33,1
2838806,30,3
2839140,33,6
2839295,33,1
2841440,33,3
2841444,106,6
2841509,43,2
2841573,104,3
2841617,211,1
2841781,104,6
2842201,53645,2
2842211,53706,4
2843002,40,6
2844274,41,1
2844776,156,2
2849319,64823,2
2854634,83,3
2854704,204,5
2854739,221,2
2854767,202,7
2854798,213,7
2854830,185,2
2855657,32324,2
2858998,99,7
2859007,119,5
2859038,115,7
2859069,125,6
2859100,45,7
2859132,78,2
2865357,41,5
2867554,62938,7
2868833,26580,1
2870062,15696,2
2888856,13560,5
2888885,6254,6
2888914,13273,7
2888945,7942,5
2889077,77,6
2891187,64580,7
2891664,43230,3
2892147,16243,5
2892179,16511,4
2892707,11419,5
2895792,48470,6
2896875,201,3
2897997,46,5
2898038,45,3
2898104,13832,7
2900911,4272,2
2901074,34047,7
2902923,38,6
2904922,40,5
2905025,53624,2
2905031,53229,2
2905215,64835,5
2906626,31,7
2906905,32787,6
2907435,30,1
2908942,44,4
2911351,106,7
2911425,1559,6
2911587,104,2
2911899,33153,6
2912558,8713,5
2912720,36,7
2912977,775,7
2913064,105,3
2913300,34,5
2913547,32,6
2913938,65,2
2914334,31,1
2914398,33,2
2914514,32,7
2914639,31,5
2914724,32,1
2914760,37,7
2914836,33,7
2914997,37,7
2915025,35,2
2915074,35,6
2915214,31,6
2915340,30,5
2915356,31,7
2915650,32,4
2916161,31,1
2917785,36,6
2918114,8944,2
2918764,954,1
2919444,29,4
2919491,951,4
2919804,35,2
2920229,31,4
2920343,1827,5
2920419,34,6
2920747,31,1
2920873,1546,2
2920938,32,2
2921247,38,6
2921331,25,7
2921472,1828,6
2921897,30,1
2921963,8871,2
2922352,2047,6
2922831,3627,4
2922932,3628,7
2923068,12031,5
2923072,31,7
2923216,1043,1
2923282,1332,4
2923359,31,5
2923482,30,1
2923572,30,1
2923663,31,5
2923737,30,1
2923768,33,4
2923856,31,7
2923908,30,1
2923953,30,2
2924121,32,2
2927487,30,1
2928289,30,5
2928650,3264,5
2928964,30,4
2929299,32,1
2929428,31,1
2929499,31,2
2929547,34,4
2930032,30,1
2930155,31,7
2930276,30,3
2930392,30,4
2930465,31,4
2930634,29,3
2931024,31,2
2931398,31,1
2931562,30,4
2931937,31,4
2932328,35,4
2932538,31,7
2932624,887,4
2933897,31,5
2934630,31,6
2935078,30,3
2936661,44,2
2936866,43,6
2937270,44,2
2937609,30,4
2937735,129,6
2937888,29,6
2938068,31,4
2938487,61,1
2940299,8103,3
2943113,64830,2
2956577,38596,3
2956949,53,2
2976287,64575,6
2981286,24,4
2987134,43230,1
2987203,1655,4
2987467,4335,5
2987862,28,4
2989310,27,1
2989612,945,2
2989788,1152,1
2990125,54162,6
2990132,53257,6
2990556,73,1
2992180,1218,2
2992630,1295,6
2993096,100,6
2993198,1276,5
2993258,1861,2
2993360,93,7
2993500,135,1
2994044,5440,1
2995712,1481,4
2996269,51416,2
2996963,59,7
2997372,64832,4
2997439,784,5
2997745,3179,1
2997796,5437,4
2998154,30510,4
2998916,813,1
2999091,1014,7
2999199,1137,4
3001612,10838,4
3002047,1133,6
3002076,970,3
3002175,954,4
3002252,922,6
3002449,1408,6
3002503,1005,2
3002573,1824,2
3003429,177,1
3003718,12638,7
3003750,36,4
3004387,37,4
3005208,31,4
3005583,85,2
3006858,5666,2
3006996,30,7
3007589,30,1
3007643,46,1
3007768,48,7
3007967,106,5
3008231,226,2
3008427,1327,4
3008461,1080,5
3008472,33,7
3008490,1413,3
3008572,1333,4
3008579,104,5
3009311,24,5
3009352,104,1
3009474,105,3
3009531,86,1
3009633,104,5
3009714,101,1
3010012,17009,7
3010019,18621,6
3010049,15811,6
3010081,10795,3
3010113,16305,5
3010182,101,1
3011147,106,1
3014922,1835,2
3017020,7587,2
3017707,64,4
3029857,188,3
3030073,246,1
3030463,868,1
3030691,10253,2
3036912,6573,7
3043899,217,4
3046195,52983,3
3046201,53297,1
3047539,37538,7
3075639,50,4
3075880,64834,3
3076013,28120,3
3078107,204,4
3079626,17175,6
3082118,162,4
3082404,1310,6
3086627,2488,2
3093936,31,5
3094064,1085,4
3095264,240,6
3095643,722,3
3096454,312,2
3096854,255,3
3097104,10830,3
3097539,312,6
3097978,312,3
3098429,314,6
3098492,53450,3
3098586,33546,7
3098735,14748,4
3098799,1757,1
3098841,303,3
3098847,1628,2
3098922,3690,4
3098959,64839,7
3098997,45857,1
3100599,53680,4
3100607,53859,4
3103028,3099,1
3104895,32,7
3107635,534,3
3107733,410,3
3107766,479,5
3108272,310,1
3108349,3084,7
3108950,44,4
3109180,43,5
3109653,239,2
3109734,95,1
3110165,240,1
3110420,93,6
3110677,717,5
3111430,244,6
3111508,93,5
3111731,480,6
3111882,2784,3
3111960,3720,2
3112023,4563,1
3112081,30,4
3112243,2715,6
3112258,94,7
3112325,304,7
3112452,30408,2
3112706,295,2
3112719,437,2
3113138,287,3
3113823,94,6
3114332,142,1
3114443,429,3
3114530,95,6
3116167,408,7
3117105,407,4
3117979,300,6
3118359,2402,6
3132905,3080,1
3135274,55632,2
3162450,99,7
3162820,37,7
3163114,39,2
3163276,39,2
3163497,94,3
3163861,94,4
3164143,203,7
3164303,3084,6
3164398,104,7
3164998,98,6
3165199,98,7
3165327,99,7
3165689,134,1
3165950,265,7
3166415,266,4
3166813,313,6
3167212,3626,3
3169796,43228,2
3174666,31230,6
3177233,7004,5
3180547,42269,2
3181294,166,4
3181877,9032,5
3182706,3087,6
3183698,1868,6
3184241,8743,3
3184659,9967,4
3185500,146,6
3186096,915,1
3186659,849,6
3186767,836,5
3190415,3094,2
3191390,47597,4
3204068,18870,5
3205841,3088,4
3208842,19830,7
3210674,37,1
3212333,58,4
3214633,8156,5
3215515,4273,7
3222875,4323,1
3230338,948,5
3230348,42190,2
3231338,2369,7
3233798,583,3
3234670,64829,6
3236699,46478,6
3238293,303,4
3238769,31,4
3240250,43229,3
3241919,2912,4
3242475,39,2
3242484,3153,1
3242517,504,4
3243915,9031,3
3244101,1838,7
3245524,3099,6
3246666,8824,7
3246890,16181,4
3247639,1955,2
3248168,5431,5
3249845,43,2
3249967,53322,5
3249979,52687,7
3250310,1680,4
3250980,35,5
3251176,58723,3
3252787,38,1
3253586,30,2
3254452,4872,6
3255450,2438,7
3255944,9032,3
3256160,35,4
3256421,31,7
3257711,670,6
3258176,7952,2
3259159,658,4
3259174,662,7
3259176,673,1
3259180,676,4
3259840,2417,1
3259842,2420,2
3259845,2443,6
3259847,2447,5
3261103,3629,3
3261897,43222,1
3262602,44,7
3263205,104,2
3263238,5050,2
3263251,43,7
3263761,104,6
3263938,37,7
3264460,46,3
3265166,37427,6
3267160,6293,6
3267453,34,4
3268442,2565,2
3268709,45,3
3268720,44,5
3268722,44,3
3268732,43,6
3268740,43,5
3268741,44,4
3268748,43,4
3268835,32,3
3269014,34,3
3270286,43,6
3271732,44,7
3271906,44,5
3272219,33,3
3272327,33,1
3273191,3756,4
3273272,3287,5
3273451,44,6
3273454,1790,7
3273696,44,3
3274240,43,7
3274891,1943,6
3275859,33,2
3275937,43,5
3275946,477,1
3276038,40,4
3276182,140,5
3276835,36,6
3277425,33,1
3277559,31,6
3279508,32,1
3279936,30,3
3281413,36030,6
3282190,8791,4
3284645,348,2
3284812,167,4
3285125,227,7
3285352,826,4
3285354,196,5
3301057,36194,2
3301143,32629,7
3307613,758,1
3308255,721,5
3310396,76,6
3310629,291,7
3324427,1487,3
3327549,43229,5
3328536,2427,2
3329468,767,2
3330612,3973,4
3331373,5444,2
3331608,33,2
3331706,32,4
3331830,31,5
3332133,91,4
3332150,352,4
3332351,64581,6
3333924,86,5
3334221,36699,6
3334368,33,6
3334546,159,2
3334801,64832,2
3334881,45,3
3334964,12641,3
3335503,34,6
3335593,2442,2
3336144,2796,6
3336159,9620,7
3337680,39,4
3338148,16836,1
3338326,37640,2
3338328,104,7
3339044,30,6
3339295,30,4
3339486,53027,5
3339674,98,4
3340230,104,3
3340933,104,7
3342757,3741,3
3342796,157,5
3343038,1952,4
3343655,8684,1
3344633,32,5
3346551,104,7
3346560,33,5
3346617,34,2
3346675,31,3
3346746,33,1
3346820,30,2
3346928,59262,1
3347225,11576,4
3347501,30,1
3348434,1356,6
3349794,32,6
3350162,122,3
3350170,103,3
3350252,30892,7
3350389,5107,1
3350415,7549,7
3350851,3156,2
3351615,2439,5
3351972,36,3
3353528,32,5
3353565,42,5
3353662,94,3
3354125,5700,6
3355387,54,4
3355776,30,7
3355839,106,5
3355842,31,4
3355852,1463,4
3356061,31,5
3356631,31,2
3356722,31,2
3357031,31,3
3357080,1354,3
3357386,31,3
3357406,32,7
3357814,31,5
3358514,55,2
3358577,41,5
3358756,33,4
3359088,8036,1
3360828,1837,2
3360829,8716,5
3361097,38,2
3361399,33,3
3361725,30,3
3361787,31,7
3361841,104,6
3361988,30,6
3362195,44,1
3362196,167,3
3362363,32,7
3362368,33,5
3362711,33,2
3362891,186,4
3363239,31,3
3363444,31,7
3365753,44,3
3366201,108,6
3367892,32,4
3371845,21342,1
3372728,43229,3
3377461,33,7
3377833,10831,4
3377841,269,4
3378693,27469,4
3379197,888,7
3384380,65,3
3386473,7381,5
3389068,10830,3
3393594,53,6
3396041,4373,3
3400821,52,1
3401149,53,5
3404399,10830,3
3410411,64528,2
3414987,923,7
3415624,10830,6
3415887,8721,7
3416000,11823,3
3417016,8323,7
3417086,43230,7
3417685,11010,3
3419469,34,1
3419497,155,7
3420111,64837,7
3420269,64840,3
3420531,30,5
3422068,102,6
3422590,52945,1
3422598,60028,3
3422694,213,1
3423838,40,5
3425506,47,6
3425767,38092,1
3427240,173,1
3427673,101,2
3427869,37611,2
3427920,89,2
3428162,88,6
3428780,64831,6
3429109,83,7
3429521,115,4
3429737,8707,2
3429904,79,2
3430225,77,1
3430447,56561,3
3430540,77,1
3431097,115,2
3431354,8654,4
3431542,35,7
3432769,31,2
3432855,120,6
3433917,119,3
3435356,117,4
3436444,31,6
3436482,966,7
3437838,5390,3
3438548,64830,1
3439456,306,1
3439721,62,2
3440132,65,5
3440210,59,3
3440319,64539,4
3440632,249,3
3440933,155,6
3441074,569,6
3441911,1198,4
3442029,1168,3
3444604,1835,1
3445436,1040,7
3445671,960,4
3445814,33,5
3448969,1183,6
3449528,638,2
3449908,38824,2
3450516,1757,4
3450766,1762,6
3452007,74,5
3452328,71,4
3452565,70,4
3452980,244,1
3453058,158,2
3453100,133,7
3453130,108,6
3453242,6960,4
3453290,7122,6
3453309,7236,7
3453312,4302,5
3457777,3036,5
3458376,27571,5
3462063,2436,7
3465301,1023,4
3465419,3040,4
3467505,1016,3
3468202,14213,1
3469181,284,4
3469562,107,7
3469854,40,5
3470932,42408,5
3471298,64829,1
3497824,2437,6
3498424,64582,6
3502556,162,7
3503872,43231,3
3504205,21433,3
3505764,5690,4
3505942,64833,3
3506125,7516,5
3506689,64838,3
3506881,64838,2
3508062,1398,4
3509376,53432,7
3509385,62936,3
3509397,56595,3
3509495,4227,1
3514379,331,1
3515665,12652,6
3516671,38,3
3517158,1837,7
3517482,967,2
3520294,32431,2
3520732,35,6
3521622,36,4
3521751,31,1
3521891,31,1
3522384,56,1
3522549,266,7
3522713,564,1
3523206,32,5
3523444,339,1
3523777,1837,4
3524116,1300,6
3524207,33,3
3524567,31,5
3524839,30,2
3525015,30,1
3525139,10418,3
3525261,31,4
3525274,14565,3
3525484,30,1
3525637,268,4
3525833,31,2
3526397,266,6
3526901,8795,7
3527484,266,4
3528224,387,6
3528289,267,5
3528885,266,3
3529090,34,6
3529196,397,6
3529365,30,2
3529706,298,5
3529916,30,3
3530259,270,2
3530320,31,1
3530557,1280,1
3530560,30,5
3530755,31,1
3530923,258,2
3531263,301,5
3531890,313,7
3532170,1184,4
3532287,1295,7
3532323,31,6
3535699,33,1
3539051,12656,2
3545734,2251,2
3548089,54672,4
3562944,17645,5
3578489,36,1
3579128,49,3
3579644,34,3
3580089,30,4
3580296,33,4
3580455,33,7
3580894,102,1
3581461,28443,4
3581639,83,7
3582540,43229,7
3582855,232,1
3586248,328,6
3593916,37,2
3595441,52451,4
3595626,56642,6
3595725,62846,5
3595809,64832,3
3597170,9739,7
3598897,308,6
3600144,64595,3
3600610,32,7
3604014,31,4
3605315,1289,1
3607249,176,5
3608892,327,4
3609185,64834,4
3609930,37256,7
3609938,25153,1
3611930,311,3
3613342,1554,4
3613355,208,4
3614934,6358,3
3615316,33,3
3616141,1258,5
3622692,23,7
3622867,24,6
3624495,24,6
3624768,24,4
3624877,24,1
3624880,1238,7
3624965,23,1
3625085,24,2
3625364,23,2
3625527,23,2
3625648,24,4
3625692,24,1
3625760,23,6
3625805,24,1
3638723,2436,2
3641733,1840,2
3644141,2434,3
3647148,2435,1
3649565,15200,7
3649569,3190,2
3650157,1235,3
3651963,1834,5
3653841,3414,3
3654369,1239,7
3656173,1836,5
3657310,5100,1
3658582,636,5
3659786,635,5
3660989,1838,2
3662492,15500,5
3663396,1239,3
3665054,115,1
3665165,7013,5
3665201,1836,4
3667609,9639,3
3672216,5772,5
3673560,18632,1
3677845,635,6
3678671,74,2
3678736,12072,3
3678742,12077,4
3679050,1834,5
3681456,1235,1
3682163,228,6
3683136,341,2
3683260,1240,6
3683741,73,3
3683780,7014,1
3685067,1235,4
3685384,27003,7
3686874,2436,6
3689881,1236,6
3690895,117,6
3690900,118,7
3690905,62,3
3691005,742,3
3691014,753,6
3691019,2199,6
3691690,1839,2
3692137,420,2
3692185,1738,2
3692470,38200,2
3692623,24723,4
3692643,602,4
3692895,27834,7
3693297,64833,3
3693310,42979,3
3693729,14692,2
3693749,20273,6
3693841,26593,3
3694102,1835,6
3703726,1839,4
3704787,52407,3
3704956,55591,7
3705371,62493,3
3706387,9001,7
3710918,5553,3
3713300,25498,3
3716916,37310,3
3717417,64850,5
3719965,1835,1
3720789,1073,7
3722395,1070,5
3724177,3036,7
3726296,56,6
3726392,83,2
3726600,1019,7
3727243,14428,6
3727787,79,2
3731398,79,1
3732000,79,5
3732602,78,6
3733204,77,7
3733806,77,7
3734409,79,3
3735011,78,6
3735613,77,2
3736216,79,5
3736818,87,2
3737420,84,1
3738023,86,2
3738437,211,7
3738625,78,7
3738633,38172,2
3739228,80,3
3739830,75,4
3740432,77,5
3741034,73,7
3741636,74,2
3742238,76,1
3742839,76,7
3743441,77,1
3743815,7319,1
3744043,85,7
3751186,33788,4
3751864,86,5
3754872,84,4
3755474,94,5
3756076,84,1
3756677,83,2
3756768,38173,5
3757280,83,7
3758770,32,1
3758857,31,4
3759745,31,3
3760428,110,2
3760727,81,2
3760833,64,5
3760955,52,1
3761863,8766,3
3768710,85,3
3769650,64016,4
3771062,18214,2
3775065,39,3
3775130,53061,3
3776273,64853,3
3776699,4723,1
3777393,61962,2
3777743,1837,1
3778453,20510,2
3779790,43229,2
3781555,49,1
3781606,4214,2
3783426,45,6
3783979,46,3
3784170,46,5
3784194,46,7
3784362,45,5
3784684,42,3
3785233,82,5
3785335,61,2
3785469,56,4
3785606,45,1
3785668,57,4
3787543,48,2
3789063,58,3
3789305,43228,5
3789493,59,3
3789592,51,2
3790579,51,7
3790918,53,1
3792133,54,6
3794113,54,7
3801789,11424,6
3806547,38145,5
3818095,62743,5
3818104,2613,4
3818109,2604,4
3820212,329,3
3820775,37984,5
3820782,23556,7
3830159,1338,3
3840105,661,7
3840826,38281,5
3845383,35446,7
3845793,76,4
3846078,70,7
3846921,4440,3
3847867,45,5
3848248,1624,2
3848946,64831,1
3850375,29,6
3850424,748,4
3852421,3743,2
3853113,27701,6
3853126,44,2
3853417,24633,6
3853571,1258,6
3854070,42,4
3855567,42,1
3856636,17697,5
3856657,14395,7
3856676,55,2
3856730,19883,4
3857630,75,6
3857918,64837,6
3859568,20873,4
3859751,20686,7
3860417,26,1
3860730,64853,5
3861098,10552,1
3861591,25,4
3861743,24,4
3861818,24,7
3863050,37,3
3863183,789,3
3863479,33,2
3863864,110,5
3864344,123,1
3864761,1828,6
3864994,24,6
3865582,3708,3
3867317,34,6
3872292,4731,6
3872302,7660,5
3872912,2106,1
3873094,8772,2
3873189,920,3
3874613,111,4
3879589,39,3
3880169,36,1
3881156,53513,3
3881341,138,2
3881392,10064,4
3881424,38,1
3882850,1703,1
3883453,43,3
3883584,31,2
3883651,55483,1
3885206,209,3
3885439,38,3
3885546,35,4
3885771,31,7
3885883,31,1
3886018,31,4
3886147,37,6
3886212,206,6
3886916,68,2
3887009,387,6
3888906,23,6
3888952,23,3
3889237,30,3
3890157,8767,4
3890362,8965,5
3895836,30994,3
3896834,40,2
3898465,3752,3
3899069,59764,6
3899123,36,5
3901025,60024,7
3903755,2251,6
3903872,64832,2
3903912,37866,7
3905470,24424,7
3906866,31152,3
3929878,44,5
3930512,34,7
3930881,41,2
3930997,31,5
3931020,34,5
3931335,2026,6
3931396,34,2
3931574,35,7
3931598,30,1
3931703,36,6
3932206,108,7
3932213,107,2
3932474,59,3
3932570,108,3
3932574,107,5
3934168,33,3
3934269,33,7
3934879,3972,7
3935484,117,2
3935488,107,1
3935643,34,3
3935808,89,6
3935814,1428,7
3935883,121,5
3935927,38089,4
3935932,36,7
3936210,42,2
3936434,1220,4
3936448,90,1
3936618,41,7
3936651,89,5
3937239,35,1
3937438,239,2
3937714,27,1
3937718,37,6
3937781,27,7
3938068,35,7
3938466,36,5
3938836,819,3
3938884,794,2
3939064,679,7
3939793,23252,2
3939966,22486,5
3940681,1219,7
3940881,27733,2
3940950,39068,1
3941840,2439,5
3941860,118,1
3941867,106,7
3942042,2306,5
3942354,315,4
3942381,55,4
3942507,27,2
3942511,24,7
3942592,23,2
3942677,161,3
3943012,23,6
3943033,52606,2
3943042,55805,6
3943061,188,2
3943267,75,3
3943373,322,4
3943480,405,6
3944833,2670,2
3945571,37976,7
3945669,30,2
3945746,30,6
3945812,69,4
3945819,37,5
3945896,242,4
3946391,71,1
3946398,322,7
3946571,70,5
3946630,29,5
3946683,5427,1
3946845,25,6
3946929,321,3
3946958,69,2
3947126,68,2
3947142,322,2
3947406,23,5
3947467,238,2
3947469,321,2
3947541,23,1
3947616,23,5
3947748,47,1
3947855,235,1
3948116,321,3
3948394,8740,2
3948433,244,2
3948582,38,4
3949083,72,5
3949807,3587,7
3949881,109,7
3950017,369,4
3950057,84,4
3950369,33,6
3950469,4830,7
3950787,2178,7
3951735,241,3
3952050,30,5
3952236,30,7
3952352,264,6
3952585,1397,1
3952763,979,6
3952975,2676,4
3954896,1174,6
3955077,33,7
3955184,70,7
3955269,236,7
3955407,64832,3
3955762,220,1
3956026,124,3
3956348,33,3
3956354,33,1
3956388,142,5
3956456,338,1
3956837,35,1
3956892,32,7
3957225,105,2
3957295,35,1
3957417,138,3
3957677,311,3
3958112,46,7
3958170,141,7
3958258,35,5
3958654,21636,2
3958763,34,4
3958767,34,4
3959601,8808,4
3959968,8802,3
3959995,8731,3
3960086,1206,5
3962402,327,6
3962489,8704,4
3962509,125,7
3962642,8758,4
3962662,37,6
3962675,8790,3
3962727,55,2
3962906,90,2
3963138,8760,1
3963169,8748,5
3963629,32,1
3964686,8756,2
3964978,1167,3
3965028,25555,7
3965865,8777,5
3965896,8773,3
3965925,8729,3
3966215,37,6
3967216,3754,2
3969110,32,4
3969207,44,1
3970740,42,5
3970974,36,6
3971562,42,6
3972063,38,7
3972199,129,2
3972364,35,5
3972398,125,5
3972560,33,4
3972671,30,6
3973127,127,3
3973597,746,6
3973767,1423,7
3974468,29,7
3974648,9030,6
3974968,59,5
3975108,222,3
3975263,61229,3
3975374,66,4
3977561,5123,6
3984198,38188,5
3984944,31,1
3987587,102,1
3987746,183,5
3987989,40,2
3988064,102,6
3988164,140,2
3988335,64851,1
3989453,33,2
3991823,41583,2
3991916,26162,2
3992124,25464,1
3992807,100,1
3996429,21676,3
4005640,9763,6
4016928,39,1
4017943,650,3
4018383,4916,3
4019267,35,6
4019450,52616,1
4020364,53,3
4020614,53,6
4021056,2682,2
4021073,2661,4
4021104,2639,3
4021135,2675,4
4021224,45,2
4021319,2504,6
4021348,2482,6
4021379,2472,3
4021410,2462,4
4021441,2448,1
4021472,2429,5
4021540,48,1
4021978,45,6
4022212,44,4
4022405,1847,7
4022637,45,1
4022845,1681,2
4023083,46,3
4023250,29,2
4023272,43,3
4023293,8774,4
4023423,44,4
4023619,45,1
4023742,49,3
4023877,43,1
4024064,42,5
4024203,44,3
4024312,43,2
4024542,3749,1
4024770,44,3
4024922,8739,6
4024936,8382,6
4024969,10227,7
4025000,8873,5
4025031,8407,5
4025061,10226,5
4025347,35,7
4025482,1148,2
4025887,8432,1
4025898,8613,2
4025930,8459,2
4025958,8900,3
4025990,10227,2
4025991,35,1
4026022,8774,5
4026459,77,5
4027374,35,6
4027576,34,7
4027913,34,2
4028222,34,2
4028900,35,4
4028933,3746,5
4029203,38227,3
4029350,34,5
4029638,36,7
4030213,2200,3
4030487,36,1
4031326,63,7
4031432,601,5
4031834,3628,6
4032043,10106,6
4032265,78,1
4032375,37,1
4032442,130,7
4032783,299,3
4033443,389,5
4033531,141,1
4033900,147,7
4033925,185,2
4034060,64831,3
4034163,131,1
4034182,5656,4
4034240,32,6
4034347,36,3
4034397,1032,5
4034805,31,1
4034935,3755,2
4035100,9216,5
4035391,34,2
4035740,745,5
4036384,26,5
4036505,122,1
4036509,37,4
4036703,32,5
4036912,359,3
4037515,458,5
4037853,33,7
4038050,37,3
4038849,31,3
4038904,44,6
4038956,31,3
4039116,31,7
4039148,3743,5
4039165,39,6
4039585,192,7
4039893,1272,5
4039989,34,3
4040089,43,3
4040388,2121,2
4040393,41,1
4040606,2897,7
4040830,2002,7
4041012,42,6
4041158,43,2
4041304,39,5
4041487,2444,6
4041588,33,7
4041922,151,5
4042163,36,5
4042528,41178,6
4042688,35,6
4043489,32,1
4043848,42,3
4044181,2315,7
4044582,56,7
4044872,65,6
4045631,46,6
4045659,10229,3
4045779,66,7
4045788,3585,1
4045817,2757,5
4045846,10228,2
4045857,3763,6
4045973,36,4
4046005,40314,2
4046184,39,7
4046199,51,4
4046261,79,4
4046305,54,7
4046333,14321,3
4046425,6244,4
4046691,1095,6
4048161,34,5
4048498,35,6
4048663,33,1
4048890,137,6
4049316,1923,5
4050196,3751,5
4050339,24054,1
4050385,45,2
4050485,33,4
4050975,34,4
4051210,34,7
4051224,179,3
4051483,78,6
4051600,79,3
4052170,328,6
4052759,324,3
4052816,4309,5
4052876,268,1
4052893,59,5
4052949,32,1
4053091,14428,2
4053394,421,4
4053578,166,7
4055257,402,2
4055343,64900,2
4056314,63420,7
4056411,77,3
4057365,37982,3
4057380,52187,1
4060232,1835,2
4076141,64593,7
4077221,339,2
4103742,27036,5
4105102,61828,5
4105450,32,4
4105555,32,7
4106049,31,3
4106338,31,2
4106859,2772,7
4109068,2722,6
4109927,36,1
4110077,31,2
4110116,302,5
4111809,300,2
4112390,31,7
4113346,64831,2
4114409,217,5
4114921,32,4
4115390,52920,7
4116362,63252,5
4118084,83,5
4118423,41,5
4118604,43,6
4119166,346,2
4119205,138,1
4119208,186,5
4119514,1197,6
4121296,313,7
4121477,21629,1
4121517,64623,6
4122120,37,7
4123087,311,2
4123414,3548,5
4123657,50428,7
4123760,3377,4
4123818,3634,3
4124098,7233,3
4124357,5473,7
4124957,6642,6
4125430,39,4
4126609,32,5
4126722,39,7
4126839,43,6
4127120,41,3
4127661,1944,1
4127761,41,2
4127816,12116,3
4127832,10009,2
4127928,67,3
4129666,33,6
4129814,31,2
4130383,31,7
4130471,3635,1
4130720,75,1
4131157,668,5
4131600,167,3
4131664,3374,2
4131764,33,4
4132084,637,7
4132827,33,7
4133439,75,4
4133700,528,1
4134002,669,3
4134285,46,3
4135041,44,3
4135456,81,7
4135563,82,5
4136027,194,2
4136156,34,5
4136254,5534,2
4136343,86,4
4136566,33,3
4136973,636,1
4137015,1517,5
4137373,47,7
4137702,132,6
4137849,31,2
4138101,628,3
4138431,32,3
4138761,31,7
4138820,636,5
4139048,31,7
4139408,31,5
4147007,45,6
4147395,2272,5
4149655,35,1
4150029,34,7
4150921,120,1
4150957,209,1
4158547,64501,2
4164014,42,7
4164209,40,6
4164364,24,5
4164437,2688,1
4176511,10750,1
4178143,52057,7
4179486,40,6
4179577,33,4
4179747,34,3
4179830,39,7
4179920,58289,2
4189026,76,7
4190780,44,2
4190928,136,5
4191637,2432,1
4191774,73,6
4193177,43,1
4194577,2787,1
4195505,61344,7
4197668,23,3
4197781,3630,2
4197809,8952,4
4197897,77,5
4198134,31,5
4198359,6052,5
4198669,992,3
4198710,10747,6
4199659,1556,1
4201091,49,1
4201437,2987,5
4201524,41122,5
4201662,1420,7
4201735,51,7
4202629,49,4
4203255,3076,4
4203346,50,1
4204576,24977,7
4205653,7232,7
4205961,50,7
4206945,2151,4
4207015,32,6
4207776,105,1
4207898,31,4
4208057,104,7
4208297,45,3
4208546,42,7
4208645,47,6
4208724,103,4
4208870,41,2
4208929,47,7
4209258,42,4
4209633,35,1
4209843,34,6
4210042,32,6
4210380,35,1
4210802,8965,2
4210811,34,3
4210973,33,1
4211084,33,5
4211808,37,1
4212291,19580,2
4212952,32,6
4214714,2086,1
4216085,36,3
4216250,43,2
4216433,32,7
4216817,46,4
4216834,4590,2
4217016,34,3
4217106,34,1
4218090,1349,7
4218788,51,5
4219199,34,3
4219357,34,7
4219715,33,3
4219961,31,5
4220269,89,7
4220362,8885,2
4220692,34,2
4220862,31,4
4220970,28,4
4220976,33,7
4221329,33,5
4221711,27,1
4221797,31,5
4221885,37,1
4222025,32,2
4222158,33,3
4222645,33,1
4222696,34,4
4222713,21842,3
4222900,32,6
4223019,39,3
4223051,36,6
4223063,1047,5
4223136,34,5
4223225,35,1
4223322,35,6
4223362,34,4
4223461,34,7
4223516,33,6
4224179,71,3
4224227,69,7
4224386,459,3
4231530,1953,4
4244634,64899,2
4246729,58210,1
4246737,35309,7
4249254,62140,4
4251255,12880,2
4264175,1846,4
4266080,109,7
4266456,580,4
4267107,359,1
4267437,40,1
4267458,158,3
4267591,1183,6
4268721,476,5
4269219,263,7
4269565,350,1
4269969,372,2
4270440,542,4
4271048,592,7
4271736,182,1
4271998,133,5
4272177,437,5
4272748,335,3
4273162,883,5
4274041,13553,3
4275679,1954,6
4279383,24348,5
4284319,40897,2
4284436,1074,4
4284552,63,4
4285506,1829,6
4287718,7421,2
4293059,8722,7
4299197,40,3
4299320,37,6
4299495,38,2
4299741,37,3
4300326,37,6
4301011,216,6
4308677,64832,2
4311549,64509,6
4318080,18099,3
4330049,63028,4
4330227,92,2
4331436,64828,3
4331813,116,7
4334574,84,6
4335107,79,5
4335472,344,1
4336141,334,3
4336775,23,4
4337021,7226,7
4337119,23,7
4337279,24,1
4337590,24,5
4337815,24,7
4337898,24,3
4338073,24,6
4338172,24,3
4338821,24,2
4339618,24,6
4340225,23,2
4340716,24,4
4340804,24,4
4341434,23,2
4341694,23,4
4341771,1,3
4342527,24,3
4344410,24,7
4346217,4217,6
4350415,24,4
4350615,32011,7
4361314,1435,1
4362259,1101,7
4363642,835,5
4363866,759,4
4365351,724,7
4365428,614,3
4369466,43249,5
4375966,38,4
4376030,33,5
4376276,64571,7
4379926,1828,1
4382625,39568,3
4384641,64831,7
4401804,107,5
4404435,3623,4
4407439,57431,5
4411113,43229,7
4415602,59990,1
4422334,2435,6
4424368,133,3
4424894,958,5
4425148,6176,1
4425868,324,3
4426193,186,3
4426366,7350,6
4431321,4989,3
4435609,15046,3
4436843,6253,3
4443691,7000,6
4447622,64488,5
4450036,5427,3
4451553,8756,1
4451619,3575,2
4451780,5309,5
4452097,64832,1
4454841,43229,5
4454882,453,7
4454960,25578,2
4455095,18099,5
4455120,25458,7
4455264,2042,3
4455517,37,4
4455880,9141,4
4457379,6398,5
4457560,6225,2
4459445,10342,2
4459485,1438,2
4460507,27036,6
4461403,64811,6
4462905,298,6
4463329,3706,4
4463853,7230,3
4465137,59649,7
4465187,38,6
4465323,31,2
4465425,52030,2
4465620,178,6
4466680,2602,3
4468618,160,5
4469876,2278,2
4471023,37856,1
4472150,47818,1
4472342,1498,1
4473754,3489,2
4475265,1412,1
4475356,3701,5
4475476,1353,3
4477409,6753,4
4479099,6921,7
4480014,3674,2
4480342,3588,2
4480726,38017,3
4480827,50567,1
4482159,18098,3
4482277,60510,4
4484210,3627,1
4486029,164,4
4488152,4214,2
4492014,1265,4
4492087,179,7
4493135,2265,3
4493299,25,7
4493437,32,1
4493615,52479,6
4505751,37479,3
4509123,17432,7
4509300,188,1
4509590,210,3
4509850,505,4
4510349,6091,4
4511033,30,6
4514027,13748,1
4515107,29,5
4515305,1041,1
4516401,284,5
4516551,23,3
4516569,8511,4
4517284,612,3
4518008,254,2
4518274,390,5
4519172,1294,2
4523064,1030,3
4524210,408,6
4525214,1267,5
4525804,426,4
4527739,7830,2
4527911,11694,5
4529219,1111,6
4530231,64556,4
4530721,8197,7
4537040,2560,5
4537195,64833,6
4538272,8796,7
4538317,28,2
4538387,64833,3
4538722,63837,5
4539660,11823,3
4539662,12007,6
4539678,331,6
4540593,48741,4
4541095,56430,1
4541683,64231,2
4541687,529,7
4542274,14456,1
4542656,77,7
4542906,4366,5
4543751,8777,6
4544755,799,3
4546568,30973,4
4546631,56426,6
4546809,319,1
4547219,8708,3
4547291,52525,5
4547337,16809,2
4547672,3,3
4547677,58114,1
4547922,3224,6
4548149,33,4
4548758,2900,5
4551684,12662,7
4553832,31,6
4554052,31,1
4554454,30,6
4554773,74,6
4554839,1320,1
4554851,14431,1
4555501,24,3
4556054,2,5
4556233,32,1
4556403,1,1
4556454,1562,4
4556593,31,3
4556818,30,5
4557271,30,6
4557276,8896,3
4557551,31,7
4557591,1354,3
4557690,869,4
4558670,871,7
4558835,24,6
4559302,870,5
4560161,826,4
4561326,1831,1
4563101,24,7
4563389,1945,2
4563717,23,5
4564146,23,1
4565417,24,4
4566487,2,3
4566598,1913,6
4566929,827,1
4567101,23,6
4567196,1,2
4567284,23,7
4567518,24,2
4568504,2,4
4569790,829,5
4572466,59463,5
4572570,26,4
4572813,24,7
4572896,2,3
4573215,64828,7
4575781,1038,2
4579050,71,3
4579228,1473,4
4579541,1232,3
4579680,1290,5
4580718,8967,1
4588885,38083,3
4592419,52143,4
4595172,191,4
4599317,20426,6
4599480,2403,4
4601969,393,2
4603812,442,3
4604255,1450,4
4605722,4849,2
4607872,48,7
4610879,3349,1
4611730,419,1
4612575,6784,1
4614494,4995,2
4619470,3196,5
4620431,47520,7
4620963,47807,2
4621108,9038,6
4622648,5322,7
4623025,3819,6
4626141,64515,3
4626788,31755,7
4626896,64833,2
4626917,690,1
4627185,52569,6
4627997,663,4
4628109,21631,7
4628144,129,4
4628830,25250,2
4629693,53311,3
4630197,12443,4
4630743,52500,1
4630887,268,4
4631317,25645,5
4631371,38215,3
4631718,8423,5
4631817,3621,1
4632175,64701,6
4632222,8776,2
4633398,27,6
4634855,65,7
4635511,488,7
4636095,1520,7
4636243,21618,7
4636409,1563,1
4638741,1563,3
4640084,14429,7
4640886,2100,7
4641507,1454,3
4642011,4749,7
4642459,15709,7
4642985,64833,5
4643022,25,5
4643053,24,2
4643296,2103,5
4643469,24,3
4643484,24,6
4643508,24,5
4643813,24,7
4644416,59784,4
4644439,584,6
4644729,611,7
4644787,637,5
4644840,668,4
4644944,707,5
4645018,748,7
4645073,798,1
4652544,1093,5
4653765,1812,4
4654817,8411,2
4655178,63630,5
4655606,7233,3
4655671,1132,6
4656208,3694,1
4658529,56471,2
4659095,755,4
4659841,43423,3
4659908,1393,7
4660743,745,3
4665161,60188,2
4669062,390,5
4671625,38217,5
4689305,6613,7
4689773,63030,7
4699493,6635,7
4701993,414,6
4703197,56427,4
4703652,28603,2
4706711,280,2
4706729,38,1
4707001,1084,2
4708692,37,4
4708887,64505,4
4709570,3483,3
4709652,2986,5
4710608,9019,3
4713479,8601,4
4713498,5756,1
4713518,1300,6
4713531,803,2
4713581,697,6
4715934,63029,6
4716207,18386,5
4716812,16293,1
4718700,52680,4
4718709,1189,5
4719032,28847,5
4719106,860,5
4719880,1298,6
4720982,34,5
4721210,33,4
4721433,32,6
4721541,204,7
4721622,10382,3
4721623,478,1
4721674,670,3
4721778,899,1
4721919,682,6
4722256,173,4
4723195,52770,4
4723837,807,7
4723959,1371,2
4724281,277,6
4724426,324,6
4727568,105,3
4727825,102,7
4728543,44,4
4729009,1432,2
4729062,1501,3
4729117,1578,1
4729169,1665,7
4729257,1769,7
4729311,1822,7
4730810,2445,4
4730978,625,2
4731402,38288,2
4732144,1881,3
4732250,8765,7
4732286,39,6
4732316,47313,2
4732453,37,6
4732873,37,5
4733193,467,2
4733436,654,3
4733636,657,5
4733967,469,5
4734091,13152,2
4734312,292,4
4734422,294,5
4734670,554,1
4735493,553,5
4735807,272,7
4735832,59399,7
4736713,552,5
4741447,7060,5
4741492,3496,2
4741541,3804,7
4741578,4151,5
4741620,6016,4
4741658,4952,5
4741723,5469,2
4741771,5995,4
4744171,526,5
4744968,534,1
4745366,707,1
4745998,255,3
4746607,335,1
4746717,272,3
4747006,184,5
4747020,1553,6
4747124,1551,2
4748306,54936,4
4748648,38496,5
4748958,7030,6
4761287,55658,5
4765013,39733,1
4768337,42,7
4768421,3245,1
4768448,2957,4
4768813,13962,5
4770399,42,2
4770630,76,5
4771139,428,2
4771405,23367,3
4788760,15643,6
4788763,19859,5
4788766,253,4
4793606,46742,5
4795262,893,5
4796462,8906,3
4796601,8962,4
4797434,200,7
4801739,37241,3
4804189,64551,6
4805219,14521,3
4805286,6634,6
4805302,8216,2
4805336,1894,1
4805669,5714,1
4806093,539,4
4806850,55118,4
4807505,3051,2
4807576,3184,4
4807626,3335,3
4807676,3506,5
4807721,3704,7
4807758,3930,5
4807799,4193,5
4808885,3617,2
4809570,1885,4
4810390,7536,5
4810786,108,3
4810990,108,6
4811182,232,5
4811595,33,6
4811641,103,7
4811917,103,5
4813015,52032,1
4813024,52862,4
4814286,4630,2
4814670,10549,5
4815039,35413,1
4815042,31833,5
4815061,2436,3
4816886,58918,7
4817064,17388,5
4817466,51148,7
4818274,2141,6
4818516,8920,4
4822973,51562,2
4823578,35,2
4823904,29387,1
4823996,5276,3
4825121,3001,2
4825579,35,1
4826374,36,1
4826824,6923,1
4829889,47,7
4829895,48,7
4830481,393,5
4830667,3020,6
4833704,21636,4
4833990,26289,6
4834412,115,5
4837328,29445,7
4841842,49,1
4844360,31491,4
4851231,53,1
4851305,48,1
4851395,53,5
4851432,50,5
4851922,109,4
4852370,320,7
4852452,324,1
4853208,319,5
4853248,616,5
4856454,3639,1
4856550,14279,6
4856642,3857,2
4858217,26590,3
4859348,609,6
4866133,2838,2
4882229,60952,1
4882621,60891,3
4883163,59900,2
4883296,61830,5
4887887,74,4
4888506,844,4
4888651,842,7
4889245,38,6
4889875,16832,1
4890146,15366,1
4890425,4445,1
4890427,360,1
4890436,13232,2
4890850,240,4
4893329,78,2
4893594,50,4
4893640,1121,6
4893779,17289,7
4894052,52,1
4894363,50,5
4896018,51,6
4896689,51,7
4896948,50,7
4897230,33,7
4899888,1976,7
4900043,33,6
4900950,35,5
4901125,190,6
4901538,89,1
4902206,152,7
4906730,95,7
4906907,5506,4
4907607,214,5
4907661,884,6
4909399,190,5
4909832,246,2
4910388,418,2
4910660,39,4
4911357,28373,1
4911584,21640,2
4911624,3046,6
4911759,28681,5
4912563,283,2
4913072,92,4
4913708,53146,7
4913717,53747,6
4913725,58002,1
4913883,64856,1
4917730,256,5
4918027,25737,6
4921400,26,7
4921500,3062,5
4922245,30965,7
4923926,41,2
4924280,2380,3
4931315,4466,1
4937146,301,3
4938729,107,3
4941985,5689,2
4944749,13234,2
4953611,27899,2
4962747,53457,5
4963112,55432,5
4964000,61826,3
4964539,15509,6
4970925,52916,3
4970933,53147,6
4972723,392,3
4973167,390,6
4973779,598,2
4974077,760,4
4974132,918,5
4976622,38060,3
4977777,10166,1
4981482,64831,1
4982285,624,4
4983159,75,2
4983277,38,5
4983450,6225,1
4983668,8255,5
4983762,53,5
4983770,283,3
4984257,49,7
4984263,52,6
4984306,56,4
4997920,5468,7
4997992,12631,6
5001588,49,7
5002077,8287,1
5013644,1115,4
5013985,49,4
5014021,9109,2
5014059,5264,3
5014095,1746,5
5021981,42419,3
5027569,80,5
5029582,66,5
5031738,11973,7
5049659,49808,7
5091519,357,5
5091525,361,2
5091532,28586,5
5091539,28372,1
5091658,5365,4
5091691,1383,4
5091861,22946,4
5091866,7284,4
5092375,27851,1
5093537,3653,7
5094405,26402,6
5097529,46,5
5098418,3249,6
5099600,17554,2
5113404,64855,6
5124164,12030,1
5136010,46802,2
5136428,47069,6
5136726,95,1
5138023,106,1
5140135,9637,3
5140453,86,6
5141120,1398,3
5141213,1991,7
5141292,7214,6
5141372,13199,5
5141518,5197,5
5143663,33624,3
5144071,31,3
5144187,4087,3
5144356,3629,3
5145567,6738,3
5145817,7772,4
5147130,6162,4
5147414,8912,3
5147551,1005,7
5147738,59038,2
5147745,5213,4
5147752,51800,1
5148812,281,3
5149623,15823,1
5150099,8387,2
5150598,8340,6
5150629,8335,1
5150660,8349,1
5150691,9411,7
5150722,9181,4
5150754,8835,5
5150785,8690,5
5150896,34030,6
5150939,8841,3
5150953,12061,2
5151571,1430,1
5151751,1551,5
5151921,247,2
5152008,246,7
5152165,1549,2
5153046,8815,3
5153456,38039,5
5154577,14316,1
5154845,8652,5
5155027,287,7
5155383,4118,4
5155817,2907,3
5159033,8486,3
5161117,3453,6
5162498,18995,5
5163376,50,3
5165158,64852,1
5166158,7570,7
5166167,9356,5
5166431,275,4
5167596,6397,6
5168839,10446,5
5168844,50028,4
5169977,64833,5
5170012,1663,5
5170087,1547,4
5170188,1668,3
5170994,6847,2
5174363,46,7
5174482,3662,7
5175532,61829,1
5175802,5846,4
5184889,26,2
5185170,24,7
5185214,26,1
5185265,25,5
5185308,24,5
5185363,26,6
5185432,23,2
5185481,25,6
5185525,24,4
5185566,24,2
5185612,25,4
5185657,24,6
5185696,25,4
5185772,24,3
5185810,26,2
5185868,24,1
5187352,11036,6
5187372,3698,6
5187385,10230,7
5187520,9927,5
5191121,5162,4
5191162,5394,3
5191195,5641,1
5191260,5912,1
5191295,24,2
5191339,6520,5
5191369,6860,1
5191400,7223,5
5191453,7223,4
5191477,7222,5
5191507,7222,6
5191539,7224,3
5191562,7224,7
5191617,7224,5
5191638,7223,7
5191667,25,3
5210627,12051,7
5221168,10227,4
5221846,5563,6
5222200,23625,6
5222414,157,5
5222583,64854,2
5225715,31834,6
5228479,291,3
5229445,2394,2
5230210,1826,5
5230584,41,5
5230711,3656,5
5230724,21027,3
5231833,7289,1
5232206,48,3
5232353,8090,7
5232819,7508,2
5233983,2064,4
5234065,759,7
5234606,49,6
5235098,51859,5
5235107,58697,6
5236133,4335,3
5236565,888,5
5236807,1592,1
5237418,111,2
5237851,1831,2
5237919,25358,6
5238341,1196,2
5240318,475,3
5240805,2728,2
5240858,38,1
5242241,1713,2
5242368,64833,5
5242919,1245,4
5243584,42,3
5244372,784,3
5245989,47,3
5246942,1731,7
5247144,1000,1
5247162,6194,3
5247260,7222,7
5247326,7620,1
5247400,8036,4
5247476,8491,4
5247497,1124,2
5247528,8948,2
5247580,9436,5
5247645,9946,6
5247719,10493,4
5248106,11071,5
5248978,1273,6
5249561,24,4
5250728,42,4
5251891,24,1
5251976,24,5
5252068,24,2
5252142,23,5
5252222,29,6
5256431,44,6
5256713,36032,1
5256804,7834,2
5256837,19835,5
5257069,40,4
5257138,1684,7
5259924,2607,5
5262032,102,7
5262177,42,7
5262985,106,2
5263220,99,3
5263347,107,3
5263669,106,3
5263869,32,4
5263988,180,1
5264353,799,5
5264690,18032,7
5264722,16187,5
5265069,178,7
5266464,1519,1
5268142,1686,4
5282758,1827,6
5283042,32,3
5283725,31,7
5284078,30,7
5311778,5053,3
5311920,44008,3
5313006,773,3
5316067,62,1
5316137,54,1
5316363,26359,2
5316528,49,1
5317053,2591,1
5318363,3594,6
5320348,771,6
5320438,692,2
5323288,1190,1
5323929,3706,4
5324103,566,7
5324177,32,4
5324234,15812,1
5324262,16217,5
5324420,1605,1
5326488,235,1
5326792,46,5
5327394,49322,7
5327860,14858,7
5327894,17036,7
5328031,15996,2
5328818,564,5
5329079,1625,3
5330356,1077,1
5330896,49,5
5331592,840,2
5332879,2670,7
5334511,39347,1
5335747,806,4
5336608,48,7
5337138,1886,2
5337996,47,3
5339524,1018,2
5339863,29001,7
5339941,1233,2
5339972,1034,6
5341024,47,7
5341150,998,4
5343625,37,7
5344273,125,4
5344553,1838,4
5347609,21810,2
5349495,32,2
5349907,33,3
5349935,789,1
5350192,31,3
5350875,31,5
5353197,293,2
5355031,21747,4
5355065,21651,5
5355347,997,4
5356339,3737,4
5358133,1910,7
5360218,27,6
5360722,7332,7
5361354,1457,7
5361404,808,3
5361636,928,2
5363274,78,4
5363458,723,5
5363549,145,6
5363817,150,2
5363972,221,5
5364254,551,7
5364810,149,6
5364854,721,6
5365941,721,3
5369884,42,3
5371864,40,6
5372325,40,6
5374148,41,4
5374423,40,6
5374912,42,2
5375320,40,4
5377540,40,7
5378200,40,7
5380484,41,4
5381248,40,4
5385407,40,6
5386656,39,3
5386782,40,3
5393963,1812,2
5396080,71,5
5396193,64516,2
5397501,18513,4
5398974,744,7
5399357,873,6
5400779,766,4
5403646,611,7
5403657,1022,7
5403762,776,2
5404519,10644,1
5405670,4834,7
5408819,831,3
5409110,10384,3
5409208,9869,5
5411847,7286,6
5411854,35,6
5412237,390,4
5414643,50156,7
5415852,1828,2
5418129,385,3
5419900,363,7
5419909,7232,2
5419994,54,5
5420088,285,1
5420327,318,4
5422131,8192,3
5422142,327,2
5422158,9834,7
5423183,16020,1
5423201,21632,7
5423217,16035,5
5423233,16111,7
5423736,587,5
5424048,333,4
5424987,874,3
5425317,304,7
5426115,838,4
5426260,375,6
5426849,231,5
5426916,33,5
5427286,36,4
5427500,7713,3
5427514,43,2
5427807,105,3
5428105,175,4
5428183,48,3
5429494,6078,3
5429534,14436,3
5429865,363,5
5430269,1820,4
5430440,326,5
5431893,327,2
5434463,51992,3
5434898,51612,7
5435371,12004,7
5435689,53962,1
5436131,51,4
5440706,469,4
5440944,1181,3
5443502,64511,7
5444016,114,4
5449637,32,2
5450329,33,6
5450724,1828,2
5452723,1001,7
5453928,994,2
5455316,49169,1
5484837,1808,3
5485214,64507,1
5487174,26493,3
5491023,2078,4
5491319,7239,6
5491468,233,4
5492550,112,6
5493296,40356,4
5493322,1047,6
5493827,2114,7
5494374,469,2
5496301,332,1
5496551,339,7
5496608,2424,4
5496691,371,2
5496823,4985,3
5498714,61236,5
5498759,61236,7
5498811,61235,2
5509236,3751,3
5509243,3760,1
5509249,3799,7
5510735,2281,2
5511460,51319,2
5514239,4233,4
5515260,17445,4
5517515,48,5
5519484,67,3
5519902,14677,3
5519909,14801,1
5519915,14911,6
5520495,24053,3
5522280,991,4
5522524,1900,7
5522721,3140,6
5524316,913,2
5524326,18849,7
5524351,18690,2
5524352,1160,4
5524370,17493,4
5524412,18767,5
5524445,900,1
5524552,15467,6
5524953,1782,2
5525921,20312,6
5526075,8070,7
5526378,1965,4
5526659,13834,6
5526765,323,5
5527014,322,2
5528288,10234,4
5528621,3696,7
5528694,1422,3
5529411,1520,5
5529663,43234,2
5529719,11436,4
5530345,1373,2
5540239,15081,6
5540272,19602,4
5540291,16536,3
5540312,16100,4
5540337,17505,5
5542878,15746,5
5542898,16197,5
5542918,18554,4
5542938,16137,3
5559129,151,3
5567917,64562,1
5568434,1900,2
5570775,390,5
5573732,735,3
5576609,1410,6
5580192,1852,7
5580470,891,5
5581693,874,5
5582249,955,6
5582315,68,1
5582681,1199,2
5583689,1360,1
5583732,1378,2
5583868,20059,6
5583869,21631,5
5583870,16208,7
5583871,21634,7
5583873,21633,1
5583874,16495,5
5586981,2141,5
5587042,3836,5
5587737,1203,6
5589689,49,1
5591687,8091,5
5594328,2639,2
5594510,21631,6
5594630,12483,6
5595160,16959,7
5595161,16850,7
5595162,16356,4
5595163,15717,5
5595164,15650,5
5595165,17597,5
5597467,885,2
5597494,325,2
5598198,1840,7
5601224,13212,3
5601527,8748,5
5601617,3630,7
5601631,7231,1
5608104,1599,4
5609878,910,5
5609900,754,1
5610025,803,2
5610480,2915,6
5616308,4113,7
5616432,933,4
5620138,742,2
5633357,59,3
5633503,51,5
5633699,1247,3
5635504,291,1
5635800,3068,3
5637837,3634,5
5642160,405,3
5646257,485,7
5646260,4612,2
5647200,64831,1
5655315,982,6
5659212,905,2
5660959,1048,6
5661094,628,7
5661584,64523,7
5661813,36,1
5662546,7230,5
5662667,3088,7
5662895,912,5
5662899,813,2
5663294,8630,1
5663675,4832,6
5663814,161,1
5664670,39,1
5664838,1797,2
5665016,8867,7
5665843,5444,4
5666181,487,4
5666466,211,3
5666645,20144,6
5666872,21200,2
5667916,906,4
5668900,174,7
5668913,375,5
5669094,15770,4
5669166,349,1
5669306,133,3
5669611,115,4
5669711,1365,3
5669917,422,1
5670326,1010,3
5670551,3760,7
5670616,1827,4
5671017,51,6
5671427,18648,5
5671911,905,3
5672673,15777,6
5672673,20108,4
5672674,15005,2
5672675,14768,6
5673741,341,7
5674131,374,4
5674700,115,6
5675153,905,4
5677044,288,4
5677711,33,1
5678643,8735,4
5680959,118,5
5682943,19593,3
5683372,1628,6
5683769,2029,3
5684065,3355,4
5684073,3349,4
5684839,33,3
5688305,2428,5
5688875,9019,1
5690567,4299,4
5690927,3105,5
5691227,33,6
5691325,3633,5
5691860,109,5
5692935,35,7
5693256,35,2
5694445,3628,2
5694454,31,7
5694613,420,1
5694631,39,2
5695210,64833,3
5695335,39,4
5695482,18010,2
5695484,20404,1
5695486,15780,6
5695489,15789,6
5695542,135,6
5697582,34,7
5697853,12020,2
5698379,2526,5
5698869,2962,6
5702639,716,5
5703750,7359,3
5704196,9094,7
5710439,49330,7
5720093,288,6
5721005,64831,6
5721141,17043,5
5743341,64575,6
5743365,1189,3
5743437,21635,2
5743885,238,5
5744679,3166,4
5745060,2655,6
5745615,51,6
5749522,74,2
5749682,238,5
5749752,249,7
5749827,63278,1
5749894,1180,6
5750187,55111,3
5750195,204,4
5750718,97,7
5751363,13834,4
5751381,958,7
5751861,1569,7
5753105,1007,3
5753317,907,4
5753873,936,4
5754262,38,3
5754274,37,3
5754579,155,7
5755077,1828,1
5755262,388,7
5755340,627,2
5755561,1907,7
5756201,1269,4
5756234,24,4
5756349,28832,7
5756350,20783,7
5756351,16010,4
5756351,15848,4
5756678,148,1
5756910,23,4
5756952,957,4
5757172,178,7
5757551,24,5
5757816,123,1
5757929,304,2
5758008,627,4
5758862,459,1
5758980,444,4
5759765,129,1
5759839,1242,7
5759916,1766,5
5760149,1852,1
5760377,25,5
5760694,23,6
5760749,315,6
5760920,24,3
5761080,24,6
5761994,56,5
5763137,7693,1
5764614,23,3
5765145,11920,3
5765627,25,4
5767527,953,6
5768125,71,6
5768368,118,2
5769516,1231,2
5770460,1944,6
5770553,1828,5
5772279,1443,1
5772820,2288,2
5773310,1679,7
5775094,4827,6
5775118,4941,4
5775139,5074,7
5775160,5193,7
5775177,5331,3
5775191,5483,1
5775215,5651,7
5775231,5823,3
5775248,6005,1
5775267,6203,4
5775289,6422,6
5775306,6659,7
5775325,6894,6
5775350,7148,1
5775368,7402,1
5775384,7655,7
5775403,7937,7
5775423,8225,5
5775443,8521,5
5775459,8842,1
5775478,9191,7
5778370,706,5
5779015,416,6
5780502,617,6
5781421,1919,4
5781736,15813,5
5781737,15705,2
5781738,15676,3
5781739,15999,2
5782492,1488,5
5782557,20099,2
5782590,7824,6
5783791,3168,7
5785892,35,6
5786013,4433,1
5786019,4496,4
5786023,4556,7
5786030,4625,5
5786036,4700,1
5786043,4777,6
5786047,4861,2
5786052,4864,7
5786057,4940,6
5786064,5018,2
5786068,5100,5
5786073,5190,5
5786083,5280,7
5786088,5370,3
5786095,5452,6
5786102,5550,2
5786107,5647,2
5786111,5751,3
5786117,5848,7
5786126,5964,7
5786132,6072,5
5786138,6199,7
5786143,6336,1
5786150,6481,3
5786156,6628,6
5786163,6784,7
5786168,6964,6
5786175,7153,3
5786192,7368,7
5786197,7594,7
5787876,167,1
5788103,4938,3
5789353,36,3
5807320,2623,5
5807324,81,3
5808729,981,5
5808880,384,2
5831190,107,2
5831203,106,4
5831740,64488,5
5834790,57208,7
5834798,635,4
5834802,3026,6
5834813,33,2
5835374,32,3
5837153,32,4
5837515,31,1
5837746,13100,6
5837862,33,2
5838820,31,4
5838987,32,7
5839067,1059,6
5839392,33,2
5839768,3977,6
5839851,52,4
5839997,2727,5
5840469,941,7
5840898,112,6
5841605,4311,4
5842022,17982,2
5842023,16351,6
5842024,15314,6
5842025,17955,6
5842026,20898,5
5843558,6643,2
5843833,1247,6
5845951,1386,5
5846040,649,5
5846467,1795,7
5848186,263,3
5848628,4321,2
5848648,4317,6
5848683,263,7
5849005,445,1
5849015,1407,2
5849559,3628,7
5849808,46,6
5849913,1779,4
5850080,644,7
5850227,45,1
5851392,78,3
5851395,19303,1
5851415,122,5
5851812,1413,3
5851928,1832,7
5852064,1722,3
5852617,140,2
5852830,1902,5
5853464,9152,1
5854479,9920,2
5854503,6537,3
5855590,2700,2
5855595,265,3
5856570,1084,4
5857988,1237,5
5858891,2572,6
5859688,44,3
5859823,52,6
5861096,1541,4
5861107,34,6
5861694,25,5
5861867,25,2
5862809,14751,5
5862816,16855,1
5862817,16357,7
5862818,17734,1
5862824,15403,7
5863033,24,7
5864096,24,6
5864325,24,4
5864350,24,1
5864391,24,4
5864467,106,3
5864685,32,5
5864775,25,4
5864789,105,7
5865526,34,5
5865711,51274,6
5865731,50438,6
5865750,49,4
5866170,4306,7
5866195,4371,7
5867055,37,5
5867374,34,7
5868385,40,4
5868559,33,3
5868741,857,2
5868854,341,5
5869504,24,4
5869994,646,2
5870107,713,2
5870186,32,5
5870311,34,4
5870820,423,4
5871137,551,4
5871656,63531,4
5872464,2953,4
5872649,8295,7
5872847,4831,4
5873111,2627,2
5873241,4987,6
5873594,2289,5
5873792,1833,5
5876160,30299,7
5876253,1080,2
5879315,2568,7
5880906,284,4
5881195,57,5
5881206,26,7
5881219,27,7
5881286,62,3
5881294,38,2
5881390,27,3
5881398,27,6
5881407,28,3
5882362,125,2
5882909,123,7
5882970,3312,6
5883370,2568,4
5884027,129,5
5884345,13137,3
5884514,18378,7
5884516,23794,5
5884517,16901,3
5884518,16473,1
5884519,15893,3
5884520,16280,5
5884521,16921,5
5884566,123,6
5884633,1830,7
5884708,30,5
5884926,2595,1
5885010,1830,2
5886290,128,4
5886528,31,5
5886797,31,2
5886905,5012,5
5887156,2581,1
5888696,20606,3
5891778,139,6
5892547,312,6
5892997,308,7
5893255,58127,2
5893291,13509,4
5893626,123,3
5894581,42,4
5895067,1271,4
5895101,43233,7
5895213,112,7
5899725,57626,7
5912185,391,4
5912226,28847,5
5916174,13254,2
5916336,11273,7
5916486,1306,1
5916545,413,6
5918437,64847,6
5923201,2312,6
5923826,63,1
5924062,29125,2
5926914,34,2
5927507,125,5
5927526,50,2
5927667,1146,1
5927685,337,2
5927711,129,3
5927899,18154,3
5928035,32,3
5928074,135,3
5928114,20418,4
5928395,34,3
5928488,128,5
5928801,649,1
5929018,1,7
5929029,144,3
5929203,34,6
5929211,1060,6
5930022,23,3
5930226,745,5
5930373,26,2
5930750,1303,2
5930794,317,5
5930869,1006,7
5931103,841,6
5931137,117,3
5931779,124,1
5931807,1065,6
5932342,904,2
5932848,33,6
5933066,32,1
5934066,106,1
5934443,105,1
5935451,105,4
5935873,37,3
5935983,41,5
5936090,36,3
5936319,1317,6
5936444,33,7
5936506,24,2
5936679,25,2
5936876,24,7
5936975,23,7
5937162,24,7
5937350,24,1
5937413,24,6
5937432,24,4
5937476,24,3
5937502,23,1
5937658,24,1
5937765,42,5
5938035,24,2
5938281,23,3
5938349,24,3
5938728,24,4
5939376,2533,6
5939492,15555,7
5939666,19107,7
5943248,718,6
5943263,53,2
5943269,85,7
5943584,1,2
5943662,1,1
5943780,23,4
5943922,276,5
5944043,51,6
5944131,60,3
5944143,137,2
5944166,28,1
5944240,9464,3
5944280,40,3
5944292,960,6
5944294,9446,5
5944336,27,2
5944445,48,7
5944453,24,6
5944458,210,5
5944464,64,5
5944466,27,1
5944513,34,6
5944599,650,1
5944600,26,7
5944604,94,4
5944637,24,7
5944756,40,3
5944788,26,3
5944789,32,4
5944846,24,2
5944870,90,7
5944882,25,4
5944936,27,4
5944962,285,3
5944997,107,3
5945038,223,5
5945043,244,4
5945057,46,5
5945078,214,2
5945151,46,3
5945176,120,7
5945287,27,6
5945331,318,3
5945385,201,5
5945392,126,6
5945435,226,4
5945539,119,2
5945548,102,7
5945574,1478,2
5945595,89,1
5945626,58,4
5945645,27,7
5946286,25,5
5946454,724,3
5947054,134,6
5948031,1205,3
5948072,61635,7
5950056,125,6
5950084,94,5
5950155,33,4
5951632,277,5
5951762,36033,3
5953023,25,7
5953411,283,6
5953488,271,3
5953642,407,5
5953740,389,6
5953810,330,5
5953811,513,5
5972261,17097,7
5973326,22038,6
5979434,38239,7
5979440,43586,6
5986516,47697,1
5993518,57,6
6006391,9153,3
6011795,118,2
6013043,13344,3
6014367,310,7
6014463,293,1
6014615,560,7
6014735,529,6
6016434,1827,3
6020097,285,6
6024003,343,2
6024403,922,4
6025296,16756,5
6025872,278,4
6025963,8474,3
6029128,14838,2
6029129,16758,1
6029131,16949,5
6029132,15614,5
6029133,44,7
6029134,42,4
6029135,14269,1
6029136,15572,3
6036691,63,6
6038373,1345,5
6053366,285,6
6054431,113,1
6055261,53705,2
6058715,62,1
6063821,13362,6
6069375,674,5
6070362,214,6
6070368,1463,6
6073378,57129,4
6074077,64828,7
6074418,17754,6
6076008,5335,2
6095200,56,3
6095329,3628,5
6100197,3628,2
6101812,1329,7
6104246,64831,1
6104793,18941,2
6107906,8219,1
6118354,13895,2
6120043,52125,6
6120438,6634,6
6122006,20854,1
6130436,5264,2
6135675,13334,3
6138392,19427,3
6138393,24011,4
6138394,19490,4
6138395,19453,5
6139022,19367,4
6139023,19307,7
6139024,19414,5
6139025,19314,5
6139026,19361,4
6139027,19343,6
6139028,19341,3
6139029,19427,3
6162713,57146,2
6162782,58958,7
6169962,51304,3
6175731,15751,2
6184235,60244,6
6187996,8421,2
6188001,9034,2
6199671,19248,4
6199859,1117,3
6208086,33,6
6208281,59,6
6208408,58,3
6209730,59,2
6209878,57,6
6210048,242,2
6211534,111,4
6211993,120,4
6228030,6564,1
6228031,6583,3
6228032,6508,3
6228033,780,6
6228176,6431,7
6228177,6547,7
6228178,6549,4
6228179,6535,6
6229241,1096,5
6231924,191,3
6232510,32,6
6234395,41,7
6234887,362,7
6240797,64832,5
6246809,40085,2
6247433,80,2
6248443,76,7
6248667,13517,2
6257498,453,3
6261011,589,4
6261978,1736,2
6266157,8283,2
6268656,285,4
6268983,281,7
6269484,39,7
6269617,235,1
6269971,69,3
6270223,236,6
6270601,237,6
6273804,35,7
6274942,98,5
6275552,152,5
6276201,577,5
6276318,6501,1
6276319,6611,1
6276320,6511,2
6276321,6501,6
6276738,9056,7
6276915,53,6
6277890,51850,3
6279221,53,7
6279887,51,6
6282843,8063,5
6288365,51,2
6289137,32,3
6289642,51,5
6290139,36,4
6291022,19382,3
6291488,63,3
6294974,49125,1
6297270,52188,5
6297288,57677,2
6297650,39,6
6297654,43,5
6297657,41,1
6297660,38,1
6297663,39,7
6298167,19402,7
6298168,19423,7
6298169,19472,3
6298170,24003,5
6300225,108,4
6300284,37,6
6301266,115,3
6302239,109,3
6320935,50056,6
6324489,56,4
6326048,57013,4
6339959,34440,2
6340097,14176,4
6340363,47463,2
6348297,19328,6
6351362,13204,2
6354294,53,4
6355167,10858,2
6355827,51,4
6356635,51,4
6357390,52,1
6357817,51,6
6358202,106,7
6358352,52,2
6358497,29,3
6358612,63,7
6358778,30,5
6359114,60,2
6359437,62,5
6359601,31,4
6359754,31,7
6359960,29,1
6359995,24347,6
6359996,19475,4
6359997,24166,1
6359998,19626,5
6360007,62,7
6360083,31,2
6363787,52,3
6364489,51,1
6364825,52,1
6365413,52,4
6365780,53,2
6366644,52,1
6367073,54263,6
6368234,1,2
6368263,1,4
6370528,45,4
6371821,19775,4
6371951,31,4
6372874,551,3
6377718,8926,7
6377975,8199,6
6378383,176,1
6379069,25,2
6379513,421,7
6380117,25,3
6380243,720,5
6381169,57,7
6381624,25,1
6381708,24,2
6381805,23,2
6382143,56,5
6382248,23,1
6382438,33,1
6382530,105,5
6382589,33,2
6383016,42,7
6383141,79,6
6383294,61,6
6383365,53,4
6383432,37,2
6384826,52,3
6385399,128,6
6385931,8137,2
6386035,1267,3
6386247,31,1
6386391,2471,7
6386483,32,4
6386757,31,7
6387314,31,7
6387362,52,5
6387368,45,5
6387374,40,5
6387380,57,1
6387385,35,1
6387922,37,1
6387927,40,6
6387931,41,4
6387936,37,3
6387941,41,4
6394970,83,7
6395123,49,3
6395383,45,1
6395505,39,4
6396026,66,1
6396720,53,7
6398742,53,4
6399007,66,1
6399525,53,5
6402731,287,5
6403053,53,5
6405215,53,5
6410232,18078,7
6410716,78,4
6412528,501,7
6418278,162,3
6418548,705,7
6419362,160,5
6419612,21957,5
6422014,13048,4
6434338,36,1
6434972,1147,4
6436324,160,1
6436605,58653,1
6436610,45867,1
6436612,38350,6
6437312,58317,1
6438987,55,4
6439792,8173,6
6440474,9019,6
6442436,72,7
6442988,100,4
6444206,58,5
6444580,159,1
6444779,163,4
6444787,35,2
6445019,58,2
6445025,31,2
6445087,16152,5
6445151,265,2
6445486,161,1
6445833,569,4
6446408,160,1
6446728,193,7
6446955,264,4
6447093,46,2
6447207,45,7
6447272,141,7
6447406,343,4
6447782,156,2
6447813,32,3
6447821,32,6
6448039,258,6
6448147,32,3
6448538,32,1
6449300,929,2
6451100,1,4
6451236,1,2
6451455,56,3
6451462,1,2
6451474,1,5
6451693,35,3
6451805,46,3
6452237,1,7
6452247,48,4
6452727,45,1
6452779,44,3
6453113,46,1
6453365,47,3
6453720,52,6
6453921,32,6
6455526,1,5
6455901,52,3
6456092,1,4
6456281,1,5
6456809,33,6
6456893,34,2
6457395,328,6
6458566,1885,7
6458811,34,4
6462144,107,1
6462294,107,2
6462382,146,3
6462477,34,2
6462836,142,5
6463004,34,5
6463073,149,3
6463180,30,4
6463281,150,1
6463406,928,1
6463636,762,7
6463659,28,3
6464798,34,4
6464925,34,6
6465130,32,6
6465260,33,4
6465295,678,3
6466687,329,5
6467077,54,2
6467392,44,4
6468821,15710,6
6469626,575,2
6470193,33,6
6470657,1280,1
6471014,31,3
6471192,9743,4
6471657,105,4
6471669,30,5
6471686,107,3
6471758,36,5
6471825,31,4
6471937,107,7
6471965,32,4
6471997,31,4
6472099,32,2
6472130,31,1
6472313,73,7
6472448,105,7
6472473,33,2
6472512,32,1
6472519,45,3
6472719,105,1
6472763,105,7
6472781,105,5
6473307,32,7
6473425,44,6
6473752,45,3
6474229,31,6
6475993,39,3
6477154,36041,5
6477436,33,4
6483285,35,6
6483383,33,4
6483618,32,4
6484518,13681,7
6484614,32,1
6485418,32,7
6486849,49,6
6487054,49,4
6487501,48,1
6488911,48,4
6489407,67,7
6490550,64,4
6490765,64,4
6491956,47,1
6492357,38,3
6493349,29051,2
6493695,29777,3
6499723,58617,2
6499827,47382,3
6500693,709,7
6501437,24895,5
6502069,25405,5
6503026,1829,6
6507285,185,2
6507570,18883,1
6520552,13726,5
6521239,36,2
6524624,8266,6
6524725,8941,3
6526480,1336,2
6526571,167,1
6526657,80,5
6526732,184,5
6526735,11859,7
6527054,57266,3
6528367,143,1
6530055,34,6
6532086,32,7
6532258,32,2
6534156,19486,7
6534158,19634,3
6534159,19483,1
6534160,19394,5
6534162,19255,4
6534163,19510,5
6534164,19455,2
6534166,19224,5
6534167,19588,2
6534168,19683,1
6534170,24224,4
6534171,19440,5
6534283,13410,7
6534650,3627,4
6534838,43,4
6535563,151,2
6536108,36,5
6536291,36,3
6536474,32,3
6536576,36,1
6536665,1282,3
6538840,1478,2
6538853,157,2
6539805,30910,4
6540843,255,7
6540876,34,3
6541082,34,3
6541185,33,5
6541273,192,5
6541331,34,1
6541475,627,6
6541653,627,2
6542532,715,7
6542589,33,1
6542802,33,4
6542995,42,7
6543141,33,5
6543357,1328,3
6543390,51,4
6543801,33,3
6545312,50389,4
6545492,6636,3
6545844,1478,5
6546868,47,1
6547184,12,1
6547830,6611,3
6548692,47,1
6550018,47,5
6550225,47,7
6552590,48,3
6553194,47,6
6553928,48,7
6554595,45,2
6554664,47,3
6555254,47,3
6555502,1,5
6555756,2796,1
6555762,2768,4
6556610,61829,2
6559880,56,1
6566269,1270,5
6584544,58634,2
6585368,2168,5
6587591,216,1
6587798,447,6
6588290,1155,3
6588975,64833,3
6589438,12990,1
6589789,56749,2
6592386,60002,2
6602502,27028,7
6602659,4162,5
6606859,498,7
6607403,4775,6
6611206,8958,4
6611211,8332,3
6612278,33,6
6612352,36,7
6612749,34,7
6614124,55193,1
6614285,60010,1
6614422,59182,1
6614711,61235,7
6614731,1248,2
6615310,256,2
6615989,61828,7
6616450,60386,1
6616968,37,1
6617372,4853,3
6619204,50422,4
6620305,10882,1
6620541,88,1
6620635,256,1
6620642,52831,2
6620842,1057,6
6621187,1394,1
6621222,34,2
6622061,123,6
6625563,7292,5
6626243,1369,1
6627727,27633,5
6628212,49,4
6628537,1437,5
6628729,6386,2
6630654,13434,3
6630859,1450,7
6631220,49,1
6631661,61829,5
6631862,5471,4
6631864,5548,4
6631865,5499,3
6631867,5524,4
6631918,5502,3
6631919,5489,1
6631921,5504,3
6631922,5517,1
6631953,5474,3
6631954,5511,6
6631956,7065,1
6631957,5479,5
6633929,1347,3
6634313,3,5
6634467,7319,5
6635942,46,3
6636401,129,5
6637057,1327,7
6637207,49,2
6637685,36,4
6637852,47,3
6638288,50,6
6638445,46,2
6639104,48,3
6639496,47,2
6639904,154,2
6640580,623,2
6640603,465,7
6641378,614,3
6641404,1933,4
6641561,7035,4
6641976,225,6
6642513,628,5
6643561,339,6
6643874,50,2
6644196,48,7
6644212,11069,6
6644295,53,5
6644541,132,4
6644866,628,3
6645656,95,6
6645998,10892,7
6646257,279,1
6646748,302,6
6647043,632,4
6647318,541,3
6647779,168,5
6647927,1806,4
6647949,278,5
6648237,79,1
6662057,55512,5
6664268,6895,7
6664270,5512,7
6664272,6970,1
6664273,5517,3
6699694,61827,1
6699950,52206,3
6700282,56101,5
6700348,48580,5
6702928,2299,5
6708573,5452,2
6708574,5523,3
6708575,5511,5
6708576,5486,3
6708665,5457,6
6708666,6983,5
6708667,5528,5
6708668,5526,5
6712496,13684,6
6714334,108,7
6714485,8602,2
6714490,9384,5
6715720,59,5
6716771,108,7
6716788,104,3
6717365,179,5
6718418,83,7
6718746,74,2
6718763,1153,7
6722440,49,1
6724581,40134,5
6725493,20192,4
6726626,510,5
6729213,46,4
6729559,41,7
6729615,108,2
6730016,127,5
6730595,181,6
6731051,53,6
6745510,73,2
6749826,70,5
6750694,113,1
6751289,94,1
6751620,71,6
6751972,63,7
6754103,343,7
6754565,905,6
6756479,710,7
6783512,13517,7
6790095,59269,1
6790226,35901,6
6790462,39688,5
6790656,39236,5
6812610,143,2
6813806,900,7
6814882,53,6
6816416,24,3
6816689,2862,3
6816931,3089,7
6816966,3359,2
6817004,3468,2
6817041,3408,2
6817080,3457,4
6817119,3587,5
6817157,3694,4
6817195,3796,2
6817236,3945,3
6817275,3978,4
6817314,4022,4
6817356,4087,4
6817395,4152,5
6817432,4227,1
6817470,4192,1
6817507,4211,5
6817544,4181,1
6817580,4173,4
6817617,4204,1
6817653,4296,4
6817689,4488,3
6817726,4842,4
6817763,5464,2
6817799,6189,2
6817835,6981,4
6817872,7222,3
6817908,7223,4
6817944,7223,4
6817980,7223,2
6818016,7226,4
6818051,7223,5
6818087,7224,2
6818123,7226,6
6818159,7224,3
6818195,7226,7
6818231,7223,1
6818270,7223,3
6818306,7222,6
6818342,7223,1
6818379,7224,2
6818414,7223,2
6818450,7223,7
6818487,7222,7
6818523,7222,6
6818559,7222,2
6818595,7222,2
6818631,7223,7
6818668,7222,3
6818704,7223,7
6818740,7222,6
6818776,7223,7
6818812,7228,5
6818848,7224,6
6818884,7223,7
6818919,7189,4
6818955,7155,6
6818991,7054,2
6819027,7039,4
6819063,7119,3
6819099,7155,6
6819135,7148,3
6819171,7065,1
6819207,6955,5
6819243,6874,1
6826186,2965,2
6826222,2988,1
6826269,2987,1
6826315,2994,3
6826365,103,2
6826412,3154,1
6826462,3225,2
6826510,3321,7
6826558,3399,6
6826612,3418,2
6826660,3425,5
6826709,3511,3
6826761,4360,2
6826822,3679,1
6826882,3691,5
6826944,3755,4
6827003,3807,5
6827053,3794,7
6827102,3791,5
6827146,3822,2
6827192,3816,4
6827238,3821,2
6827282,3818,3
6827328,3808,1
6827372,3753,6
6827418,3643,4
6827462,3549,1
6827507,3486,5
6827551,3478,6
6827600,3440,4
6827640,3438,4
6827648,110,4
6827685,3442,6
6827733,3476,1
6827769,3487,5
6827819,3464,6
6827873,3508,4
6827926,3496,1
6827980,3487,7
6828033,3490,4
6828083,3470,3
6828132,3447,3
6828184,3444,2
6828234,13837,6
6828239,3444,3
6828296,3440,5
6828358,3451,6
6828414,3500,1
6828465,3490,7
6828518,3469,2
6828577,3466,3
6828628,3467,5
6828665,3455,2
6828702,3459,5
6828739,3445,6
6828776,1947,1
6828815,3191,7
6828851,3075,7
6828890,2919,2
6828926,2927,3
6828964,2963,6
6829003,3043,6
6829041,3009,6
6829080,2490,3
6829120,2337,7
6829157,1245,1
6829198,3485,7
6829236,3483,3
6829274,3471,2
6835804,103,5
6836136,41,5
6851043,64829,2
6854887,717,1
6857354,257,1
6857613,643,7
6858255,63029,6
6863311,104,4
6864854,83,4
6864944,141,2
6865090,188,5
6865312,53,7
6865375,88,7
6865502,47214,3
6867851,310,1
6868318,10135,7
6870952,8225,3
6870959,9205,5
6871558,13716,4
6874532,333,6
6874833,99,5
6875051,615,1
6875307,35,7
6875961,206,5
6876614,355,7
6877462,394,6
6877698,6605,6
6881289,5694,2
6884084,841,5
6884630,7226,4
6884632,7224,5
6884633,7227,6
6884635,7228,1
6884637,7224,1
6884638,7226,2
6884640,7224,4
6884641,7227,4
6884643,7224,4
6884645,7222,7
6884646,7226,7
6884648,7224,2
6884649,7226,1
6884650,7223,3
6884652,7227,5
6884653,7224,1
6884655,7223,1
6884656,7223,1
6884658,7222,2
6884899,7224,4
6884900,7226,2
6884901,7226,4
6884903,7225,5
6884904,7225,1
6884906,7222,4
6884907,7223,1
6884909,7223,1
6884910,7223,4
6884912,4592,2
6885006,3331,2
6885008,4592,5
6885009,4597,5
6885011,4596,5
6885013,4601,4
6885015,4605,4
6885017,4600,5
6885018,4605,3
6885021,4619,7
6885023,4619,2
6885025,4607,3
6885069,4769,1
6885101,9129,7
6885114,4799,6
6885211,4874,7
6885240,8239,4
6885250,4841,3
6885326,13459,3
6885330,4803,4
6885385,5441,5
6885432,5557,3
6885472,5427,4
6885514,5543,5
6885570,5779,5
6885610,5958,7
6885690,5879,1
6885735,5754,3
6885791,5557,7
6885833,5800,1
6885878,2860,3
6885929,2799,3
6885972,2587,3
6886025,2537,2
6886070,2518,5
6886139,2511,6
6886186,2464,5
6889235,14430,3
6890097,31,4
6890854,56,3
6893920,115,7
6895406,9173,1
6895509,41,5
6895511,54,1
6895587,8996,7
6895790,8940,1
6895994,8936,7
6896196,8841,3
6896397,8720,5
6896599,8993,4
6896800,9385,3
6897002,9377,4
6897157,60,7
6897204,9156,4
6897406,9081,2
6897608,9011,2
6897810,8914,2
6898011,8743,7
6898212,8394,4
6898414,8262,4
6898791,77,7
6898942,1832,4
6899083,8272,6
6899284,8323,4
6899485,8206,5
6899687,8169,2
6899890,8051,1
6899924,8161,1
6900092,8073,4
6900295,8156,3
6900497,8129,1
6900698,8177,6
6900901,8135,5
6901103,7988,1
6904216,1833,3
6907157,40,1
6907520,1235,7
6910126,107,3
6913156,34737,7
6915142,26,1
6915217,131,1
6915363,776,6
6915478,63,5
6916552,498,7
6916885,7489,4
6916886,7790,1
6917113,36184,3
6917318,3520,5
6917319,5233,3
6917321,5887,5
6917322,6143,5
6917323,6220,5
6917324,6265,6
6917325,6329,3
6917327,6330,2
6917361,6387,5
6917394,6348,7
6917428,6387,4
6917460,6411,6
6917494,6467,1
6917528,6522,3
6917560,6546,7
6917595,6554,2
6917629,6694,5
6917661,6707,5
6917697,6755,6
6917730,6819,5
6917768,6981,5
6917800,7874,3
6917833,8046,7
6917866,8146,5
6917901,8189,5
6917934,8194,4
6917967,8238,4
6918004,8384,7
6918071,8425,2
6918132,8471,3
6918193,8512,3
6918255,8541,1
6918319,8627,6
6918378,8682,1
6918404,109,5
6918443,8709,3
6918511,8693,3
6918579,8686,5
6918651,8672,6
6918715,8715,3
6918777,8770,7
6918845,8813,3
6918904,8783,6
6918965,8851,4
6919024,8901,4
6919085,8923,2
6921675,13662,4
6929411,115,7
6929779,6507,7
6929786,486,2
6929922,214,5
6930043,64829,7
6930814,242,3
6930955,77,1
6931098,388,4
6931720,62,4
6932651,616,6
6932722,786,1
6933029,12114,6
6933662,3293,2
6935365,13813,5
6936302,569,1
6936890,5098,3
6941999,2998,3
6943112,1881,5
6945027,23701,7
6945054,9331,2
6945616,64829,1
6952650,13380,4
6954766,145,4
6954906,13799,3
6957261,8271,5
6957283,9038,3
6959455,111,6
6962015,60491,2
6965021,172,6
6965394,30,1
6965954,627,1
6965963,57131,1
6965971,56724,1
6966034,13445,3
6966273,19063,3
6966464,29383,5
6966537,64834,1
6967320,9122,5
6967325,8426,7
6967833,627,7
6968085,207,6
6968339,4354,3
6968553,1176,5
6968793,48535,1
6968796,36875,6
6969013,655,2
6970091,39,4
6970261,509,2
6970354,3886,3
6970385,4156,2
6970564,53,5
6970700,3347,3
6970826,4417,4
6970909,4551,5
6971027,4684,5
6971039,47,3
6971139,4837,2
6971232,4888,5
6971366,5016,5
6971463,4859,3
6971561,5199,5
6971649,6042,4
6971747,5750,7
6971831,5689,6
6971938,5752,6
6972056,5317,4
6972145,48,2
6972317,7036,7
6972414,10476,6
6972538,10452,1
6972980,10520,7
6973494,64,5
6973515,4379,7
6974190,4353,3
6974454,62,4
6974611,4348,4
6975030,5428,5
6975063,4437,1
6975383,4478,2
6975658,4563,1
6975937,4552,5
6976217,4601,5
6976519,4632,7
6976666,64,6
6976833,4663,4
6977172,4671,6
6977381,4709,7
6977465,6691,6
6977553,4811,6
6977638,3875,4
6977720,4147,3
6977805,4697,7
6977894,4720,2
6977976,4723,3
6978057,4974,5
6978162,5007,3
6978249,4795,6
6978337,4953,7
6978420,4280,1
6978503,3991,5
6978589,4026,5
6978672,3996,1
6978766,4450,6
6978843,3953,6
6979127,3959,6
6979239,1588,5
6979399,4095,3
6979680,15800,3
6979828,41,7
6981065,80,5
6981181,1378,1
6981349,539,1
6981618,50431,4
6981658,45,1
6983693,60941,1
6983729,64832,6
6984350,18739,4
6984983,40637,1
6985201,4247,1
6987680,4092,4
6987824,3864,7
6987908,3880,5
6988553,36030,5
6989326,3873,4
6991857,3952,1
6992323,112,6
6992862,4129,2
6993656,4140,1
6994412,4132,6
6996092,5078,2
6996282,5096,7
6996388,5090,6
6996490,5253,3
6996593,5404,7
6996691,5514,2
6996854,5448,3
6997029,6052,5
6997274,6902,1
6998018,7046,1
6999091,6874,1
6999163,8978,2
6999685,5084,3
6999957,5968,6
7000136,5792,7
7000309,5094,6
7000756,4543,4
7001962,4612,1
7003304,4821,1
7003440,4872,2
7003590,4776,4
7003725,4833,2
7003846,4621,3
7003957,5260,5
7004076,5078,5
7004205,5592,3
7004319,5592,7
7004453,5733,4
7004623,5581,6
7004777,5810,4
7004924,5784,7
7014688,58258,5
7017570,46492,4
7034544,252,6
7036054,184,1
7036213,98,7
7037661,259,2
7037908,7325,1
7043448,8431,6
7044265,52,5
7048076,172,1
7048267,244,6
7050063,1215,4
7050076,21638,2
7050551,50,3
7050757,67,1
7050973,117,5
7051152,133,4
7051339,64,4
7051593,510,6
7051659,1208,6
7051694,1968,5
7053946,216,3
7053991,20457,3
7054330,202,2
7054470,64855,5
7055054,628,3
7058396,1699,6
7058889,11944,6
7059588,40,5
7059637,4669,4
7059939,4793,7
7060240,5062,6
7060541,5385,5
7060843,5281,2
7061144,5336,2
7061445,5528,2
7061748,5729,1
7062049,5644,1
7062350,5841,2
7062652,5814,6
7062953,6060,6
7063256,6023,5
7063558,6038,7
7063859,6073,1
7064161,6065,4
7064462,6250,5
7064763,6286,1
7065064,6244,2
7065365,6313,7
7065667,5920,2
7065968,6022,4
7066269,6209,7
7066570,6638,4
7066872,7137,7
7067166,13464,6
7067173,7651,5
7067474,7947,6
7067775,8438,3
7068076,9385,6
7068377,9863,2
7068678,10675,2
7068979,11043,1
7069280,11132,5
7069582,11306,7
7069889,11833,5
7070192,12224,7
7070495,12267,5
7070813,12198,1
7071116,12200,6
7071418,12128,5
7071720,12023,5
7072024,12063,5
7072327,11993,2
7072628,11912,3
7072931,11772,3
7073233,11804,4
7073535,11890,2
7073837,11764,4
7074138,11598,6
7074439,11602,6
7074468,928,5
7074696,41,4
7074740,11677,6
7075042,11630,2
7075343,11464,7
7075431,37,4
7075644,11413,1
7075709,36008,4
7075945,11284,1
7076246,11063,4
7076547,11047,3
7076848,10870,7
7077105,928,1
7077149,10671,7
7077450,10685,1
7077753,10856,3
7078055,10930,2
7078356,10771,3
7078514,61223,2
7078657,10691,7
7078883,1140,1
7078958,10576,2
7079260,10512,1
7079564,10581,7
7079865,10621,2
7080166,10652,7
7080467,10643,2
7080768,10686,6
7082063,1228,4
7082581,108,4
7082597,33,6
7082836,109,7
7082843,32,6
7084425,1237,7
7086790,3633,6
7090768,3631,4
7112111,36586,5
7112116,90,4
7113122,77,4
7113793,41300,6
7113796,58003,6
7124913,134,4
7124947,252,7
7126005,199,3
7129346,8323,3
7136947,51,2
7140196,54,3
7140554,48,3
7141021,48,7
7141471,39173,6
7141621,53,2
7142395,96,2
7143027,1900,4
7143069,203,2
7143528,48,2
7143770,49,7
7143977,49,1
7144153,282,6
7144380,550,3
7145161,273,6
7145189,40,1
7145416,316,7
7145693,52,3
7145698,123,1
7146047,53,2
7146600,39,3
7146762,1779,7
7146971,49,3
7148842,49579,3
7149724,118,4
7151066,64832,3
7155583,37,2
7155960,628,1
7156822,34,6
7157177,628,7
7157519,42,2
7158625,50,5
7158886,127,4
7159123,49,7
7159229,25,1
7159562,120,3
7160658,628,1
7161500,107,2
7162954,107,7
7166277,13281,5
7168724,64884,6
7179637,13484,7
7190675,46382,6
7193159,13300,5
7203775,135,2
7203936,206,6
7204161,2805,1
7205482,36349,2
7212268,2364,4
7217488,1714,5
7218242,33,2
7219371,20565,6
7220093,27033,7
7221515,1773,1
7221720,8249,4
7223966,32,4
7224190,327,6
7224868,170,2
7225078,32,4
7225311,32,4
7225684,49,7
7225763,34,7
7225782,62,2
7226113,154,7
7226380,66,6
7226641,62,5
7227469,62,7
7228159,62,6
7228269,243,7
7228593,32,5
7228693,39105,5
7230125,30,5
7230470,31,1
7230705,30,2
7230856,51,7
7230981,32,5
7231494,49,6
7232145,57,1
7233275,148,5
7233560,32,2
7234945,23663,1
7235029,33214,3
7236942,428,6
7237297,115,1
7237340,29,1
7237441,317,7
7237566,146,5
7237613,28,2
7237787,32,2
7237981,731,4
7238070,205,6
7239303,255,7
7239337,35,3
7239899,32,3
7240076,189,6
7240085,248,2
7240127,26,7
7240259,33,6
7240504,32,5
7240724,26,3
7241087,26,7
7241413,26,3
7242070,26,2
7242275,26,5
7242398,25,3
7242555,26,3
7242809,25,5
7242974,42,1
7243151,36,6
7243242,26,3
7243378,27284,2
7243414,25,1
7243854,38,3
7244094,37,6
7244359,58,7
7245837,52,5
7246047,62,2
7246377,58,6
7246526,95,1
7246710,60,1
7248399,80,2
7248983,95,6
7249190,46,4
7249413,65,2
7249758,54,5
7250162,34,7
7250587,33,3
7250861,33,2
7251102,33,3
7251626,32,7
7251851,32,7
7251941,41,4
7256658,13253,7
7257069,420,4
7258325,137,4
7282981,36335,1
7290499,303,7
7293745,26967,7
7309732,42570,2
7313058,25326,5
7313239,14596,5
7314911,4105,2
7315122,38075,2
7319842,67,1
7320055,53,2
7320335,53,3
7320400,54875,7
7320710,13153,1
7321046,42,6
7321494,103,7
7321930,126,6
7322485,112,5
7322749,99,6
7323644,61234,2
7323651,55424,3
7324585,97,2
7325527,1290,3
7326727,54883,1
7336170,3455,7
7336639,3639,4
7337222,3631,1
7337635,3969,2
7338052,4435,4
7338470,4619,6
7338877,5487,4
7339287,5518,3
7339710,4903,5
7340166,4669,3
7340575,4954,5
7340973,5491,2
7341363,7933,3
7341808,10046,6
7341824,8162,4
7342194,11454,7
7342560,11438,5
7342914,10683,5
7343272,9040,5
7343625,7606,7
7344075,6748,7
7344488,6137,7
7344849,5599,7
7345205,5009,1
7345568,4729,4
7345926,4620,5
7346281,4496,5
7346632,4414,1
7346989,4324,6
7347356,4286,5
7347722,4214,7
7348075,4194,2
7348431,4362,7
7348794,4343,6
7349160,4453,6
7349518,4559,2
7349882,4563,4
7350244,4677,7
7350609,4682,2
7350972,4690,7
7351338,4750,7
7351704,4736,7
7352064,4596,4
7352436,4572,7
7352809,4525,6
7369942,46392,4
7371323,59,1
7371335,57,3
7390211,4244,7
7394883,35586,4
7394883,51755,4
7400018,8471,6
7403607,15625,7
7405494,61820,3
7406838,52,6
7425336,33211,1
7430532,37236,3
7432608,15572,2
7445739,300,4
7446547,15908,1
7448191,12958,3
7455371,2299,6
7462679,2260,5
7462699,5739,5
7462796,46989,3
7473669,13450,1
7475991,8449,3
7482002,2364,2
7482021,58,4
7482070,5321,3
7483592,24704,5
7485215,45,1
7486221,34889,2
7487050,2946,5
7487371,37861,5
7487842,40153,1
7492760,24669,7
7492901,52,1
7494166,75,2
7495303,55,6
7497636,54261,3
7499468,39,2
7499908,27841,2
7499909,15982,1
7499910,14984,5
7502130,58266,2
7504037,4203,5
7504756,32573,1
7506264,16317,5
7506330,17149,3
7506332,15974,4
7506333,15592,2
7506335,21994,5
7507253,38,2
7507273,38,3
7507857,64832,1
7508080,41,4
7508091,35,7
7509583,5419,5
7516189,2195,3
7516371,35,6
7516384,35,3
7516398,32,7
7516410,35,2
7522884,46742,3
7523145,13250,4
7536259,35900,1
7556894,12961,5
7557271,60751,2
7560565,30958,5
7564939,1478,2
7565876,6618,7
7566828,38994,4
7568975,107,4
7569789,106,3
7570243,58227,1
7572573,72,3
7573344,31941,1
7573877,1596,7
7575119,33,4
7575345,32,3
7575690,531,5
7576387,2406,6
7576794,13270,2
7582658,338,2
7583969,2383,2
7585969,20963,3
7585970,20745,3
7585972,15972,3
7585974,18014,7
7585975,16165,6
7585976,16807,6
7587276,107,6
7588732,50,4
7593852,1233,1
7595613,83,5
7595762,1237,3
7596775,13091,7
7600158,106,6
7600183,106,2
7600206,109,7
7623621,80,4
7648825,39045,4
7649037,57,4
7650274,48,2
7650882,17519,1
7651188,37123,7
7651481,32029,2
7654294,2216,2
7655063,106,4
7655604,1747,3
7656426,53,2
7660688,41,7
7660725,474510,2
7661161,26,2
7661536,24,1
7662821,1022,1
7663107,113,6
7663844,6397,1
7663875,65,6
7663940,140,7
7663986,107,3
7664045,39,5
7664073,63,3
7664146,129,5
7664332,917,4
7665069,108,3
7665626,1700,3
7665682,111,6
7666075,34,2
7666127,113,4
7666322,12098,1
7666449,630,7
7666731,59,7
7667508,38,5
7667544,105,6
7667574,106,6
7668671,108,3
7668964,40,3
7669304,2374,3
7669712,56,1
7669818,932,2
7669826,605,4
7669835,632,2
7670595,25354,2
7670650,6470,6
7670670,50287,6
7671616,402,3
7671787,13321,4
7671824,34,5
7672245,30,2
7672455,399,6
7672692,61829,4
7675095,2377,5
7675636,400,7
7676633,1830,2
7676678,97,2
7677091,1833,1
7677115,64885,4
7678055,6394,4
7679316,3620,3
7679694,106,6
7679885,29,4
7680030,29,1
7680055,32,2
7681082,31,7
7681270,88,2
7682033,31,6
7682392,32,4
7682554,31,4
7682895,39,5
7683168,30,4
7685143,13244,5
7685769,32,6
7686735,32,1
7686976,31,2
7687286,31,1
7687359,2399,5
7687812,32,6
7688067,31,7
7688128,90,6
7688244,106,4
7688342,31,7
7688561,31,1
7688703,33,7
7688800,48,4
7689018,32,5
7689183,31,3
7689340,31,7
7689596,31,4
7689748,31,6
7689814,165,6
7689874,50,4
7690621,59590,6
7691369,48,4
7692321,168,1
7692475,1243,1
7692799,47,6
7717427,51,7
7736731,6400,5
7736938,27546,4
7737055,61223,4
7737390,933,3
7737973,823,1
7738812,49944,6
7738961,32086,2
7739114,112,1
7739654,1024,4
7739731,2309,1
7741340,6240,7
7741666,735,5
7742326,52444,2
7742423,281,1
7742594,9533,1
7746045,88,1
7746224,526,2
7748867,16095,3
7748869,28832,4
7748870,20894,4
7748872,16960,3
7748873,16096,3
7748874,16177,2
7752011,54,4
7752363,34714,7
7757796,50,4
7762239,49,5
7762560,47,1
7763215,58,7
7764178,48,2
7764750,49,1
7765680,79,5
7765761,16642,4
7766116,47,4
7766237,34,5
7766827,47,3
7767248,33,6
7767443,50,3
7767486,327,6
7768259,252,1
7768260,41,6
7768361,931,7
7768429,42,7
7769052,42,1
7769254,3854,2
7769681,50,5
7770233,327,7
7771263,64836,5
7772904,52934,6
7773768,327,4
7774506,327,6
7775077,35,1
7775419,41,5
7776041,40,6
7776346,76,3
7776866,106,2
7777231,43,4
7777587,44,2
7779941,48,7
7780372,13287,3
7780994,49,1
7784566,48,4
7784830,46,5
7786232,47,1
7789447,1012,4
7790656,51,7
7791613,47,7
7792130,47,2
7792363,46,6
7793434,48,6
7793811,46,2
7794573,2775,7
7795471,47,5
7795549,48,7
7795649,46,2
7796218,47,6
7796449,46,6
7796988,931,3
7797091,48,2
7798009,48,4
7798338,47,2
7798780,1736,6
7798785,1608,4
7798789,1987,2
7798793,1802,6
7798931,46,3
7799484,47,5
7800177,47,2
7800508,47,1
7800808,47,3
7800853,47,5
7801231,47,6
7802127,39,7
7802770,39,7
7803299,46,6
7803945,40,4
7804169,39,3
7804807,48,1
7805605,25,1
7805618,387,3
7805630,26,1
7805635,2154,5
7805642,148,5
7805745,893,7
7805756,1024,2
7805762,1855,5
7805785,2224,5
7805789,2545,1
7806280,1075,5
7806302,2301,3
7806308,2065,7
7806315,1471,1
7806319,2390,1
7807014,47,3
7807361,46,6
7808130,77,2
7811561,2708,4
7811570,3217,5
7811575,3094,1
7811581,2628,1
7811586,3793,6
7811616,8433,4
7814079,60213,7
7814303,1232,6
7814593,2009,7
7814600,1526,5
7814604,1482,3
7814608,2002,3
7824897,64837,3
7826191,61827,1
7826289,21628,2
7826422,17049,3
7827303,5524,4
7828154,4642,7
7828636,74,5
7830357,7233,5
7840235,17270,1
7840244,16911,3
7841412,15861,3
7842894,42721,1
7843251,49,2
7843318,39,4
7843682,1240,4
7844115,45,6
7845580,52,1
7845595,49,6
7846201,1238,5
7846686,48,1
7846707,45,7
7846875,47,5
7846919,6835,1
7846920,48,2
7847071,171,4
7847132,70,2
7847160,54,3
7847584,45,7
7848546,47,1
7848593,46,5
7848745,42,3
7848878,48,6
7848986,45,4
7849023,35,5
7849207,34,1
7849291,33,2
7849376,153,5
7849553,40,7
7849776,37,2
7849910,107,2
7850009,36,4
7850172,39,4
7850383,3779,2
7850721,47,2
7850821,48,5
7850861,46,1
7850972,47,6
7851366,46,5
7852480,672,7
7852771,33,3
7853117,47,4
7853394,45,6
7853543,46,1
7854152,64828,1
7854168,3633,6
7854288,45,2
7860112,13212,5
7860510,90,1
7860942,256,2
7862227,6351,7
7864505,153,4
7865061,40,1
7865240,7232,5
7868201,35,1
7871150,34525,5
7872000,48,7
7872338,46,5
7872719,256,7
7875349,18070,7
7888467,6360,1
7900082,13244,4
7902573,61829,5
7903107,61829,4
7911951,48,6
7911986,45,1
7912719,48,4
7913229,46,6
7916023,45,3
7916223,47,4
7916592,45,4
7919681,16906,5
7919782,16783,3
7919850,17327,6
7920533,46,3
7921068,46,3
7924083,55,2
7924191,429,3
7924683,56,2
7924698,47,7
7925353,55,6
7925409,47,4
7925579,55,6
7925723,55,6
7925970,55,6
7926011,437,2
7926113,55,3
7926307,55,4
7926778,56,1
7926910,112,5
7927157,31,5
7927388,46,1
7927701,55,7
7927945,46,7
7928018,57,6
7928271,54,2
7928769,46,3
7928984,54,3
7929262,46,3
7929543,38,3
7929871,45,2
7930118,47,2
7930466,46,1
7930633,54,2
7931589,37,6
7931811,37,1
7932188,38,6
7932300,39,7
7932461,37,1
7932569,37,1
7932787,54,1
7933267,53,1
7933749,53,1
7933981,54,4
7934146,54,1
7934336,49,6
7934585,50,5
7935190,32,2
7935354,49,4
7935701,48,3
7937102,50,4
7937432,50,3
7937649,49,4
7937887,49,2
7938325,38,3
7938537,48,4
7938830,49,1
7939122,48,3
7940451,50,4
7940797,50,1
7942305,6953,2
7943608,20529,2
7948604,13473,5
7951496,58,7
7952384,225,4
7962059,13230,2
7969785,15504,3
7975268,15919,1
7985257,15478,6
7991182,13076,4
7994458,61826,3
7995059,61827,6
7999760,18022,6
7999867,16823,2
7999917,18022,1
8004240,13183,5
8010844,32,4
8011122,50,3
8011417,30922,4
8011474,48,6
8011689,59,1
8011998,52,1
8012130,52,2
8012133,53493,7
8012354,47,4
8012426,49,2
8012815,20431,7
8013019,41430,1
8013092,52,3
8013262,49,7
8013514,1105,6
8014338,52,5
8014650,49,2
8015160,1140,7
8017429,13140,7
8019503,1980,4
8019702,54,3
8021120,70,4
8021369,72,6
8021870,44,2
8021946,6940,1
8021980,1632,1
8024001,838,7
8024071,72,4
8024284,72,1
8024440,70,6
8024701,33,1
8025186,207,5
8025243,265,7
8025351,53,5
8025586,325,1
8025829,53,3
8026586,51,3
8026673,242,2
8027048,1405,4
8027369,39547,4
8027421,45,5
8027896,45,4
8028376,65,2
8028412,1412,7
8030559,16463,6
8031953,50,5
8032374,49,2
8032930,50,2
8033298,50,2
8033565,49,7
8033680,49,7
8034651,50,5
8034833,49,6
8034907,40,6
8035063,413,4
8035319,49,7
8035602,4412,2
8035701,54,5
8040290,6471,7
8042317,30926,2
8047036,16391,1
8047104,15118,5
8047159,14905,3
8050682,50,2
8050688,41,2
8050700,40,4
8060721,3318,2
8060771,4416,4
8060782,3334,3
8060788,3602,3
8060791,2558,1
8068660,811,7
8068671,1533,5
8068677,1625,5
8068687,1145,2
8068690,1244,5
8075137,936,5
8075147,2139,1
8075151,2327,7
8075156,2335,5
8075161,3709,1
8079153,41057,4
8079190,954,2
8079691,16464,4
8079749,15402,2
8079812,100,7
8080900,492,2
8081009,1155,6
8081013,1106,2
8081404,14272,5
8081668,902,7
8081674,1079,7
8082400,51,6
8082846,534,4
8083198,40,6
8083316,41,6
8083806,33,4
8084281,40,6
8084542,2683,4
8084557,4424,2
8084562,4926,5
8084569,5157,6
8084573,5037,6
8084714,43,3
8085226,4580,5
8085798,2341,1
8085809,10554,3
8085813,7155,2
8085817,6480,5
8085822,6553,5
8086640,13125,1
8087005,62,3
8088698,64836,3
8089512,4182,3
8089617,4383,2
8089720,4505,3
8089822,5712,3
8089924,4573,7
8090028,4672,1
8090136,4843,6
8090238,4833,4
8090339,5084,1
8090442,5058,5
8090543,5119,4
8090644,5142,6
8090746,5167,4
8090848,5612,6
8090950,5383,5
8091052,5387,1
8091130,9270,4
8091146,4584,5
8091153,5359,3
8091197,15119,7
8091198,16393,5
8091199,20980,5
8091254,5469,1
8091355,5457,5
8091456,5460,1
8091558,5595,7
8091659,5943,6
8091760,6018,7
8091861,6158,5
8091962,6344,5
8092064,6342,2
8092165,6434,5
8092266,6540,5
8092368,6679,7
8092469,6520,2
8092570,6199,1
8092672,5907,3
8092773,5778,1
8092874,5788,3
8092976,5866,4
8093077,5781,7
8093179,5685,6
8093280,5726,2
8093381,5819,6
8093483,5732,3
8093584,5921,4
8093686,5585,5
8093787,5628,4
8093817,37,4
8093888,5776,6
8093990,5474,5
8094008,36,3
8094092,5430,4
8094193,5483,4
8094295,5405,1
8094397,5306,7
8094499,5619,3
8094600,5606,1
8094702,5493,2
8094722,33,1
8094804,5810,3
8094905,5518,1
8095007,5528,2
8095108,5392,6
8095209,5540,1
8095311,5451,4
8095412,5533,3
8095513,5273,3
8095614,5797,3
8095716,5141,7
8096005,64828,5
8096178,1238,1
8096795,4592,5
8096857,28043,6
8097115,31114,3
8097157,435,4
8097626,31363,4
8099311,117,3
8099492,129,6
8099666,40,2
8099766,12863,2
8099888,64839,7
8100051,34,7
8100683,436,6
8101458,299,4
8101639,425,5
8102090,5251,5
8102090,435,7
8104484,30,5
8105111,171,3
8105137,30,3
8105353,29,1
8105401,429,7
8105571,30,6
8106031,305,6
8106544,29,5
8107112,394,7
8107355,30,2
8107505,29,7
8107746,28,2
8108297,30,6
8108599,303,4
8109052,425,6
8109123,63240,2
8109680,1963,7
8110840,4607,7
8111643,54,4
8111708,8465,1
8111710,6708,5
8111711,6749,4
8111712,6703,4
8111782,6659,4
8111783,6664,2
8111784,6625,4
8111786,6676,7
8135404,70,2
8165220,53,1
8165581,35422,6
8170566,4646,7
8173439,6759,5
8173440,8475,7
8173441,6740,4
8173443,6632,1
8173464,8450,2
8173465,6690,3
8173466,8475,5
8173467,6625,1
8175453,61825,6
8175475,52336,7
8176128,51,6
8178455,439,1
8178844,116,3
8179621,446,3
8181208,2390,2
8182390,2717,6
8182746,4177,6
8182847,5109,6
8182948,5081,4
8183050,5098,6
8183151,5081,7
8183252,5103,1
8183353,5096,5
8183454,5110,1
8183556,5107,1
8183658,5110,7
8183759,5112,1
8183861,5103,5
8183962,4991,4
8188279,43,3
8188465,27,7
8188950,39,4
8189021,39,4
8189068,37,6
8189267,36,6
8189575,34,2
8194414,15447,3
8198346,343,6
8199258,6501,1
8200749,15494,5
8201078,95,1
8206341,41058,5
8207967,2064,4
8209992,34660,1
8210886,40,6
8210941,3053,2
8211971,431,5
8212071,431,2
8221844,51,6
8222535,51,2
8222556,51,4
8223285,51,5
8234179,3406,7
8252138,36,5
8255333,15969,6
8255692,23999,7
8256052,14769,7
8256147,16904,4
8257494,4634,4
8270900,52,3
8272419,61,3
8273100,8805,5
8273260,32,1
8273515,51,2
8274437,4204,1
8274472,34,2
8274539,4195,3
8274640,4194,7
8274741,4364,3
8274843,4475,4
8274944,4518,6
8275047,4630,5
8275051,51,7
8275107,33,1
8275118,34,7
8275148,4669,1
8275249,4695,1
8275351,4798,3
8275367,33,4
8275452,4899,1
8275553,4945,2
8275602,35,2
8275655,5088,4
8275756,5416,7
8275857,5047,5
8275959,4024,6
8276047,114,1
8276060,4408,7
8276162,4497,4
8276263,4434,7
8276364,4498,5
8276433,35,5
8276465,5225,7
8276567,5471,7
8276668,5460,1
8276769,5518,4
8276870,6195,4
8276918,1407,3
8276972,6332,7
8277073,6763,2
8277174,7266,7
8277276,7308,2
8277377,7476,1
8277478,8050,1
8277580,7760,4
8277681,7643,4
8277702,6682,7
8277782,8205,4
8277883,8023,4
8277985,8346,3
8278086,8881,7
8278188,9002,6
8278995,165,5
8279799,2472,3
8280213,44,5
8280233,38,5
8280234,23383,5
8280256,44,4
8280269,35,4
8280287,69,6
8281075,15177,4
8281831,49,5
8282402,50,5
8282416,48,6
8282430,55,5
8282446,15776,2
8282465,46,2
8282575,163,3
8282637,105,2
8282697,80,4
8282832,63084,4
8282856,15144,4
8283123,52,7
8283751,50,1
8284381,36,6
8284398,32,5
8284410,30,7
8284425,46,7
8284673,290,5
8285356,10583,2
8286452,15594,4
8286723,9486,6
8286727,7850,3
8286730,7808,1
8286733,3897,3
8286756,9056,5
8286759,4654,1
8286761,138,5
8286764,30,2
8286766,26,7
8286858,8764,6
8286959,9088,5
8287060,8791,6
8287162,9271,6
8287265,8793,5
8287366,8933,3
8287467,8831,6
8287569,9142,4
8287670,9017,4
8287771,8976,2
8287872,8931,4
8287974,8974,7
8288075,9146,5
8288176,9294,5
8288278,9170,3
8288379,8714,6
8288480,8966,3
8288581,8798,7
8288683,8945,1
8288784,8852,3
8288885,9115,7
8288986,9214,7
8289088,9232,3
8289189,9224,5
8289291,9283,1
8289392,9215,6
8289494,9124,7
8289595,9097,6
8289696,9083,3
8289798,9146,2
8289899,9248,4
8290001,9313,4
8290102,9438,4
8290203,9601,7
8290304,9741,3
8290406,9650,1
8290438,37082,4
8292201,35,3
8292273,37,4
8293582,797,5
8294438,9030,1
8301598,349,4
8302441,44,5
8304943,34,5
8306292,260,3
8309662,27,7
8342030,15304,2
8342271,16394,3
8342822,6787,7
8344509,3652,2
8348308,93,6
8349657,31,4
8349808,32,1
8349851,39,1
8350071,6475,5
8351752,35,4
8352583,270,5
8353027,326,4
8353659,28,1
8353746,2,7
8353865,84,3
8354125,153,4
8354907,35,6
8355698,2971,4
8356362,1,5
8356608,25,3
8356753,24,6
8357555,30,7
8357851,30,5
8357898,787,4
8357902,39,3
8357973,30,3
8358261,27,5
8358278,41,3
8358289,34,6
8358295,35,5
8358305,33,2
8358402,32,4
8358649,109,6
8358683,9589,7
8358692,41009,4
8358713,1768,7
8358724,35,6
8358832,56,2
8359206,42,3
8359219,39,5
8359233,47,2
8359247,41,5
8359251,65020,2
8359267,1380,3
8359319,58837,7
8359671,37538,2
8359772,49,4
8359950,32422,3
8360024,30044,2
8360110,30481,6
8360289,53,7
8360376,319,2
8360745,50,6
8361426,52367,7
8362284,10275,7
8365656,6500,3
8365755,33,2
8365837,17054,6
8367123,52,7
8367191,51,7
8367758,604,5
8367783,589,6
8368629,2051,3
8368790,39,7
8368826,31,6
8368842,43,2
8368850,30,5
8370008,41,7
8370020,30,4
8370021,44,1
8370022,32,1
8370654,53,6
8370895,50,3
8371530,24,6
8373146,51,6
8377608,318,4
8379201,339,1
8379473,24,1
8379987,24,7
8380101,23,6
8380295,23,2
8380699,23,6
8381041,24,6
8381507,24,2
8381595,23,1
8381760,23,1
8381915,24,1
8382028,24,1
8382236,8296,2
8387814,598,1
8387827,627,7
8389786,660,3
8389797,656,7
8390298,643,3
8390310,656,3
8398479,12311,1
8398486,4266,5
8400566,31454,6
8404119,64,7
8409186,41,6
8409219,31,1
8409220,46,4
8409222,37,4
8422012,26,4
8422136,15613,7
8422661,16432,6
8423249,17632,3
8427638,227033,3
8429672,35,7
8429695,32,4
8429844,60399,7
8429997,2084,3
8430030,2063,5
8430071,39752,6
8432033,146,2
8432230,8492,6
8433134,306,2
8433147,6833,6
8433193,6750,7
8433195,6827,5
8433197,6707,4
8433198,6814,6
8435733,340,4
8435977,8474,6
8436018,8902,7
8436870,1110,1
8439291,2707,7
8439403,15843,2
8440443,12807,6
8440562,7404,2
8441450,17244,4
8441821,9027,4
8441852,8994,4
8441884,8868,3
8441917,10696,6
8441953,18023,6
8445034,64835,3
8446369,3148,2
8446471,3215,2
8446573,3630,2
8446675,3980,2
8446776,3900,5
8446878,3932,7
8446980,4025,2
8447081,4115,3
8447183,14892,5
8447286,4363,3
8447388,4418,4
8447489,4458,6
8447591,4698,6
8447692,4583,5
8447794,4685,1
8447895,4712,5
8447997,4770,2
8448098,4802,4
8448199,4756,2
8448301,4751,7
8448402,4864,7
8448503,4847,1
8448605,5108,3
8448706,5468,4
8448808,5954,1
8448910,6770,1
8449012,7620,1
8449113,8246,3
8449215,8805,5
8449317,9571,4
8453913,292,1
8453923,8612,6
8454110,25411,7
8455880,32423,4
8457076,8965,7
8458189,6645,3
8458190,6719,5
8458191,6833,2
8458192,6836,6
8458213,6805,2
8458214,6700,5
8458215,6843,5
8458216,6849,4
8458430,279,4
8458983,36022,7
8463113,1827,5
8463201,3637,3
8463222,3628,1
8463534,3649,6
8463547,3657,6
8463564,3638,7
8463630,3648,3
8463642,3657,5
8463648,3637,4
8463675,270,3
8463717,3642,5
8463721,316,1
8463726,3637,7
8464871,11172,1
8464972,11344,7
8465073,11182,3
8465174,10972,2
8465187,268,5
8465276,10830,5
8465378,10851,6
8465556,10865,4
8469423,35574,7
8471048,46220,2
8473670,35057,6
8473891,35378,1
8509027,32908,3
8509126,29481,4
8509194,33634,4
8514827,106,7
8515178,23,3
8515311,23,2
8515464,23,1
8515708,24,6
8516436,105,6
8516653,105,4
8517095,1828,4
8519229,447,2
8519730,2842,3
8522484,60510,1
8523098,64830,2
8523134,100,1
8523381,337,2
8528299,343,3
8528659,12670,1
8530674,6822,1
8530675,6838,3
8530676,6799,3
8530678,6836,6
8530702,6801,6
8530704,6719,4
8530705,6837,4
8530706,6877,1
8530869,52,2
8532347,350,1
8560239,33076,2
8560304,30113,2
8560366,32033,2
8572805,38148,6
8576715,6686,5
8578116,66,2
8579307,9763,4
8583380,53,2
8583672,51,4
8586282,50,5
8586805,52,7
8599341,10699,5
8607325,9811,1
8612379,1690,2
8612443,753,7
8612454,776,2
8614442,1411,3
8615852,3289,6
8616453,14891,5
8617055,3625,6
8617149,24412,4
8617656,3868,4
8617686,625,7
8618258,3715,3
8618647,16631,2
8618859,3762,1
8618969,18022,1
8619354,18023,1
8619461,3850,5
8620062,3948,6
8620663,4142,2
8621264,4188,3
8621519,14522,1
8621520,14493,3
8621521,14395,3
8621523,14525,3
8621524,14015,3
8621526,13925,5
8621527,13899,1
8621528,13954,5
8621529,13938,3
8621531,14018,7
8621532,14074,3
8621533,13951,4
8621866,4245,6
8622468,4336,7
8623070,4476,1
8623671,4501,3
8624272,4532,5
8624874,4595,1
8625475,4541,4
8626076,4572,1
8626678,4485,3
8627279,4550,7
8627880,4608,1
8628481,4708,7
8629082,4999,1
8629113,44,7
8629684,5453,2
8629745,6699,5
8630285,5682,3
8630886,6126,2
8631488,14917,1
8632089,7925,7
8632690,8791,1
8633291,9648,4
8633893,10324,7
8634494,10652,4
8635095,10696,6
8635697,10550,2
8636298,11631,7
8636846,16932,2
8636899,11547,1
8637209,18022,7
8637501,11477,3
8637510,17969,5
8638102,11303,5
8638703,10876,3
8639304,10234,4
8639905,10513,1
8640507,10371,5
8641108,10104,6
8641709,9890,4
8642310,9958,6
8642911,9975,3
8643513,14905,2
8644114,10182,6
8644715,9996,1
8645316,9812,7
8645918,9708,5
8646519,9492,7
8647121,9466,2
8647725,9730,3
8648327,9720,1
8648928,9814,6
8649530,9787,7
8650131,9951,2
8650732,9905,7
8651334,10015,3
8651936,10045,2
8652537,10106,5
8653139,10130,4
8653740,10297,6
8654342,10274,7
8654943,10050,6
8655429,61118,5
8655544,9876,3
8655562,64834,5
8655658,60589,7
8656146,9898,5
8656747,9825,4
8657348,9808,5
8657950,9690,4
8657963,6720,6
8658552,9487,4
8659153,9385,2
8659754,9479,5
8660356,9385,1
8671833,2889,7
8672034,14895,5
8672235,3205,3
8672438,3193,4
8672538,6537,1
8672639,3138,2
8672840,3184,3
8673041,3300,6
8673243,3331,3
8673444,3412,3
8673645,3481,1
8673847,3558,6
8674048,3585,3
8674249,3671,2
8674451,4263,4
8674652,3790,2
8674853,3826,1
8675054,3881,3
8675256,3947,2
8675457,3980,4
8675658,4064,5
8675859,4048,2
8676061,4101,6
8676262,4080,1
8676464,4091,3
8676665,4143,2
8676866,4155,4
8677067,4099,6
8677268,4051,2
8677470,4061,4
8677671,3977,3
8677873,11138,1
8678074,3784,4
8678275,3725,5
8678476,3659,5
8678678,3615,1
8678879,3595,4
8679080,3646,4
8679281,3643,6
8679482,3633,7
8679684,4091,7
8679885,4124,6
8680086,4166,1
8680287,4244,2
8680488,4185,7
8680690,4204,6
8680891,4158,5
8681092,4172,6
8681294,4172,4
8681495,4106,7
8681696,3946,6
8681897,4631,5
8682099,4534,5
8682300,3659,1
8682501,3645,3
8682702,4799,2
8682882,53,5
8682903,4781,6
8683105,4775,5
8683306,4795,7
8683507,4804,6
8683708,4798,7
8683910,4793,7
8684111,4782,5
8684312,4782,5
8684513,3663,4
8684715,3658,1
8684916,4625,4
8685117,3951,5
8685318,3808,5
8685520,3680,1
8685721,3628,6
8685922,3697,5
8686123,3683,5
8686325,3631,4
8686526,3620,5
8686727,3626,1
8692105,518,2
8692187,64833,2
8695283,10798,1
8697858,37,2
8698370,270,5
8699648,3627,2
8699901,64855,3
8700243,3650,1
8700503,79,5
8703049,334,5
8703125,46,4
8703375,351,5
8703394,646,1
8703797,41,3
8704057,29,1
8704433,38,4
8704757,468,1
8705707,31,1
8706119,32,3
8706343,63,6
8706938,6000,4
8707645,60034,7
8708739,444,5
8709159,5130,3
8709777,423,5
8709890,37,3
8710967,421,4
8711050,53,4
8711384,52,3
8711667,53,1
8711711,7228,6
8711759,16218,2
8711915,36023,1
8711992,52,1
8712038,34409,4
8712279,32,2
8714883,116,5
8714959,110,1
8716248,1059,1
8717626,64830,1
8717670,7228,2
8717942,7228,1
8717952,7246,2
8717970,7243,1
8718277,7241,2
8718285,7230,6
8718305,7252,6
8718358,7246,7
8718414,7238,6
8718885,15271,6
8719008,8999,3
8719295,229,6
8719301,193,5
8719707,7237,6
8720876,30,1
8722892,330,4
8723737,24,7
8724168,190,7
8724263,220,2
8724513,60072,1
8724849,6540,2
8732044,10837,1
8732123,10838,2
8744259,2758,6
8744360,2884,6
8744461,2888,2
8744562,3037,5
8744664,3068,3
8744765,3139,7
8744866,3262,2
8744967,3319,3
8745069,3399,7
8745170,3455,5
8745271,3501,2
8745373,3467,7
8745474,3540,6
8745575,5029,2
8745676,3775,4
8745777,3821,1
8745879,3817,1
8745980,3806,3
8746081,3675,2
8746182,3598,4
8746284,3656,2
8746385,3601,3
8746486,3492,7
8746587,3498,7
8746689,3458,6
8746790,3418,2
8746891,3420,4
8746993,3426,1
8747094,3467,5
8747195,3445,5
8747298,3443,6
8747399,3458,6
8747500,3463,6
8747601,3464,7
8747703,3487,4
8747804,3499,6
8747905,3493,7
8748007,3521,4
8748108,3541,3
8748209,3535,5
8748311,3512,2
8748412,3530,7
8748513,3528,2
8748614,3547,4
8748716,3557,3
8748817,3576,4
8748918,3587,5
8749022,3599,4
8749125,3604,6
8749226,3631,6
8749328,3664,4
8749429,3681,6
8749531,3728,6
8749633,3751,4
8749734,3755,7
8749836,3776,5
8749937,3800,1
8750038,3812,6
8750140,3824,1
8750241,3852,4
8750342,3864,7
8750444,3886,1
8750545,3868,3
8750646,3847,1
8750748,3847,1
8750849,3846,5
8750950,3857,2
8751051,3871,5
8751152,3880,6
8751254,3874,6
8751355,3905,3
8751456,3912,3
8751557,3924,1
8751659,3958,4
8751760,3964,1
8758904,1034,1
8768013,29829,2
8768149,33218,3
8768224,34247,7
8776798,25404,3
8780230,39,3
8780250,3382,1
8780281,1035,4
8781495,9838,5
8782325,2174,4
8782702,335,1
8783965,15801,3
8784017,7739,3
8784113,224,3
8784602,225,6
8790595,47626,6
8791338,18038,6
8791354,14442,4
8791413,18039,5
8791415,14441,4
8796113,33841,3
8796140,59848,4
8797022,3270,5
8797124,6858,7
8797227,9841,1
8799952,44,2
8800955,982,2
8802987,6510,2
8803755,3270,2
8806937,6141,6
8811424,3638,6
8811617,35,6
8815853,4313,6
8815854,10190,1
8815856,10819,2
8815857,10916,5
8815858,11037,5
8815859,11189,6
8815861,11307,3
8815862,11268,7
8815863,11360,5
8815864,11295,1
8815866,11552,4
8815867,11696,4
8815868,11609,4
8815869,11403,2
8815871,11536,3
8815872,11471,2
8815873,11480,4
8815874,11407,7
8815876,11338,4
8815877,11401,7
8815878,11489,6
8815880,11455,4
8815881,11375,6
8815882,11331,1
8815883,11355,6
8815884,11329,5
8815886,11498,4
8815887,11503,5
8815888,11387,3
8815890,11273,4
8815891,10803,4
8815892,10746,2
8815894,10743,3
8815895,10744,5
8815896,10761,7
8815897,10660,6
8815899,10596,4
8815900,10656,7
8815901,10549,5
8815955,3072,6
8815956,3808,1
8818880,147,6
8820639,7228,4
8820832,7242,4
8820833,668,2
8820835,7238,7
8820836,7246,4
8830440,34,3
8830443,32,3
8830826,28838,6
8830827,28841,7
8830828,43247,2
8831235,28842,7
8831236,36042,2
8831238,43240,4
8832666,12734,5
8842460,32,7
8842939,32,7
8842940,34,7
8842941,49,7
8842957,45,3
8855893,29508,7
8855985,33097,4
8856072,35021,1
8862018,64835,1
8863363,324,5
8866395,31098,7
8866409,46,1
8867058,633,4
8868420,339,6
8868563,1838,6
8869189,908,7
8869224,8203,4
8869293,417,5
8870269,40,5
8870979,4017,6
8871083,940,6
8871388,45,7
8871806,1582,6
8872658,1537,3
8874224,325,5
8875480,620,3
8876988,43,7
8878387,896,2
8878672,48,3
8879008,34,3
8879009,35,6
8879011,34,6
8879012,39,3
8879058,33,2
8879059,33,2
8879060,35,7
8879061,40,3
8880015,43,1
8880282,43,5
8881323,446,6
8881724,6845,5
8881793,2729,2
8881966,1547,4
8882044,108,1
8882180,511,3
8882250,44,3
8882720,28829,1
8882722,36031,3
8883083,28829,4
8883085,28832,6
8883681,1340,2
8883940,186,6
8885707,36022,1
8888446,6487,3
8888554,633,6
8889156,35,6
8889192,36,3
8889501,190,1
8889594,2112,1
8891259,34,7
8892076,19263,5
8892337,36024,2
8894158,36023,4
8895449,2255,1
8895632,692,1
8895762,18030,4
8898071,61829,2
8899123,41,1
8899124,37,6
8899126,40,1
8899127,61,5
8899128,107,6
8903543,527,5
8906849,41,2
8913165,44,7
8913167,33,4
8913255,105,6
8913256,108,7
8915116,38,7
8915118,85,6
8915119,34,7
8915120,44,4
8915122,62,1
8915426,85,3
8915428,35,7
8915429,39,2
8915430,43,1
8915431,61,7
8925220,6641,4
8929080,144,2
8929082,138,5
8942222,64822,2
8942369,47673,1
8942398,59939,5
8942543,58477,6
8943706,18990,7
8948626,28,4
8948695,719,7
8949918,1651,4
8950229,5152,4
8950588,486,6
8950745,722,5
8951656,489,4
8953564,3092,7
8954396,82,7
8954583,15576,1
8955983,1829,5
8956535,1233,7
8956736,5138,6
8957959,64,5
8958723,49,6
8959529,211,6
8959853,47,6
8960883,1748,7
8961222,5228,1
8961945,121,6
8961946,108,7
8964887,110,3
8964888,72,7
8964921,56,3
8965141,33,6
8965143,74,6
8965144,52,6
8967182,453,1
8969106,1695,5
8969478,55,6
8969830,39,5
8970246,69,7
8970269,9592,3
8970287,53,6
8970366,69,1
8970396,55,4
8970915,457,7
8974308,56789,4
8975615,15032,6
8978076,6511,6
8978632,17756,2
8980254,555,6
8981791,476,2
8982254,7230,3
8983465,354,1
8989621,304,5
8996516,56678,6
9000236,187,2
9000238,100,3
9000239,188,6
9000240,130,2
9003644,7236,5
9003831,7236,4
9019071,19196,2
9028383,30992,1
9030596,503,1
9033556,25400,3
9035533,39,3
9036088,249,5
9039129,7229,4
9040248,19131,4
9045209,34,6
9046718,48,4
9047062,453,3
9047160,37,6
9048838,30604,3
9049484,47662,7
9054220,113,1
9055378,41,5
9055561,14428,3
9055761,3084,7
9057249,474,7
9066010,32,7
9066833,25567,3
9067815,79,3
9067976,280,4
9068123,749,7
9068273,382,3
9068500,7232,7
9070888,8169,6
9080495,30944,3
9089742,2924,5
9089763,3053,7
9089785,3124,1
9089806,3214,5
9089827,3251,6
9089848,3287,1
9089869,3341,5
9089891,3406,4
9089912,3456,7
9089934,3527,4
9089956,3574,1
9089977,3661,7
9089999,3704,7
9090020,3786,5
9090042,3836,4
9090065,3859,5
9090087,3907,5
9090109,3964,4
9090130,4055,4
9090153,4207,4
9090175,4278,1
9090198,4375,6
9090221,4436,6
9090243,4570,5
9090266,4731,5
9090288,5015,5
9090310,5228,3
9090331,5400,6
9090353,5590,2
9090374,5816,2
9090396,6082,5
9090418,6392,7
9090439,6655,7
9090461,6818,3
9090482,6961,4
9090504,7093,5
9090526,7333,5
9090547,7536,1
9090569,7684,2
9090592,7835,4
9090614,8054,1
9090635,8252,3
9090657,8426,5
9090678,8585,5
9090700,8570,1
9090721,8659,2
9090743,8619,7
9090764,8311,7
9090786,8196,6
9090807,8098,4
9090829,8076,3
9090851,8012,1
9090872,8007,3
9090893,7986,7
9090914,7997,2
9090936,8047,7
9090957,7968,7
9090978,7904,6
9090999,7841,1
9091020,7722,3
9091042,7683,1
9091063,7665,6
9091084,7629,6
9091105,7546,1
9091127,7552,3
9091148,7537,2
9091169,7503,6
9091190,7520,3
9091212,7599,6
9091233,7630,4
9091254,7659,7
9091275,7698,6
9091296,7777,2
9091318,7850,2
9091339,7919,6
9102114,19054,6
9113917,30937,4
9120199,473,7
9120871,484,7
9121195,19283,4
9127792,1912,5
9129145,7231,3
9130670,7234,6
9131068,14429,6
9131116,64249,3
9136714,47620,7
9140474,19161,1
9142620,3630,1
9144844,30959,5
9145631,8990,6
9149939,3231,7
9154710,1016,3
9159634,19057,6
9162079,506,1
9163060,407,5
9163550,2616,5
9163597,31,1
9163898,35,7
9184301,47663,4
9199562,64158,1
9203388,19342,5
9211600,3509,3
9214658,18034,4
9219610,31,5
9221857,35,3
9222021,876,3
9222769,19289,4
9222929,1008,2
9224316,5015,3
9227802,423,4
9228451,64834,2
9229419,959,2
9231771,46420,5
9236453,130,6
9236734,1001,4
9238335,30,4
9238428,2798,3
9238540,906,2
9240572,43380,1
9241641,6508,6
9242076,19307,4
9244569,44,6
9245295,7229,6
9258182,47608,3
9269992,53,3
9270461,51,5
9272245,55,1
9282236,334,6
9288559,46437,6
9291263,19263,4
9291823,45,2
9292019,43,2
9293791,50,1
9295177,51,4
9295545,35,1
9295730,145,1
9295836,24,6
9296744,24623,3
9297226,645,4
9297914,23,2
9298379,106,1
9298667,34,4
9299066,31,1
9299797,32,3
9299957,32,7
9300653,31,7
9300772,32,6
9300957,33,1
9301020,24,6
9301089,32,4
9301296,34,7
9301954,24,1
9302472,24,3
9302610,24,3
9302902,14428,2
9302963,1952,2
9302987,25,3
9303197,137,5
9303226,14428,2
9304529,105,3
9304891,675,6
9305115,561,3
9306334,139,5
9307912,136,4
9307924,51,1
9309656,56,2
9310530,19273,5
9310867,63535,3
9312016,27793,5
9312649,3949,1
9314929,32,3
9315345,40,3
9316029,26,6
9318752,630,6
9319516,68,3
9319594,54,6
9319626,9901,3
9321235,41,1
9321292,2111,6
9321612,36,3
9322219,6515,1
9322304,47616,7
9322502,39,7
9323742,38,2
9327757,64254,3
9329127,6508,7
9329808,19394,4
9335354,46478,4
9352292,6493,1
9354780,19315,3
9369961,47631,5
9374082,19120,2
9386459,35,2
9387586,38,5
9387914,661,5
9390479,34,7
9390762,33,4
9393393,63986,3
9395681,21412,3
9398638,64834,7
9399571,54,3
9399980,59,5
9400216,752,6
9400749,107,1
9400874,27,6
9403370,6515,6
9403988,24,4
9404155,32,1
9405554,47,3
9405748,44,7
9405977,535,5
9405997,505,2
9409839,25405,1
9411441,19295,2
9412781,109,7
9413616,113,5
9413887,3268,6
9416766,168,2
9416975,443,4
9417255,47,1
9417529,41,4
9417531,41,5
9417532,41,4
9417534,40,4
9417535,41,3
9417536,40,3
9417538,40,6
9417540,46,3
9417810,152,7
9418037,14434,2
9421321,569,7
9423241,3629,7
9436139,53,4
9436591,33456,7
9438790,46480,7
9442015,6511,3
9454143,19260,4
9455341,332,2
9455539,37,4
9457951,56,6
9458011,30,7
9458102,106,6
9458130,34,1
9458157,33,1
9458334,31,6
9458414,76,2
9458622,76,2
9458634,77,2
9458811,78,5
9461631,53,5
9462069,35,2
9463922,35,3
9464629,34,6
9465259,36,5
9465600,33,4
9465769,36,4
9466780,25315,1
9467250,35,1
9469893,64262,4
9472088,574,6
9472469,566,6
9472486,590,2
9473290,51,6
9473405,19358,3
9473462,193,3
9473695,100,1
9473775,102,2
9473944,42,4
9474063,60,5
9474247,42,2
9474446,45,5
9474697,40,6
9474710,11242,5
9474995,67,5
9475301,522,5
9475306,600,3
9476097,11133,7
9476098,11049,7
9476099,11143,1
9476101,11240,2
9476102,11164,4
9476103,11153,4
9476105,11182,6
9476106,10948,3
9476172,22031,6
9476205,449,1
9481966,47633,6
9485276,33418,2
9485277,46483,4
9486058,772,4
9486783,565,7
9487302,89,5
9487530,10291,1
9492593,247,4
9493199,180,4
9493298,1609,6
9495125,131,6
9495581,328,3
9496111,57808,1
9496140,126,1
9498348,116,1
9499969,6509,2
9501312,19515,4
9501952,1254,6
9504358,40,3
9504507,498,2
9504893,1029,6
9510181,42503,2
9512628,112,7
9512998,34,7
9513218,112,3
9513479,1245,7
9522850,46154,3
9529606,47664,7
9531793,46427,4
9553893,975,2
9553956,1215,3
9554113,1165,5
9554680,1485,5
9554684,34,3
9554687,1214,4
9554690,1587,7
9554693,1252,4
9554697,1109,3
9554700,1756,2
9554704,2024,5
9555451,1697,4
9557982,54210,4
9559364,24107,7
9559368,23672,2
9559372,24272,2
9559375,24986,4
9559377,24844,2
9559379,24113,6
9559381,23789,4
9559382,24110,5
9559449,15149,7
9559452,14750,7
9559455,15066,6
9559457,15103,5
9559459,15373,2
9559460,14922,1
9559464,14918,6
9559466,14975,4
9563439,1851,4
9564418,553,4
9565048,567,6
9565061,601,6
9565198,1545,7
9565525,892,6
9565931,33,4
9565965,36,7
9566339,37,1
9566520,35,2
9566592,41,6
9566611,33,3
9566671,37,4
9566690,36,4
9567279,42246,1
9567462,42,1
9567500,35,5
9567541,39,1
9567602,536,1
9567607,527,4
9569005,47,2
9569983,39,2
9570238,456,6
9571060,463,1
9571134,35,6
9571365,19208,4
9571630,39,2
9571754,43,7
9572038,2647,7
9572422,1018,2
9572427,1165,6
9572614,565,6
9573294,40,3
9574595,41,4
9575077,106,1
9575202,620,1
9575295,91,6
9575923,7231,3
9575974,1023,7
9576025,88,5
9577108,960,6
9578948,6507,1
9580134,46167,3
9583838,286,5
9584847,950,1
9586115,107,3
9586440,33,1
9586676,35,5
9586983,37,5
9591084,607,4
9591109,886,1
9592099,47611,1
9593554,58967,6
9595206,290,6
9595674,2024,3
9607695,6498,2
9609774,5446,5
9617828,46406,3
9639634,2431,2
9640015,78,4
9640042,79,7
9640064,83,7
9640076,73,4
9641652,45,7
9641970,90,5
9642109,247,7
9642549,42338,1
9642725,42351,6
9642793,42380,3
9642824,44,1
9643641,3638,5
9643644,3638,3
9643647,3641,1
9643650,3640,4
9643653,3640,7
9643657,3642,5
9643660,3633,7
9643663,3633,7
9643666,3631,4
9643669,3629,1
9643673,3630,6
9643676,3629,6
9643679,3629,2
9643682,2513,2
9644397,437,1
9647681,51,6
9648284,3277,5
9648993,37,7
9662269,475,1
9664300,930,6
9665311,28729,7
9665409,6498,3
9666933,76,7
9669501,49,5
9672960,1568,4
9675211,64837,6
9675384,1569,6
9676175,64837,3
9677734,32789,1
9682396,727,3
9683611,1565,6
9685548,19390,7
9688355,1566,3
9727191,45,2
9730015,5912,1
9730018,5980,7
9730021,5708,4
9730024,5287,6
9730027,1345,3
9731461,41931,6
9737395,1175,4
9737623,47612,7
9739772,41,5
9745453,41,7
9748919,407,5
9756146,1709,6
9756348,1501,2
9756549,1048,3
9756751,1071,5
9756961,1096,3
9757168,1093,6
9757393,1100,7
9757595,1127,1
9757797,1230,7
9757998,1218,2
9758200,1461,4
9758401,1570,7
9758603,1549,1
9758804,1593,4
9759005,1724,7
9759207,1684,5
9759408,1691,4
9759610,1768,6
9759814,1712,7
9760016,1753,5
9760218,1620,4
9760420,1711,5
9760622,1732,3
9760823,1776,5
9761025,1727,2
9761226,1722,4
9761428,1775,4
9761635,1629,3
9761843,1741,1
9762052,1833,2
9762255,1749,2
9762458,1758,1
9762487,1039,6
9762636,19541,2
9762659,1752,2
9762861,1777,2
9763062,1835,4
9763264,1829,5
9763465,1735,1
9763465,11166,6
9763468,11020,6
9763471,11146,4
9763473,11182,7
9763476,11197,5
9763478,11146,4
9763482,11164,2
9763484,11005,7
9763667,1835,6
9763868,1771,7
9763898,11293,7
9763900,11152,5
9763904,11117,2
9763905,11310,7
9763929,15358,5
9763931,15384,4
9763932,15250,1
9763934,15635,1
9763961,19708,7
9763964,4348,3
9763967,1005,5
9763969,969,2
9764070,1786,4
9764271,1857,5
9764473,1756,3
9764674,1824,3
9764875,1761,3
9765077,1853,4
9765279,1851,3
9765480,1805,3
9765682,1903,1
9765884,1906,5
9766085,1895,1
9766286,1980,4
9766488,1867,4
9766689,1924,4
9766891,1888,3
9767092,1909,4
9767293,1993,6
9767495,1981,7
9767696,2097,4
9767897,2034,5
9768099,2164,2
9768300,2212,5
9768505,2354,1
9768722,2434,5
9768925,2499,2
9769127,2557,2
9769328,2665,7
9769529,2700,7
9769730,2651,1
9769932,2740,3
9770133,2746,4
9770335,2714,1
9770536,2701,1
9770738,2717,2
9770939,2665,2
9771141,2665,4
9771342,2678,1
9771543,2656,3
9771745,2788,1
9771946,2755,1
9772148,2695,5
9772349,2773,2
9772551,2684,2
9772752,2698,5
9772954,2685,1
9773156,2696,1
9773357,2820,4
9773559,2666,5
9773762,2757,7
9773963,2727,4
9774165,2771,7
9774368,2643,5
9774569,2604,7
9774770,2588,7
9774972,2464,7
9775173,2548,2
9775375,2382,2
9775576,2353,4
9775777,2406,5
9775979,2361,4
9776180,2233,4
9776382,2213,6
9776584,2196,4
9776785,2144,4
9776987,2162,4
9777188,2180,1
9777390,2238,1
9777591,2219,1
9777792,2130,6
9777994,2195,5
9778195,2166,1
9778396,2145,2
9778598,2118,7
9778799,2141,2
9779000,2103,3
9779202,2088,6
9779403,2062,3
9779605,1997,4
9779806,1983,5
9780007,1949,7
9780209,1703,2
9780410,1687,1
9780611,1653,3
9780813,1658,1
9781014,1655,4
9781215,1795,5
9781417,1845,4
9781618,1868,7
9781820,1872,6
9782021,1804,6
9782222,1696,6
9782424,1692,1
9782626,1696,3
9782827,1707,2
9783028,1663,7
9783230,1660,1
9783432,1700,5
9783633,1674,5
9783834,1627,1
9784036,1626,1
9784052,46444,2
9784237,1634,1
9784439,1609,2
9784641,1584,3
9784843,1576,7
9785044,1589,4
9785245,1538,3
9785447,1539,7
9785648,1513,6
9785850,1522,6
9786051,1531,3
9786253,1509,1
9786454,1484,6
9786655,1483,4
9786857,1497,5
9787058,1466,3
9787259,1475,3
9787461,1515,3
9787662,1456,1
9787863,1500,4
9788064,1400,6
9788266,1350,6
9788467,1349,7
9788668,1346,3
9788870,1366,7
9789071,1328,7
9789273,1347,6
9789474,1316,7
9789675,1320,4
9789876,1317,3
9790078,1311,6
9790279,1310,3
9790481,1317,5
9790682,1323,5
9790883,1327,5
9791085,1338,3
9791286,1336,5
9791487,1348,6
9791688,1352,5
9791890,1359,7
9792091,1364,6
9792292,1369,4
9792494,1376,2
9792695,1386,5
9792896,1381,1
9793098,1397,7
9793299,1415,3
9793500,1407,1
9793702,1405,5
9793903,1433,3
9794104,1418,4
9794306,1428,7
9794507,1423,5
9794708,1419,3
9794910,1429,2
9795111,1435,3
9795312,1421,4
9795514,1427,1
9795715,1415,7
9795917,1405,1
9796118,1420,1
9796319,1412,2
9796521,1410,2
9796723,1399,5
9796924,1400,1
9797125,1400,6
9797327,1397,3
9797529,1393,6
9797730,1403,1
9797931,1400,6
9798132,1406,5
9798334,1407,2
9798536,1422,6
9798737,1409,4
9798939,1419,3
9799140,1410,3
9799342,1418,6
9799543,1411,3
9799745,1409,7
9799946,1406,7
9800148,1406,5
9800349,1392,2
9800551,1377,5
9800752,1365,3
9800954,1350,5
9801155,1338,2
9801356,1326,1
9801558,1320,6
9801759,1315,4
9801960,1310,5
9802162,1300,7
9802363,1301,5
9802564,1297,4
9802765,1296,2
9802967,1296,1
9803168,1298,1
9803369,1304,6
9803571,1303,1
9803772,1304,6
9803973,1314,3
9804174,1317,4
9804376,1322,7
9804577,1323,5
9804779,1328,5
9804980,1331,6
9805181,1333,4
9805383,1336,6
9805584,1388,1
9805785,1392,1
9805987,1392,7
9806188,1411,1
9806389,1415,2
9806591,1344,4
9806792,1345,1
9806994,1348,5
9807195,1349,2
9807396,1349,2
9807598,1350,2
9807799,1351,5
9808000,1352,5
9808202,1355,5
9808403,1352,2
9808605,1353,7
9808806,1350,1
9809008,1350,4
9809209,1355,2
9809410,1366,5
9809611,1355,4
9809813,1351,6
9810014,1353,5
9810216,1354,3
9810417,1354,5
9810618,1356,4
9810819,1355,1
9811020,1357,2
9811222,1359,3
9811423,1358,6
9811625,1370,5
9811826,1409,1
9812028,1375,7
9812229,1385,6
9812430,1382,5
9812451,1127,6
9813991,6035,7
9814473,150,6
9814476,169,2
9814479,152,6
9814482,148,7
9814485,160,3
9814488,161,4
9814491,158,7
9814495,162,1
9814498,153,1
9814501,150,7
9814504,163,4
9814508,167,1
9814511,142,5
9814514,83,6
9814792,2975,3
9820284,64837,1
9823834,19694,3
9827890,47,1
9828161,45,3
9829110,45,5
9829837,45,7
9830822,44,5
9831410,46,4
9831686,47621,7
9832149,61,1
9832674,60,7
9832986,64,7
9833180,6512,7
9834581,9585,2
9836194,64253,5
9839055,205,1
9843007,64840,3
9843841,213,3
9844315,36937,5
9844499,241,3
9850196,46422,6
9863898,6497,5
9866917,64,2
9897511,73,6
9898099,69,4
9899021,73,6
9899182,69,5
9900537,69,7
9900544,70,7
9900883,40,7
9900890,40,3
9901152,39,4
9901480,39,1
9901665,39,3
9901825,70,7
9902217,70,1
9902223,70,3
9903504,76,6
9904059,74,4
9904073,46486,2
9906516,144,4
9906729,136,6
9906947,149,2
9907171,146,6
9907352,129,2
9907522,139,2
9907880,135,5
9908156,47781,6
9908679,136,1
9908697,73,3
9909031,44,5
9909045,146,1
9909242,45,4
9909330,159,7
9909616,45,4
9909895,42,6
9910302,42,1
9910465,42,3
9910713,43,2
9910956,72,3
9911293,42,4
9911441,43,2
9911589,43,4
9911738,43,6
9911901,43,2
9912703,22194,6
9912876,19604,1
9913039,15812,2
9913154,74,6
9913163,77,3
9914335,41,6
9915140,74,1
9915166,72,7
9915495,72,2
9915589,19332,6
9915622,15810,5
9921230,64836,3
9921767,6524,6
9921944,99,5
9922038,113,7
9922419,792,1
9922498,511,6
9926120,111,1
9926722,107,7
9927236,1007,3
9927377,983,6
9928793,7090,7
9928800,4251,5
9929375,40,3
9930652,6497,2
9931684,144,7
9932655,38,5
9933217,106,6
9933219,106,4
9933360,106,3
9933419,106,4
9933604,106,3
9933623,35,4
9933646,106,5
9933744,33,4
9933820,106,3
9933961,106,3
9933972,105,1
9934848,19836,5
9937429,43222,1
9937452,43113,2
9939048,33574,3
9939496,31873,3
9940236,3628,4
9940248,33,2
9940310,38,2
9940318,45120,7
9940325,47409,1
9940695,24350,3
9940697,24895,1
9940698,24909,2
9940700,24437,7
9940701,24961,7
9940702,25142,1
9940704,24441,5
9940705,24666,6
9940733,15195,4
9940734,14930,7
9940736,15323,7
9940737,15084,6
9940739,15341,7
9940740,15272,2
9940741,14987,6
9940742,15168,4
9940779,11152,7
9940780,11129,7
9940782,11262,2
9940783,11155,6
9940784,11183,5
9940786,11274,3
9940787,11177,3
9940788,11123,7
9948298,167,7
9976857,45437,1
9977467,19700,7
9987904,277,2
9987930,275,2
9988570,514,5
9989485,508,1
9990177,28828,3
9990691,570,5
9990696,625,2
9991408,28829,7
9992667,573,2
9992671,580,3
9994626,46527,7
9996131,42,7
9996147,37,2
9997140,38,3
9998801,23,5
9998832,131,7
9998857,65,1
9998958,137,3
10003556,112,7
10005539,17807,5
10005689,37,5
10007278,24,7
10007453,31,6
10007510,16993,3
10008171,15933,6
10009816,51126,6
10009823,49368,6
10009829,1011,6
10011649,942,4
10012369,20470,3
10012405,6652,4
10014340,6510,3
10014725,38,6
10015084,36,4
10015152,24,3
10015265,258,3
10024464,41764,1
10025795,18022,2
10025917,16284,5
10058106,407,1
10058117,251,4
10066776,49985,5
10067022,49845,7
10067192,48440,4
10069982,19247,1
10070546,10307,4
10072856,115,2
10075571,1386,1
10076511,33,3
10076719,37,7
10077233,41892,1
10077466,45,4
10077677,29,7
10077899,1389,2
10077914,1435,5
10077924,1437,6
10078903,28829,7
10079024,28833,3
10079372,1870,1
10080254,32,5
10080910,1241,2
10081111,1117,7
10081313,1223,4
10081514,1186,4
10081716,1337,5
10081917,1295,2
10082119,1292,4
10082320,1263,3
10082522,1267,6
10082645,45,4
10082723,1227,6
10082924,1338,7
10083088,42532,7
10083126,1212,3
10083327,1235,1
10083436,42519,4
10083528,1216,2
10083730,1243,2
10083931,1289,6
10084099,4034,6
10084132,1381,7
10084297,42506,2
10084334,1300,2
10084450,42598,3
10084535,1314,7
10084737,1407,7
10084938,1349,6
10085140,1321,4
10085187,45,3
10085341,1395,2
10085542,1348,5
10085744,1344,4
10085945,1389,5
10086110,12400,6
10086146,1490,7
10086348,1339,3
10086549,1510,2
10086750,1474,7
10086952,1505,1
10087153,1432,1
10087355,1408,1
10087556,1364,6
10087757,1398,7
10087874,2317,3
10087959,1426,3
10088160,1426,4
10088361,1446,2
10088563,1583,1
10088764,1396,7
10088965,1540,2
10089166,1390,7
10089368,1417,1
10089569,1430,6
10089771,1433,3
10089972,1419,3
10090174,1486,6
10090375,1452,2
10090576,1533,3
10090778,1546,4
10090979,1532,4
10091181,1598,1
10091328,23,2
10091383,1623,6
10091584,1545,7
10091786,1614,3
10091987,1624,1
10092189,1665,3
10092390,1678,5
10092592,1694,6
10092777,15879,3
10092794,1756,1
10092996,1826,6
10093071,42487,6
10093198,1873,4
10093264,657,4
10093400,2032,2
10093603,2069,4
10093804,2123,1
10094006,2182,7
10094207,2314,6
10094409,2292,3
10094610,2364,7
10094812,2423,1
10095013,2452,7
10095214,2496,7
10095371,65,2
10095416,2575,2
10095617,2564,2
10095819,2592,5
10096020,2619,2
10096223,2611,7
10096425,2603,7
10096628,2555,4
10096831,2540,7
10097032,2519,7
10097234,2555,7
10097435,2519,7
10097637,2526,4
10097838,2558,1
10098039,2577,1
10098241,2592,1
10098443,2604,4
10098644,2619,6
10098846,2536,5
10099048,2554,6
10099249,2512,7
10099451,2507,3
10099652,2400,4
10099854,2391,2
10100055,2322,5
10100257,2256,5
10100458,2203,4
10100594,1382,5
10100659,2162,4
10100861,2119,4
10101062,2087,4
10101264,2020,3
10101466,1983,3
10101667,1972,6
10101869,1957,1
10102070,1914,4
10102271,1887,1
10102473,1873,3
10102675,1863,1
10102876,1810,5
10103078,1797,5
10103279,1846,5
10103481,1814,5
10103682,1771,7
10103883,1712,1
10104085,1702,5
10104286,1697,1
10104319,3968,7
10104488,1690,1
10104689,1653,6
10104891,1671,4
10105093,1674,7
10105295,1715,7
10105497,1646,5
10105699,1628,1
10105796,567,5
10105905,1640,2
10106107,1609,4
10106309,1586,1
10106511,1623,2
10106712,1671,1
10106913,1689,4
10106934,493,2
10107116,1689,4
10107318,1634,3
10107425,38,6
10107519,1646,1
10107720,1638,6
10107922,1600,7
10108123,1587,7
10108152,609,4
10108326,1572,3
10108530,1571,5
10108734,1552,5
10108860,561,4
10108947,1530,6
10109136,273,1
10109152,1490,1
10109354,1500,2
10109556,1469,4
10109626,284,5
10109757,1456,2
10109959,1446,5
10110160,1439,5
10110238,180,1
10110362,1429,3
10110440,203,4
10110565,1427,2
10110766,1423,4
10110840,185,1
10110968,1403,6
10111169,1401,3
10111191,130,6
10111199,255,5
10111371,1388,1
10111573,1381,4
10111717,106,7
10111775,1381,5
10111977,1563,2
10112178,1634,1
10112380,1618,6
10112581,1621,5
10112783,1557,7
10112903,93,2
10112985,1525,3
10113193,1520,6
10113348,85,7
10113395,1539,6
10113596,1562,7
10113606,85,1
10113798,1566,5
10113999,1546,1
10114200,1541,7
10114276,210,4
10114402,1400,1
10114603,1380,2
10114694,948,5
10114739,15461,7
10114804,1385,2
10115005,644,4
10115006,1389,2
10115207,1385,7
10115408,1381,4
10115610,1386,2
10115807,2390,6
10115811,1355,1
10115814,2820,6
10115820,2655,4
10115827,3038,1
10115834,3151,3
10115841,3474,6
10115849,3072,4
10115856,3548,3
10115863,2533,7
10115870,3012,6
10115877,3414,5
10115885,3607,2
10115891,2797,6
10115898,1521,1
10116012,1371,3
10116118,36,3
10116214,1362,2
10116415,1360,3
10116616,1369,4
10116817,1383,4
10117019,1378,6
10117220,1480,4
10117423,1426,2
10117624,1576,6
10117825,1575,1
10118027,1465,5
10118228,1550,5
10118429,1554,1
10118630,1554,5
10118831,1555,1
10119033,1517,2
10119234,1515,5
10119435,1449,7
10119637,1458,1
10119838,1459,7
10120039,1511,4
10120241,1506,2
10120442,1464,7
10120643,1480,1
10120845,2597,6
10121046,2603,2
10121248,2591,1
10121450,2585,3
10121651,2590,1
10121853,2582,2
10122004,42,2
10122054,2580,2
10122256,2603,1
10122458,2601,1
10122696,2601,5
10122898,2604,5
10123100,3784,4
10123301,3784,3
10123502,3783,7
10123704,3788,2
10123905,3785,3
10124106,2587,2
10124309,3785,3
10124346,50,5
10124378,1324,3
10124511,3784,1
10124713,3775,2
10124915,2573,3
10125116,2572,7
10125317,2569,1
10125518,2559,2
10125719,2556,5
10125921,2538,7
10126122,2537,6
10126324,1321,7
10126525,1314,7
10126727,1309,5
10126755,35,6
10126928,1307,7
10127129,1306,4
10127330,1300,5
10127532,1293,6
10127734,1299,7
10127936,1300,3
10128137,1295,3
10128338,1296,3
10128539,1295,2
10128741,1298,1
10128942,1306,6
10129143,1298,2
10129345,1302,5
10129546,1309,7
10129748,1304,4
10129950,1306,7
10130152,1306,7
10130353,1302,6
10130555,1308,6
10130756,1311,7
10130957,1306,5
10131159,1319,7
10131360,1317,4
10131562,1318,1
10131763,1322,3
10131965,1325,5
10132166,1321,5
10132367,1330,6
10132569,1326,5
10132770,1327,1
10132971,1323,6
10133173,1326,3
10133374,1329,4
10133575,1331,1
10133777,1328,7
10133978,1329,4
10134179,1335,7
10134380,1335,5
10134582,1331,2
10134783,1333,2
10134984,1330,2
10135186,1335,2
10135388,1345,6
10135589,1344,3
10135790,1346,1
10135992,1342,6
10136193,1340,4
10136394,1345,2
10136595,1346,4
10136797,1348,3
10136998,1347,5
10137200,1336,6
10152653,60365,4
10152917,61805,6
10153131,60358,4
10153726,57202,1
10153892,54621,4
10154053,59,1
10156104,999,5
10157120,2114,6
10160944,96,6
10160959,93,1
10163242,33,6
10165201,46,6
10165224,44,2
10167722,28,3
10167791,4620,5
10167889,4232,2
10168873,7230,3
10169519,46489,7
10172195,3968,4
10173013,21431,5
10173839,10739,3
10174021,91,5
10174432,82,6
10175698,23,1
10175798,11427,7
10175809,11263,3
10175821,11384,6
10175832,11439,4
10175867,15544,6
10175879,15226,2
10175891,15426,1
10175903,15387,1
10175931,25985,2
10175945,25077,2
10175958,25123,4
10175970,25721,4
10176663,24,2
10176777,24,6
10176980,314,3
10177216,3978,7
10178634,107,6
10179310,106,1
10179633,106,7
10179862,106,4
10180398,8854,5
10181503,38,2
10181703,24,2
10181833,32,5
10182054,33,4
10182116,32,5
10183026,33,3
10183479,76,2
10184044,32,4
10184072,4547,7
10184320,31,7
10184635,107,1
10185047,106,5
10185057,34,3
10185318,23,1
10187214,4383,4
10187242,4100,1
10188180,46,5
10188696,32,4
10188759,33,4
10189343,32,2
10190249,24,6
10190251,25,4
10190257,24,6
10190263,25,6
10190287,24,4
10190303,25,7
10190326,25,1
10190335,24,5
10190342,24,5
10190359,23,1
10190374,24,4
10190382,25,2
10190393,24,6
10190409,23,3
10190510,24,1
10190536,24,2
10190648,23,1
10191295,264,7
10191308,1226,7
10191316,3644,7
10193187,27,6
10193235,26,3
10193376,6598,3
10194903,19603,5
10198664,47733,7
10199024,1413,3
10199427,1429,6
10199830,1441,5
10200233,1460,3
10200575,8432,6
10200636,1426,4
10201039,1406,4
10201442,1420,4
10201845,1446,7
10202247,1191,7
10202417,4550,5
10202653,1306,1
10203059,1314,4
10203464,1262,3
10203866,1282,3
10204269,1182,4
10204672,1250,7
10205074,1296,2
10205476,1294,2
10205878,1355,2
10206280,1278,5
10206683,1219,7
10207085,1264,2
10207487,1262,7
10207888,1261,5
10208290,1259,7
10208691,1256,3
10209093,1243,1
10209494,1197,1
10209895,1193,6
10210297,1248,6
10210698,1171,2
10211100,1223,1
10211501,1341,1
10211903,1363,7
10212305,1347,1
10212706,1254,2
10213107,1359,2
10213508,1443,3
10213910,1512,2
10214312,1486,4
10214713,1377,4
10215114,1305,7
10215516,1483,7
10215917,1478,7
10216320,1286,5
10216723,1492,2
10217125,1474,7
10217526,1502,5
10217927,1362,3
10218329,1398,7
10218730,1540,7
10219132,1573,7
10219533,1614,2
10219935,1444,5
10220336,1606,3
10220737,1541,4
10221139,1741,7
10221540,1784,5
10221942,1835,7
10222344,1683,6
10222745,1937,7
10223147,1967,4
10223548,1839,2
10223949,1718,2
10224351,1772,6
10224752,1865,5
10225153,1820,2
10225555,1600,3
10225956,1751,5
10226358,1651,7
10226759,1567,2
10227160,1636,7
10227562,1624,1
10227963,1534,1
10228365,1420,1
10228766,1552,3
10229168,1534,7
10229569,1494,4
10229971,1386,5
10230372,1520,1
10230773,1478,4
10231175,1416,2
10231576,1478,1
10231977,1464,4
10232379,1300,4
10232780,1613,6
10233181,1611,6
10233583,1473,7
10233984,1297,4
10234385,1553,2
10234787,1551,4
10235188,1441,2
10235590,1479,3
10235992,1550,2
10236393,1528,6
10236795,1460,3
10237196,1554,4
10237599,1572,5
10238000,1354,1
10238402,1374,1
10238561,55640,6
10238575,60452,6
10238588,49495,5
10238803,1538,6
10239204,1481,5
10239606,1340,6
10240010,1496,1
10240412,1550,4
10240813,1525,4
10241214,1370,7
10241616,1665,1
10242018,1576,3
10242419,1563,1
10242821,1586,1
10243047,4729,4
10243222,1607,4
10243606,1374,6
10243624,1604,3
10244025,1600,3
10244426,1606,4
10244470,1369,7
10244828,1749,2
10245229,1627,6
10245632,1611,4
10246034,1669,1
10246435,1742,7
10246837,1514,6
10247238,1408,6
10247389,24,3
10247628,25,1
10247639,32,5
10247640,1647,7
10247981,15998,4
10248042,1826,3
10248120,31,5
10248180,64832,6
10248444,1649,2
10248581,5174,6
10248846,1593,6
10249115,31656,5
10249247,1619,1
10249649,1647,2
10250050,1713,7
10250452,1576,1
10250853,1645,6
10251255,1667,1
10251658,1594,5
10252060,1502,1
10252461,1762,5
10252686,23,2
10252753,23,6
10252792,23,7
10252823,24,4
10252853,23,2
10252863,1764,2
10252882,23,2
10252914,24,2
10252942,23,2
10252968,25,3
10252990,23,3
10253024,23,2
10253264,1516,4
10253511,24,5
10253535,23,3
10253565,23,4
10253592,23,1
10253620,25,6
10253665,1637,3
10254035,23,2
10254067,1566,5
10254261,402,4
10254372,400,1
10254396,409,4
10254417,397,6
10254436,397,3
10254467,406,4
10254470,1444,5
10254492,405,4
10254528,404,3
10254542,395,6
10254561,407,3
10254579,397,7
10254594,398,5
10254613,394,4
10254628,401,3
10254648,405,6
10254666,402,7
10254874,1445,5
10254951,335,2
10254967,348,1
10254986,335,2
10255277,1511,6
10255386,341,4
10255404,342,3
10255424,343,3
10255442,341,3
10255463,336,3
10255482,334,4
10255505,337,5
10255517,339,5
10255533,335,6
10255549,338,1
10255565,349,3
10255583,346,2
10255599,339,5
10255619,344,6
10255635,339,3
10255680,1402,4
10255987,2125,5
10256084,1387,2
10256488,1350,3
10256890,1603,5
10257291,1472,4
10257354,337,6
10257693,1484,4
10258056,38370,1
10258094,1568,1
10258496,1446,2
10258598,142,3
10258947,1419,5
10258969,1391,1
10258990,1329,2
10259011,1419,6
10259032,1417,3
10259054,1562,2
10259075,1566,1
10259097,1620,4
10259118,1635,4
10259139,1701,6
10259160,1674,5
10259182,1681,4
10259203,1601,5
10259225,1684,5
10259246,1612,2
10259268,1577,3
10259289,1654,5
10259311,1438,1
10259332,1435,1
10259353,1663,1
10259375,1737,1
10259396,1678,7
10259417,1729,2
10259439,1794,4
10259460,1695,3
10259481,1726,1
10259503,1772,5
10259524,1757,7
10259545,1753,4
10259566,1781,6
10259588,1822,5
10259609,1722,1
10259631,1770,6
10259652,1598,4
10259674,1539,2
10259695,1548,1
10260044,2117,7
10260675,1741,2
10260697,1562,7
10260718,1699,5
10260739,1658,3
10260761,1756,4
10260782,1776,5
10260804,1330,1
10260825,1829,6
10260847,1723,7
10260868,1777,3
10260890,1801,2
10260911,1728,7
10260932,1728,3
10260954,1716,7
10260976,1652,7
10260997,1622,6
10261018,1665,3
10261040,1436,2
10261061,1492,7
10261083,1568,5
10261104,1570,7
10261126,1505,7
10261147,1560,3
10261169,1613,3
10261190,1595,3
10261211,1574,6
10261233,1559,7
10261254,1511,2
10261276,1489,6
10267224,1251,7
10267245,1384,2
10267267,1312,2
10267288,1319,2
10267311,1297,6
10267332,1314,6
10267354,1290,1
10267376,1271,4
10267398,1260,5
10267419,1204,3
10267440,1265,4
10267462,1263,3
10267483,1295,2
10267505,1289,3
10267526,1274,2
10267547,1281,1
10267569,1277,1
10267590,1266,5
10267611,1232,7
10267633,1205,1
10267646,43,4
10267654,1250,6
10267676,1254,6
10267697,1234,7
10267718,1246,7
10267739,1251,1
10267761,1254,3
10267782,1231,5
10267803,1536,6
10267824,1511,7
10267846,1529,2
10267867,1531,5
10267888,1515,4
10267909,1542,6
10267930,1554,3
10267952,1542,4
10267973,1555,2
10267994,1556,4
10268015,1549,6
10268037,1554,2
10268058,1556,3
10268079,1556,1
10268100,1558,7
10268122,1558,7
10268143,1225,4
10268164,1233,1
10268185,1229,3
10268207,1344,6
10268228,1261,1
10268249,1309,4
10268270,1309,6
10268292,1297,4
10268313,1275,3
10268341,1312,6
10268362,1299,4
10268383,1317,4
10268405,1335,7
10268426,1333,2
10268448,1333,7
10268470,1335,7
10268492,1430,2
10268514,1434,5
10268535,1399,4
10268557,1436,6
10268578,1431,7
10268599,1435,5
10268621,1437,3
10270226,19333,2
10270407,45,5
10272689,1831,5
10274373,2101,4
10274646,35,5
10275345,35,1
10275354,127,5
10275396,56,7
10276347,37,4
10276851,636,7
10277337,1828,1
10277660,2130,2
10278032,56,7
10278348,36,6
10279767,11981,1
10280235,6469,5
10281737,1310,2
10281942,3566,3
10289578,32735,6
10294345,46441,3
10324239,47737,2
10329792,263,3
10330071,1126,4
10330076,1033,3
10330081,1030,1
10330314,1837,4
10331086,2726,3
10331092,7842,2
10331097,7441,2
10331101,8128,6
10331107,4683,1
10331112,2978,6
10331117,4739,6
10331123,4267,6
10331128,6859,3
10331133,5978,1
10331138,5289,4
10331144,3008,7
10331149,2604,5
10331154,2516,7
10331159,6905,7
10331164,4909,1
10331170,5402,1
10331175,6969,1
10331181,4286,1
10331186,5538,2
10332905,61229,1
10333044,61233,3
10333209,55427,1
10333413,60777,1
10333713,25,6
10334811,289,6
10336662,277,6
10337161,113,3
10340641,1381,2
10340900,76,6
10343071,3632,2
10346532,59811,3
10346783,5639,5
10347515,1371,7
10348193,338,4
10348807,153,3
10348859,140,4
10351268,265,6
10351291,262,3
10352012,893,1
10352377,888,2
10352394,882,5
10352557,7182,3
10352625,57588,2
10355398,19085,6
10359929,19090,5
10367398,1970,4
10367403,4276,4
10367408,4067,1
10367413,4718,5
10367418,3040,7
10367423,2003,5
10367428,2800,6
10367434,3663,4
10367439,2975,1
10367444,3343,3
10367450,3406,4
10367455,2308,4
10367459,1564,7
10367465,2032,5
10367470,4100,7
10367474,4351,4
10367480,3709,1
10367485,3417,2
10367490,4071,5
10367495,3178,6
10368332,7235,4
10375623,44414,4
10380490,7811,2
10380583,2990,1
10380588,6330,7
10380594,6298,6
10380599,7173,5
10380604,4152,2
10380609,2695,3
10380614,3903,4
10380619,4205,1
10380624,5843,6
10380629,5029,7
10380634,4726,2
10380638,3214,7
10380644,2613,5
10380649,2644,1
10380654,6302,4
10380659,5256,7
10380664,5054,6
10380669,5687,4
10380674,4326,7
10380679,4877,2
10387025,46443,6
10391549,47669,1
10392470,19429,2
10410353,214,5
10414905,58070,5
10420080,296,2
10421369,7409,3
10421386,49059,1
10427243,28829,2
10427349,28827,2
10432062,57054,2
10437064,38,7
10438140,107,3
10438353,106,3
10438551,106,1
10438598,107,1
10438990,49,4
10439539,48,5
10439780,48,3
10439918,49,4
10440062,106,5
10440230,49,3
10440368,106,2
10440585,49,5
10442464,3211,4
10450542,42176,6
10455991,27,3
10456358,209,1
10457575,646,4
10461485,1142,5
10461510,1229,6
10461535,1223,1
10461560,1198,5
10461585,1202,7
10461611,1193,4
10461639,1169,5
10461665,1199,5
10461690,1209,5
10461716,1182,1
10461742,1172,5
10461768,1165,7
10461794,1229,2
10461820,1226,1
10461845,1228,7
10461871,1225,3
10461897,1211,6
10461922,1242,5
10461948,1240,5
10461973,1245,6
10462000,1189,6
10462026,1232,4
10462052,1231,2
10462078,1219,2
10462105,1280,5
10462130,1341,3
10462155,1306,1
10462181,1344,6
10462207,1360,2
10462234,1366,3
10462259,1356,4
10462285,1363,5
10462311,1264,1
10462337,1256,1
10462363,1275,5
10462390,1278,1
10462415,1420,4
10462441,1422,2
10462467,1402,6
10462492,1397,5
10462519,1425,6
10462544,1420,6
10462570,1424,6
10462595,1423,1
10462621,1334,3
10462646,1413,3
10462672,1441,3
10462698,1447,2
10462723,1428,6
10462750,1450,4
10462775,1446,3
10462802,1434,7
10462827,1311,4
10462853,1308,5
10462879,1312,4
10462905,1316,7
10462930,1355,5
10462956,1363,3
10462982,1364,4
10463008,1362,4
10463034,1298,7
10463059,1302,4
10463085,1340,6
10463111,1331,2
10463136,1366,7
10463163,1341,4
10463189,1353,5
10463215,1354,6
10463241,1337,3
10463267,1325,7
10463293,1262,5
10463319,1207,6
10463345,1235,3
10463371,1258,1
10463397,1273,2
10463423,1273,3
10463449,1270,3
10463474,1267,1
10463500,1269,2
10463526,1177,2
10463553,1191,2
10463578,1172,2
10463604,1180,4
10463630,1178,4
10463656,1177,7
10463676,19648,2
10463682,1202,7
10463708,1198,3
10463734,1212,7
10463760,1174,3
10463786,1175,4
10463812,1200,1
10463838,1198,6
10463863,1183,1
10463889,1183,6
10463914,1207,1
10463942,1200,3
10463968,1242,2
10463993,1247,2
10464019,1239,3
10464045,1251,4
10464071,1201,6
10464097,1172,5
10464123,1284,5
10464149,1285,6
10464175,1283,6
10464201,1289,3
10464226,1290,7
10464252,1264,7
10464278,1187,1
10464305,1184,5
10464332,1228,3
10464360,1224,3
10464387,1206,6
10464418,1205,3
10464447,1224,3
10464479,1227,5
10464508,1204,4
10464541,1209,4
10464575,1215,6
10464609,1216,1
10464641,1217,4
10464676,1220,7
10464708,1235,6
10464741,1237,1
10464775,1289,4
10464809,1289,2
10464844,1302,3
10464880,1300,6
10464914,1305,1
10464948,1320,4
10464982,1256,2
10465828,1053,1
10465841,1075,3
10465852,1131,5
10465864,1143,6
10465876,1105,6
10465887,1018,3
10465899,1046,3
10465910,1054,4
10465921,1064,3
10465932,1125,7
10465944,1143,6
10465954,1095,1
10465966,1091,3
10465977,1091,2
10465988,1139,5
10465999,1173,1
10466010,1186,6
10466022,1182,4
10466034,1152,6
10466046,1159,2
10466057,1191,7
10466069,1380,3
10466080,1413,6
10466091,1403,5
10466102,1379,4
10466113,1350,4
10466122,1319,6
10466133,1315,4
10466144,1315,7
10466154,1341,5
10466164,1328,6
10466174,1337,6
10466187,1324,2
10466198,1304,6
10466210,1278,1
10466221,1230,5
10466232,1225,2
10466242,1412,4
10466254,1284,1
10466265,1242,7
10466275,1261,2
10466285,1282,5
10466296,1286,3
10466306,1303,7
10466316,1335,5
10466327,1344,2
10466338,1365,7
10466349,1367,4
10466360,1378,1
10466371,1454,4
10466382,1477,7
10466394,1488,5
10466407,1504,7
10466418,1532,2
10466431,1555,1
10466444,1607,7
10466454,1671,2
10466465,1708,1
10466476,1743,7
10466487,1759,3
10466499,1786,3
10466511,1830,1
10466521,1862,3
10466532,1914,7
10466543,1964,4
10466555,2003,5
10466566,2016,2
10466576,2020,5
10466589,2016,7
10466600,2013,5
10466611,1996,1
10466622,1960,5
10466633,1936,3
10466645,1922,2
10466657,1890,5
10466668,1964,6
10466680,1935,4
10466690,1932,7
10466701,1878,1
10466712,1756,1
10466723,1717,6
10466735,1657,3
10466747,1630,2
10466758,1697,1
10466769,1702,7
10466780,1660,4
10466791,1628,1
10466802,1548,7
10466812,1519,7
10466825,1491,3
10466835,1466,2
10466845,1391,1
10466856,1362,1
10466867,1327,3
10466878,1327,5
10466889,1306,6
10466900,1288,4
10466911,1289,2
10466921,1288,2
10466934,1305,2
10466944,1308,2
10466954,2140,2
10466964,2161,5
10466976,2184,5
10466987,2163,2
10466998,2130,7
10467009,2045,7
10467019,2142,6
10467030,2140,6
10467042,2158,7
10467051,2179,1
10467060,2115,7
10467071,2089,2
10467081,2179,5
10467093,2165,5
10467106,2162,4
10467118,2175,5
10467131,2180,6
10467140,2176,6
10467149,2181,4
10467158,2177,4
10467168,2169,6
10467177,2161,3
10467187,2168,3
10467197,1834,6
10467205,1958,3
10467213,1992,2
10467222,2116,6
10467231,2006,4
10467239,2104,5
10467249,1945,2
10467257,1673,3
10467267,1536,4
10467276,1858,4
10467285,1351,7
10467294,1948,7
10467303,1951,5
10467312,1226,1
10467321,1219,1
10467332,1216,2
10467341,1211,2
10467350,1343,4
10467359,1208,1
10467367,1205,4
10467377,1166,7
10467386,1157,2
10467395,1238,2
10467403,1266,6
10467413,1277,2
10467797,1806,2
10467807,1143,2
10467816,2556,3
10467826,1279,7
10467835,846,1
10467844,700,2
10467853,1022,4
10467862,1061,7
10467871,1199,1
10467879,1446,4
10467888,1310,4
10467897,1574,1
10467907,1561,3
10467917,2265,1
10467925,1202,2
10467934,2194,1
10467943,1657,3
10467952,1451,1
10467960,1245,5
10467966,1443,1
10488263,46469,5
10491901,47659,2
10498194,40,7
10499056,37,1
10501029,15067,5
10505491,306,4
10505821,43,5
10505827,40,5
10505833,39,5
10505840,41,3
10506307,45375,3
10506310,1833,3
10509173,1793,3
10511389,2134,3
10512876,19919,5
10513330,38,1
10514179,1794,5
10514562,1638,7
10514568,1067,4
10514573,1298,2
10514578,771,1
10514583,682,1
10514588,641,4
10514594,692,6
10514600,1097,5
10514605,943,6
10514610,2975,1
10514615,1322,3
10514620,1543,7
10514625,3041,4
10514631,1514,3
10514636,756,4
10514641,1642,1
10514646,848,6
10514651,1012,4
10514656,1018,6
10514662,854,1
10517509,2407,5
10517816,1794,6
10518254,39757,3
10519677,1372,5
10519684,1380,6
10519689,1315,2
10519694,1376,7
10519700,1318,2
10519703,1452,5
10521241,42365,7
10523831,288,7
10524281,658,2
10524290,1836,7
10524725,2294,2
10524730,1517,2
10524735,2508,6
10526550,22370,2
10529277,45001,3
10529466,31,4
10529581,31,6
10529683,31,7
10529885,33,1
10531645,6985,2
10532465,10540,1
10534456,25393,6
10534462,24980,7
10534469,25161,2
10534475,26202,2
10534519,19365,2
10538571,688,2
10538633,46531,7
10539826,47610,1
10544380,3029,6
10550578,1350,2
10550583,1690,7
10550589,3841,3
10550923,14429,4
10551673,2367,3
10552064,4240,7
10552069,6052,6
10552074,6182,1
10552079,6223,1
10552084,4257,7
10552089,3342,7
10552094,3824,4
10552099,4851,5
10552105,6080,6
10552109,4589,5
10552114,5897,4
10552119,4471,1
10552124,3532,7
10552129,3284,7
10552135,6051,1
10552140,7837,1
10552145,5954,5
10552150,4640,4
10552155,5301,3
10552160,4572,6
10552474,4010,4
10583542,4164,6
10583550,4148,4
10585842,42,3
10585845,58689,6
10585848,57612,7
10585851,61222,3
10585853,59110,3
10585856,57941,1
10589104,1304,2
10589117,1293,7
10589125,1294,2
10589135,1274,1
10589144,1298,3
10589342,1829,1
10590222,1828,7
10590290,1668,3
10590627,36,1
10591265,37,6
10591383,40,3
10591579,36,2
10591692,42664,6
10592143,16246,5
10593012,14680,6
10593032,1261,1
10593041,1258,7
10593047,1273,3
10593054,1264,3
10593061,1267,1
10593086,47,4
10593349,1487,4
10593406,34,5
10593859,5853,3
10593864,5813,7
10593874,6421,1
10593879,5861,5
10593884,5263,5
10593889,14430,5
10595200,32,3
10600333,22655,6
10600885,45120,2
10601181,1320,1
10602571,1273,4
10602576,1284,7
10602582,1270,4
10602613,1280,5
10602619,1279,1
10603605,404,5
10603682,403,7
10603722,398,7
10603745,400,6
10603762,404,5
10603786,401,7
10603801,403,6
10603824,404,3
10603840,435,1
10603854,415,2
10603871,419,6
10603886,433,7
10603901,416,1
10603917,401,5
10603932,305,5
10603940,423,3
10603960,423,1
10603973,426,7
10603989,417,6
10604004,422,4
10604020,417,2
10604032,420,5
10604046,413,5
10604059,423,1
10604071,425,5
10604087,416,4
10604115,16804,2
10604225,10881,7
10604247,33,3
10604329,6034,7
10604383,31,5
10604640,38,1
10606116,24297,1
10606124,24318,3
10606131,23742,4
10606138,24247,6
10606145,24941,6
10606153,24762,3
10606160,25245,7
10606167,25430,6
10606174,23755,1
10606181,23828,2
10606188,23984,4
10606195,23757,6
10606920,32,6
10606963,46,6
10608694,42798,6
10610529,18976,7
10611381,106,6
10611743,42893,6
10611750,1294,6
10611762,1273,3
10611773,1285,7
10611824,1290,7
10611834,1303,6
10613460,28,3
10613830,28,1
10614059,29,1
10616002,1289,6
10616010,1313,5
10616017,1322,1
10616023,1283,4
10616029,1302,6
10618304,25,6
10619243,24,3
10619484,24,2
10619566,106,1
10619811,327,5
10619877,330,5
10620372,25,7
10620932,64,5
10620968,2128,7
10621318,111,3
10621332,103,4
10621764,299,3
10622245,277,1
10627461,46527,2
10630485,47646,3
10630893,2566,7
10631918,6543,2
10631925,6571,2
10631932,6398,3
10631939,6410,3
10631946,7073,7
10631953,8472,1
10631960,6280,3
10631967,8380,2
10631974,6194,7
10631981,6821,4
10632245,47,6
10632395,87,3
10632691,108,4
10632957,59408,1
10633366,118,3
10633950,301,2
10636044,23,6
10636297,296,5
10637006,33871,3
10643058,31,1
10643308,30,6
10643541,40,2
10643749,1042,3
10671954,59312,3
10672819,16479,6
10678156,47620,4
10678547,46,2
10678648,1222,4
10680075,1044,5
10680139,1011,5
10682733,28,1
10682863,24,5
10683404,24,7
10684313,1828,4
10685783,5161,7
10685791,4917,1
10685799,4927,5
10685806,5694,5
10685814,5937,6
10685916,39,5
10688779,6330,7
10688787,6558,3
10689148,64839,4
10692741,106,7
10692960,1040,7
10694183,35,2
10694508,37,6
10694745,42332,6
10695012,17829,6
10697957,113,4
10698724,838,6
10700652,6376,2
10700660,6388,7
10702519,1828,4
10702858,45,4
10704975,56753,4
10705758,33,2
10706193,19411,7
10707306,33,4
10707553,32,3
10707617,44991,7
10707691,32,7
10708105,52767,1
10708430,106,1
10708945,36,2
10709188,37,2
10709692,105,6
10710198,35,2
10710730,118,5
10710867,165,2
10712075,50,4
10712082,50,4
10712089,46,6
10712096,50,5
10712103,47,4
10712110,47,7
10712116,50,6
10712123,46,3
10712246,59510,5
10712310,54973,7
10712442,60129,6
10755716,8206,7
10755724,5730,7
10755731,6604,6
10755737,6298,4
10755745,6082,6
10755752,7440,3
10755759,6463,3
10755766,7151,1
10755772,5299,2
10755779,4735,1
10756783,59490,6
10763850,3923,4
10767790,27912,4
10767799,27525,5
10767805,27440,4
10767813,27543,2
10767821,25421,7
10767827,25233,4
10767834,24822,7
10767842,25063,5
10767849,24703,2
10767857,24635,5
10767865,24538,7
10767872,24743,1
10767985,12673,2
10768826,118,6
10769074,64288,5
10769543,64839,4
10770114,50305,6
10770736,16544,6
10771685,1237,7
10771698,5998,4
10771708,5986,1
10772909,1220,3
10774925,58440,1
10775128,54513,3
10775486,59923,2
10780606,64822,7
10783379,6119,1
10783390,6076,2
10785653,57,5
10788919,52772,1
10792048,57406,1
10792188,59053,2
10794231,46,3
10795912,196,7
10797152,119,7
10798279,133,1
10800458,1718,6
10803986,28537,7
10809996,107,2
10810503,964,4
10810504,714,3
10810505,847,3
10810506,621,5
10810508,614,7
10810509,629,3
10810510,539,2
10810512,622,7
10810513,716,4
10810514,2731,1
10810515,944,4
10810517,879,4
10810518,2439,2
10810519,1603,4
10810520,649,3
10810522,999,1
10810523,657,1
10810524,729,2
10810526,833,6
10810527,870,5
10814024,64822,3
10814422,64822,5
10827099,46230,2
10845071,6103,5
10845072,6085,2
10851225,25,1
10851235,42430,7
10851277,59998,2
10851777,50274,4
10851897,42424,7
10852201,13443,4
10856107,25864,3
10856612,64823,5
10856650,64822,4
10856705,64823,1
10856745,64823,6
10856786,64822,6
10856822,64823,5
10856987,12467,3
10857614,107,1
10861075,25247,3
10861140,59880,5
10861420,54208,2
10861562,60444,4
10861690,58247,6
10861888,58587,6
10867239,5478,4
10869198,927,4
10869934,871,4
10870543,106,5
10871151,117,6
10871725,109,5
10872057,113,7
10872915,109,7
10873042,24,3
10873227,42544,7
10874941,67,7
10876442,173,2
10877074,248,4
10877431,34,3
10877650,106,4
10878424,53,2
10879889,1829,3
10882757,12493,5
10884585,7228,5
10884862,64884,3
10885293,64069,5
10885550,6861,5
10895255,12519,3
10900185,21629,1
10907782,12301,4
10911541,57,5
10914620,51,3
10917090,54,7
10920079,12464,3
10932538,12352,4
10936217,448,3
10937080,7230,1
10937081,6731,3
10937082,3547,5
10937084,4227,4
10937085,6250,1
10937086,6457,5
10937087,4865,1
10937088,5645,7
10937090,4639,1
10937091,5923,4
10937092,7027,1
10937093,4965,5
10937095,4906,2
10937096,4225,6
10937097,4704,7
10937099,4671,5
10937100,2657,1
10937102,3717,3
10937104,3629,4
10937105,4587,7
10937107,5397,5
10937109,7206,7
10937110,5516,2
10937111,2957,4
10937113,4592,4
10937114,7230,4
10937115,2965,7
10937117,3794,4
10937118,2876,7
10937119,3918,4
10937745,17800,6
10938010,7228,1
10938011,7229,4
10938012,5988,3
10938013,4953,5
10938015,6558,6
10938016,6337,3
10938017,4132,4
10938018,4893,6
10938020,4522,6
10938021,7006,1
10938022,5892,7
10938023,5287,1
10938025,4690,1
10938026,3969,3
10938027,5357,2
10938028,5055,5
10938030,2940,5
10938031,5098,5
10938032,4328,4
10938033,4721,6
10938035,4795,2
10938036,7229,3
10938037,5021,4
10938039,3371,7
10938040,4323,1
10938041,7230,2
10938042,4274,4
10938044,3757,3
10938045,2793,5
10938046,3590,5
10940512,1864,3
10943085,57941,1
10943272,54175,7
10943370,58240,1
10943429,59838,7
10943749,57675,1
10944218,61228,1
10944430,57996,3
10944588,61233,2
10944878,12199,6
10955529,1372,3
10957079,12316,6
10960461,7230,4
10960462,7230,6
10960463,6653,3
10960465,5925,6
10960466,6423,5
10960467,5475,7
10960468,4320,1
10960470,4808,7
10960471,4579,7
10960472,5729,6
10960473,4605,3
10960475,4196,2
10960476,5287,6
10960477,4468,4
10960478,5740,4
10960480,7136,4
10960481,3981,2
10960482,5014,3
10960483,5604,4
10960485,5382,7
10960486,4386,1
10960487,6305,3
10960489,4489,4
10960490,3708,2
10960491,4325,3
10960492,7149,6
10960493,4398,6
10960495,4587,7
10960496,3315,7
10960497,3609,7
10967145,107,6
10969441,12878,5
10974569,107,4
10982780,446,1
10983082,109,1
10983513,12410,3
10986465,3079,6
10989512,3050,3
10992450,43231,2
10997934,12565,5
11010504,12292,5
11022777,12104,2
11026143,657,1
11026147,1428,7
11026155,1255,7
11026163,2212,5
11026377,2191,3
11030108,36,6
11030596,58807,2
11030686,58815,4
11031326,35,3
11031648,37,3
11032005,31,4
11032048,6978,4
11032711,5851,4
11032712,5560,4
11032713,5424,4
11032714,4332,4
11032716,3157,7
11032717,3900,1
11032718,6245,1
11032720,4872,7
11032721,5157,7
11032722,6327,6
11032724,4924,4
11032725,4209,2
11032726,5049,7
11032727,5309,6
11032729,5668,1
11032730,6261,5
11032731,5647,1
11032732,6681,5
11032734,4336,7
11032735,7200,1
11032736,6935,5
11032737,7272,7
11032739,5732,3
11032740,5735,2
11032741,5870,7
11032742,4326,6
11032744,4643,3
11032745,3996,5
11032746,7174,1
11032747,5552,3
11032749,5492,5
11032750,6527,3
11032752,4189,1
11032753,5265,7
11032754,7322,7
11032755,4334,2
11032757,5706,2
11032758,5694,6
11032759,5156,3
11032760,5310,6
11032761,5480,7
11032763,4065,4
11032764,3830,4
11032765,4643,5
11032766,6765,3
11032768,4892,3
11032769,4396,1
11032770,3480,5
11032772,3610,5
11032940,6925,3
11033517,32,6
11033967,31,3
11034169,328,4
11034660,31,2
11034879,12119,6
11034919,46631,2
11034979,33,1
11035414,32,5
11036708,24,2
11037478,49,3
11039358,50,2
11039867,59150,7
11039941,34,7
11040488,31,7
11043166,52,2
11045351,53,4
11045730,54,2
11046591,53893,5
11046613,61,6
11047031,12305,5
11047318,42050,2
11050334,59421,3
11050623,54617,7
11050889,723,1
11052858,1835,2
11053072,1836,6
11058505,38,4
11059697,16190,6
11061693,12387,5
11062172,701,7
11062173,590,5
11062174,608,3
11062176,406,2
11062177,412,5
11062178,390,7
11062180,359,1
11062181,521,7
11062182,545,6
11062183,820,2
11062184,520,3
11062186,641,2
11062187,2556,7
11062188,765,6
11062190,444,3
11062191,726,1
11062192,461,1
11062193,554,1
11062194,516,4
11062196,538,6
11067943,1836,5
11071182,162,6
11073277,38,3
11075267,63,5
11075516,12437,6
11077048,57,5
11077981,62,6
11078250,56,5
11078907,58,3
11079164,120,4
11079356,52,5
11087962,12387,7
11099704,34,2
11100339,12355,4
11106680,401,2
11106681,394,4
11106683,413,4
11106684,412,5
11106685,407,6
11106687,403,4
11106688,397,4
11106690,408,4
11106692,410,5
11106694,396,4
11106696,402,3
11106698,397,1
11106700,396,3
11106701,401,5
11106702,403,6
11106703,410,6
11106705,400,2
11106706,395,5
11106707,413,1
11106708,403,3
11106710,398,4
11106711,394,1
11106712,399,4
11106713,416,1
11106715,405,2
11106716,394,6
11106717,400,5
11106718,405,4
11106720,407,5
11106721,392,5
11106722,400,3
11106724,392,1
11106725,403,5
11106726,406,6
11106727,408,7
11106729,412,7
11106730,408,5
11106731,402,3
11106732,410,6
11106734,411,5
11106735,396,4
11106736,405,2
11106737,407,4
11106739,395,4
11106740,401,5
11106741,402,7
11106743,400,1
11106744,417,1
11106745,408,3
11106747,404,3
11108394,157,1
11109319,622,7
11109428,622,6
11109478,623,5
11109508,623,2
11109539,622,3
11109571,622,7
11109603,622,1
11109719,169,3
11109727,623,7
11109778,622,7
11110446,629,2
11110512,694,6
11110550,638,7
11110673,648,3
11110733,646,1
11110756,648,1
11110783,649,5
11110804,653,3
11110844,643,5
11110875,25342,7
11111177,168,7
11111485,8939,1
11112690,12476,4
11113013,442,4
11113435,25,6
11118955,97,5
11120965,1247,1
11122601,1398,5
11124148,4248,5
11125196,12275,7
11125779,55435,5
11126398,63,4
11127114,499,6
11127587,43229,1
11128796,436,7
11129199,653,5
11129313,12652,2
11129374,49128,4
11130057,5052,2
11131526,61782,7
11131639,51563,7
11132004,60036,2
11132437,56448,4
11132935,59803,5
11134269,59520,5
11134276,41,4
11136448,25047,3
11137456,12087,6
11139010,48078,3
11139017,46944,1
11139022,117,5
11139048,23,2
11139321,1238,7
11141521,50091,5
11142436,39,2
11142827,599,3
11143003,5118,7
11143015,24,3
11143144,241,2
11143639,52674,2
11143668,4442,3
11144110,67,6
11144452,173,6
11144683,557,4
11146200,78,2
11148549,439,7
11148665,201,6
11149272,1706,4
11149346,42053,7
11149555,12344,2
11150250,52202,3
11150416,42407,2
11151206,1236,1
11152650,204,2
11153009,3635,6
11153563,57,1
11161881,12675,5
11174547,12308,6
11186851,12265,3
11187112,813,1
11189967,59553,4
11191303,4238,3
11193626,1546,1
11194042,55763,6
11194295,61398,6
11194526,112,7
11194799,48234,4
11194997,58705,5
11195186,1519,5
11195187,2662,4
11195189,2522,4
11195190,3018,7
11195191,2015,4
11195193,1461,7
11195195,2067,3
11195196,2229,7
11195197,2358,2
11195198,2473,2
11195200,2359,5
11195201,1640,7
11195202,1303,7
11195203,1775,7
11195205,3047,5
11195206,2823,3
11195207,2639,5
11195208,2330,5
11195210,2425,1
11195211,2243,4
11195212,3996,3
11195213,3189,4
11195215,2096,2
11195216,2749,6
11195217,2953,6
11195218,2846,5
11195220,1720,7
11195221,2356,3
11195222,2017,7
11195223,2769,3
11195225,2470,3
11195226,2205,7
11195227,1914,4
11195228,2580,1
11195229,2906,1
11195231,2942,7
11195232,1822,3
11195233,1765,3
11195235,1720,5
11195236,2323,6
11195237,2126,2
11195238,2572,6
11195240,1660,7
11195241,1553,4
11195242,1844,5
11195243,3726,2
11195245,2419,5
11195246,1565,3
11195247,1671,1
11195248,1429,5
11196762,12981,3
11199123,12197,7
11199819,15791,4
11199865,24689,2
11200970,112,3
11204643,669,3
11204976,40,1
11205371,59376,7
11205639,53243,1
11205909,38980,5
11206205,117,5
11206258,11605,4
11207168,119,7
11207212,117,6
11207762,43410,3
11207834,152,4
11209403,57094,1
11209601,238,6
11210625,64822,6
11210863,117,3
11211202,226,2
11211295,12956,7
11211348,12714,6
11211405,122,2
11211542,113,1
11211918,54252,3
11213200,221,6
11213904,32,1
11214037,226,6
11214707,156,5
11214948,226,7
11215375,203,3
11216405,3831,5
11216675,117,4
11216724,36,4
11216743,110,6
11217028,35,1
11217121,1279,6
11217557,48,3
11217833,49,7
11217981,1828,7
11218204,567,1
11218307,494,4
11218579,237,3
11219067,90,6
11219232,80,4
11219382,69,2
11219559,68,4
11219884,39241,5
11220224,1829,2
11220830,17940,3
11223101,74,7
11224431,13001,1
11225275,14739,7
11226403,88,2
11226981,12800,5
11231720,84,3
11231723,91,6
11231730,101,4
11232800,1674,3
11234236,18028,4
11234270,650,6
11234662,42745,7
11235413,36,5
11237279,38,7
11237861,42905,4
11246656,12507,1
11254813,12942,1
11259221,12522,2
11267751,13088,3
11271706,6928,1
11271707,2429,4
11271708,2698,6
11271710,1481,7
11271711,2514,6
11271712,3508,1
11271714,1075,7
11271715,3509,5
11271716,2888,2
11271718,7841,2
11271719,5535,3
11271721,1824,4
11271722,7200,7
11271723,7216,4
11271724,2566,2
11271725,12877,5
11271725,3781,6
11271727,1889,7
11271728,3157,7
11271729,3692,7
11271730,5589,1
11271732,7995,7
11271733,7068,2
11271734,6737,2
11271735,6632,2
11271737,5971,2
11271738,5239,4
11271739,1876,4
11271740,4275,1
11271742,3095,4
11271743,3915,4
11271744,1454,3
11271746,5625,5
11271748,4565,3
11271749,1177,3
11271751,1033,6
11271753,5937,5
11271754,1320,2
11271755,3014,2
11271757,2389,4
11271758,2274,4
11271759,3977,5
11271760,1688,6
11271762,1872,4
11271763,5604,1
11271764,4464,1
11271765,2581,4
11271767,1269,3
11271768,6539,7
11271769,1724,6
11271770,4334,5
11277925,660,3
11278329,2457,5
11278659,14352,5
11279901,45,5
11281853,9402,2
11282546,3087,3
11283397,54243,2
11283809,48160,3
11284399,42987,1
11285391,64822,1
11286304,56106,2
11286518,60266,6
11286686,59651,5
11301006,63759,5
11301329,42508,5
11302303,41231,7
11304399,48567,4
11304889,49607,1
11313327,115,6
11320143,41709,4
11328632,39,5
11336918,47,3
11372107,92,1
11374877,36,2
11395793,65,6
11397989,38,3
11405899,41,5
11405977,36,3
11406009,39,3
11413606,24,7
11413741,306,3
11414666,561,4
11415641,302,4
11415825,28799,4
11416186,25,6
11416350,28628,1
11418557,196,5
11418577,140,6
11418597,112,1
11418625,99,6
11419586,402,4
11419608,33,4
11419677,166,4
11420688,161,5
11420710,372,5
11420731,33,7
11420746,192,1
11420764,159,6
11421498,24,5
11421560,42347,1
11430870,48,5
11431701,9158,4
11431912,10220,5
11433585,64,5
11439494,72,7
11439679,56428,4
11440985,9132,1
11442143,10188,5
11450169,9102,6
11451966,25502,3
11451969,29168,4
11452376,10245,5
11453515,306,5
11454535,33,1
11454619,55794,3
11455203,108,7
11456107,52166,3
11459253,9184,1
11462199,42923,4
11462623,10270,7
11464882,42569,5
11465174,751,5
11466103,39708,3
11467425,629,6
11467440,42362,5
11467578,34,5
11467802,629,7
11468429,9203,7
11471296,9055,3
11471605,2820,7
11472239,36022,4
11472894,10231,2
11475711,38344,6
11476003,33237,4
11476418,55722,1
11477476,217,1
11477619,9181,1
11478899,64167,3
11479324,3629,7
11479465,63416,6
11480325,268,6
11480671,212,6
11482016,5291,5
11482095,60675,5
11482255,64839,3
11482490,59184,5
11484093,370,6
11484275,25120,1
11484802,52,4
11484874,368,3
11486001,10223,2
11486017,595,5
11486596,367,3
11486600,52,7
11486641,637,6
11486787,9112,4
11487574,379,3
11487766,63181,4
11489231,360,5
11491119,1278,5
11494697,132,7
11496034,122,3
11497840,117,5
11541116,52,2
11541655,26,1
11542063,227,2
11542550,55628,7
11542798,59004,1
11543501,57523,7
11544217,15064,2
11545379,25488,6
11553116,10216,4
11556367,57437,5
11556369,16140,7
11558424,204,6
11558729,34,5
11560955,9061,4
11567359,106,6
11567523,99,3
11567662,215,4
11568035,41,1
11568320,5886,1
11569456,107,2
11569720,47,2
11570187,926,2
11571113,144,7
11571432,390,5
11571672,94,6
11572087,76,7
11572132,35,5
11580708,10190,3
11584362,19249,2
11585515,139,6
11586423,377,6
11586516,9077,1
11586680,231,1
11587059,19234,6
11589157,72,6
11589270,91,7
11590922,10229,6
11595622,9172,2
11601152,10210,1
11604786,9175,4
11611361,10181,1
11613945,9133,7
11621547,110,7
11623083,9129,2
11625111,59538,7
11625691,59249,3
11626326,56113,6
11627423,57577,3
11629936,6966,7
11631159,16970,5
11632202,9116,2
11632493,138,7
11632619,165,1
11633023,70,7
11637725,37,2
11637726,44,6
11637727,44,5
11637729,51,7
11637730,51,3
11637731,52,5
11637732,61,4
11637733,64,4
11637735,41,7
11637736,43,5
11637737,62,6
11637738,63,6
11637740,39,2
11637741,58,6
11637743,47,3
11637747,55,3
11637748,59,3
11637750,50,1
11637751,52,7
11637753,57,6
11637754,39,4
11637755,42,5
11637756,41,6
11637758,43,4
11637759,50,4
11637760,44,4
11637761,38,6
11637763,53,4
11637764,51,1
11637765,35,6
11637767,43,4
11637768,44,5
11637769,41,2
11637770,54,2
11637771,48,7
11637773,51,4
11637774,40,4
11637775,43,3
11637777,38,4
11637778,36,4
11637779,49,3
11637781,43,6
11637782,40,3
11637783,55,6
11637785,54,6
11637786,44,2
11637788,49,6
11637789,50,4
11637791,37,2
11637792,50,3
11637794,49,5
11637796,50,2
11637797,52,5
11637799,52,4
11637800,50,4
11637802,38,3
11637803,48,6
11637805,35,5
11637808,48,5
11637810,46,2
11637811,46,7
11640327,16354,2
11640517,16350,6
11641326,9108,1
11641585,6858,2
11641586,2641,2
11641588,5116,5
11641589,2474,1
11641590,1823,2
11641591,3455,1
11641593,1390,5
11641594,5814,3
11641595,3040,4
11641596,2637,6
11641598,2713,7
11641599,3267,1
11641600,1149,5
11641602,2343,2
11641603,2196,4
11641604,2194,6
11641605,2287,6
11641607,1940,7
11641608,2920,2
11641609,2856,4
11641610,2010,2
11641612,2654,5
11641613,2534,1
11641614,1490,2
11641615,1830,6
11641617,2224,2
11641618,2336,5
11641620,1777,4
11641621,2832,3
11641623,2038,5
11641625,4801,7
11641626,2782,1
11641628,2172,2
11641629,1263,1
11641630,1812,5
11641632,2227,1
11641633,2023,5
11641634,2610,2
11641635,1425,4
11641637,3481,5
11641638,1642,2
11641639,2983,3
11641640,1810,7
11641642,2863,4
11641643,2366,2
11641644,1286,5
11641645,1548,4
11641647,1755,4
11641648,1895,1
11641649,2081,1
11641650,3717,1
11641652,4893,7
11641653,1328,5
11641654,3381,6
11641655,1822,6
11641657,1535,7
11641658,2031,7
11641660,1024,7
11641661,1640,2
11641662,1461,2
11645026,130,3
11645083,1240,4
11645131,1241,2
11645320,51,5
11645399,52,5
11645467,66,3
11645618,34,6
11645689,34,4
11645791,33,3
11645981,31,4
11645998,32,4
11646096,32,5
11646425,1245,2
11647018,32,1
11647047,32,7
11647065,32,5
11647106,33,6
11647160,34,4
11647195,34,4
11647225,65,3
11647253,51,5
11647274,51,2
11647382,1241,2
11647429,1239,3
11648256,129,7
11648416,59,4
11648504,31,1
11648522,33,4
11648543,32,2
11648593,35,4
11648619,34,7
11648640,34,7
11648669,67,5
11648687,53,2
11648750,51,2
11648878,129,6
11649671,3510,4
11649865,1247,6
11650305,61758,3
11650429,9100,1
11653154,45,7
11653214,1248,4
11653345,129,7
11653972,1954,6
11655026,57346,3
11659249,22072,2
11659800,16179,2
11661906,9091,2
11663271,33,1
11663790,43,1
11663961,52,2
11664353,74,6
11671017,9075,5
11680083,9105,4
11683072,8985,6
11689171,9123,1
11698316,9120,4
11707427,9080,3
11715195,16967,3
11716490,9088,4
11721054,59097,3
11721260,38968,4
11721483,58346,7
11721705,64833,7
11722319,3882,4
11722451,50514,4
11722670,59926,5
11723267,12556,5
11724299,18467,2
11725559,9109,1
11728032,158,3
11728255,3628,3
11728540,3628,2
11730032,161,3
11730070,131,6
11730762,31,3
11730790,33,2
11730821,36,3
11730864,34,1
11730899,35,2
11730917,34,3
11730949,65,2
11730970,53,3
11730996,51,7
11731066,130,7
11731205,158,5
11732624,2354,7
11733434,42382,6
11734154,1951,5
11734498,1953,6
11734661,9093,7
11735088,2415,3
11735491,1497,5
11736767,1941,7
11737033,1950,6
11737424,54,2
11739920,1942,5
11740055,1944,2
11740673,1241,5
11741166,64857,5
11741198,5742,1
11741335,1736,7
11742999,159,3
11743630,62,3
11743713,157,5
11743749,9065,3
11744046,61,2
11744344,62,3
11744488,16988,6
11744624,64,6
11744782,62,3
11744960,34840,6
11745076,1951,2
11745271,1018,1
11745526,45414,7
11745664,123,1
11746302,118,7
11747399,4934,6
11747877,25001,7
11748130,32377,2
11749339,118,6
11749868,117,3
11750221,35,4
11750695,36,2
11751060,33271,6
11751107,34,3
11751462,381,1
11752681,258,2
11752811,9062,2
11759928,20451,3
11761881,9111,6
11770975,9119,2
11777689,10162,1
11780136,9117,6
11787186,397,5
11787728,36,7
11787817,637,2
11796358,5446,6
11796743,10155,5
11796881,24467,6
11799738,16710,1
11800019,31,3
11800315,32,5
11800772,310,4
11801137,42363,4
11801224,132,6
11802145,64834,3
11802177,277,3
11802824,276,2
11803317,275,7
11804321,51939,5
11804457,47431,7
11805895,52,7
11811551,887,4
11812792,57515,2
11813150,63171,7
11813725,141,1
11813767,246,5
11814120,353,4
11814526,106,3
11814568,106,7
11814723,106,2
11814728,107,5
11814890,105,4
11815071,510,7
11815224,226,4
11815476,226,3
11815850,24,5
11815929,105,3
11816097,10156,1
11816483,105,4
11821815,261,1
11822414,216,6
11822649,88,1
11822750,181,2
11822953,322,2
11823405,62,2
11823502,25237,4
11823720,38,2
11823847,229,4
11824112,24,1
11824455,38,1
11824866,322,5
11825622,91,6
11826346,94,5
11826450,322,2
11827084,469,7
11827089,480,3
11827090,489,4
11827092,497,6
11827094,504,4
11827095,511,4
11827097,519,5
11827099,494,6
11827101,501,4
11828151,270,2
11828154,278,6
11828156,281,2
11828158,283,4
11828159,289,6
11828161,293,4
11828163,295,4
11828165,297,3
11828167,297,3
11828168,318,5
11828170,320,5
11828171,322,2
11828173,324,7
11828175,328,4
11828176,299,5
11828178,301,6
11828832,86,6
11828947,27,3
11829008,28,5
11829068,69,6
11829187,2722,3
11829282,2722,7
11829383,2722,3
11829388,2723,5
11829391,2726,2
11829393,2724,2
11829395,2726,5
11829396,2723,6
11829398,2723,4
11829400,2723,7
11829402,2724,4
11829404,2723,7
11829406,2725,1
11829407,2724,7
11829409,2725,1
11829411,2725,7
11829616,2723,3
11833694,198,5
11835812,117,1
11835834,233,2
11836518,92,4
11837874,92,6
11914658,183,3
11914662,64,1
11915357,25168,4
11916293,24,2
11916524,59411,7
11916991,59480,5
11917045,57339,2
11921442,84,4
11922438,68,1
11923090,24159,4
11928778,75,5
11928986,7861,7
11928993,8343,1
11929165,10118,1
11929341,75,3
11929773,74,1
11933440,33,1
11934013,74,4
11934044,33,6
11934285,22096,7
11934652,23670,6
11934780,75,1
11935027,74,4
11936937,77,6
11937469,78,6
11938538,76,5
11939139,77,5
11939283,10172,7
11939598,76,1
11945396,506,3
11949451,10190,7
11952076,77,3
11959626,10750,3
11967358,77,6
11970357,10180,5
11972485,29596,1
11973153,289,6
11973257,25026,4
11973367,31837,3
11973465,35521,1
11973876,59332,1
11974077,25329,3
11974208,48,1
11974409,46,7
11974423,1826,1
11974912,62,1
11974913,64822,2
11974937,103,4
11974974,175,6
11974974,16654,4
11975040,262,7
11975074,169,5
11975103,305,1
11975471,64817,5
11975955,64822,5
11976630,59898,4
11976882,390,6
11977052,25,4
11977184,609,6
11977295,58153,5
11977704,108,3
11977960,6636,1
11977977,53,7
11978066,55,2
11978094,295,6
11978405,41,6
11978580,60455,5
11978599,64829,7
11979063,39,3
11979250,41,1
11980518,10205,4
11981501,36,5
11983773,44,3
11984156,93,4
11984844,2831,6
11988583,3080,1
11989212,1016,6
11990164,2990,7
11990789,10221,7
11991634,64822,5
11993001,58,7
11993008,25128,7
11993312,64834,6
11993973,42,5
11995613,2069,1
11996954,73,5
11998373,2070,4
12001022,10205,2
12001800,51623,3
12001948,85,6
12002287,79,5
12002514,76,4
12002703,76,7
12002900,78,6
12002923,1283,6
12003141,77,2
12003255,76,6
12003517,76,6
12003807,76,3
12003902,352,3
12005131,8322,3
12005291,45,4
12005305,79,6
12005974,64837,6
12006672,649,5
12010965,351,3
12011241,10160,4
12011544,49178,3
12022136,88,3
12022169,112,2
12023532,30,5
12023694,26,4
12023783,99,3
12024371,14858,1
12025570,64,5
12025807,52,1
12026023,52,7
12026183,39,4
12026455,40,1
12026646,41,5
12027353,58,1
12027660,45,4
12028896,41,1
12029105,40,2
12029674,54,6
12030365,60,7
12031808,247,1
12033608,32,2
12033660,572,1
12034600,10168,6
12040773,32,1
12050061,34,7
12050198,46,3
12051817,36,2
12052476,45,2
12052613,112,2
12053153,686,7
12054540,270,7
12054999,168,2
12055528,47,1
12055603,64523,7
12055721,17454,1
12055731,175,4
12055738,165,7
12055966,49110,6
12056197,56089,7
12056838,61770,2
12058129,64881,2
12058139,161,4
12060534,64832,3
12060560,382,1
12062058,23,5
12062971,632,7
12063611,10143,5
12063751,32,5
12063943,107,4
12064383,24,1
12064569,23,3
12066374,28836,6
12066430,1837,5
12067037,675,6
12067618,32,7
12067658,40,4
12068614,44,5
12068821,105,6
12069211,24,4
12069516,269,4
12069814,1120,7
12069982,104,5
12070374,24865,6
12070730,40,7
12072545,38,6
12072984,58965,3
12073446,9741,2
12074127,32,4
12074190,10151,6
12074373,59186,2
12075817,25045,4
12076976,62,3
12077049,3629,4
12077574,562,5
12077819,9593,3
12077835,14261,5
12078032,14296,5
12078366,632,1
12079057,249,6
12079450,105,4
12080421,10990,3
12080908,30152,1
12081942,200,4
12082531,177,5
12084448,10088,7
12087687,36,4
12087813,23,4
12087886,308,7
12088497,6081,2
12088789,6953,1
12089168,309,4
12089646,64263,4
12092692,4847,4
12094544,10136,1
12095061,28838,6
12098349,36038,2
12101593,26389,1
12101627,26396,2
12103496,8918,7
12104263,6092,5
12105846,16250,5
12116077,64835,2
12125241,10149,6
12135373,10155,5
12145575,64822,2
12145777,1859,5
12146435,63486,6
12146858,63639,7
12147997,534,1
12152408,35,6
12155476,630,5
12159891,307,7
12159897,280,5
12166734,59233,5
12167261,307,7
12168156,59377,4
12168814,41890,1
12169392,12273,2
12179569,406,7
12181698,675,7
12182512,1761,5
12184555,1789,2
12186540,49213,1
12186754,114369,1
12187158,3055,1
12188913,498,4
12189406,1284,6
12189966,709,4
12190495,768,5
12190901,868,1
12191480,289,4
12193098,1009,5
12193846,108,2
12195070,378,1
12195784,377,7
12196371,378,2
12196858,374,4
12209757,24,1
12209883,24,1
12210050,35,7
12218337,32,7
12218498,31,7
12218601,32,6
12218803,44,3
12218959,46,1
12226223,10159,2
12232814,9030,7
12232883,10842,6
12238246,10172,7
12238310,24465,3
12238847,19837,3
12241450,389,6
12241841,9053,5
12242496,388,4
12243264,26330,3
12243436,359,2
12243741,59510,2
12244030,364,7
12244321,59177,3
12244699,24,1
12244778,368,2
12244784,59052,5
12246251,361,3
12246702,369,5
12247552,369,1
12248023,24,7
12248381,286,4
12248400,10147,5
12248630,371,7
12248922,64826,5
12249471,368,1
12250905,14413,5
12251099,64531,4
12258424,361,2
12258563,11538,7
12261919,363,5
12262679,367,7
12266365,64876,1
12266408,64883,5
12268976,371,3
12270131,369,4
12270317,9054,1
12270326,10094,1
12305348,1289,1
12314571,46482,2
12315804,50527,5
12316084,34490,1
12319380,64834,2
12321107,113,3
12321361,74,6
12321638,33,7
12321786,12218,3
12321810,110,7
12321927,25235,2
12322447,24853,4
12322592,32,5
12323368,32,6
12323968,1015,2
12324186,61498,1
12325252,76,2
12327851,64822,5
12327965,24,1
12328303,65,3
12328409,69,2
12328471,64823,5
12330197,55,2
12333045,4831,1
12333545,24757,7
12334072,817,3
12335303,181,7
12336116,347,7
12336542,314,6
12337579,210,5
12341420,24639,3
12342163,3033,2
12343234,64834,7
12344087,37,6
12345017,98,7
12345019,40,5
12345020,50,4
12345022,1849,7
12345023,1859,6
12346605,1888,4
12348510,1887,1
12350475,1899,6
12351468,108,5
12351883,333,3
12352635,1839,6
12359675,33593,4
12364602,48350,4
12367548,107,3
12368403,24329,2
12382300,35,6
12389645,690,3
12396098,64822,2
12396448,41,4
12396578,63350,3
12401701,53188,5
12401755,60,3
12402023,36111,1
12403233,43234,2
12403511,134,7
12410113,119,4
12410302,4272,3
12410646,4281,4
12411052,24653,5
12411343,35,4
12413641,1679,4
12414032,1285,3
12415406,123,5
12415532,207,2
12415709,24369,3
12416350,48490,5
12416486,24,3
12418695,24422,2
12418905,59670,7
12419412,24257,2
12419421,35,7
12419569,29,5
12419582,59766,7
12419665,30,5
12419854,30,2
12420038,64827,4
12420052,29,3
12420373,30,4
12420710,29,7
12421010,30,4
12421522,30,2
12422023,105,6
12422038,30,3
12422316,30,3
12423204,44,3
12425033,2229,5
12426073,41,4
12426365,19388,3
12427410,65,7
12428059,30,7
12428489,30,1
12428821,304,5
12429126,85,4
12429513,84,6
12429556,686,4
12429880,85,5
12429995,84,3
12430270,88,7
12430522,174,4
12430673,89,5
12430836,85,3
12430895,84,2
12431040,84,3
12431313,84,7
12431550,84,4
12431773,85,2
12431908,85,3
12432029,85,4
12432191,85,4
12432290,84,3
12432411,84,1
12434057,55,6
12435339,9014,6
12435928,60908,5
12436919,10097,7
12444360,9085,6
12447038,10104,3
12448811,48,3
12449010,45,1
12449623,38584,6
12451690,35,7
12453113,32,4
12453792,32,5
12457174,3060,4
12462169,15730,4
12469916,40,4
12470310,35,1
12470718,37,7
12470888,32,5
12470984,34,6
12471257,33,7
12471863,33,6
12471928,46,1
12472026,35,7
12478656,9041,6
12481871,35,3
12486418,35,5
12486495,36546,7
12487358,32,5
12487675,31,3
12487877,31,3
12487940,37,3
12488056,31,6
12488091,40,6
12488369,33,3
12488473,105,4
12488791,32,4
12488853,10086,3
12488863,63024,2
12488948,32,7
12489075,38,4
12489261,48083,6
12489269,39619,2
12489299,25,6
12489333,24266,7
12489343,43232,7
12489792,64822,5
12489901,110,7
12490398,36,7
12490454,39,5
12490987,36,6
12494959,136,3
12495133,36022,4
12496310,64836,4
12496976,1285,6
12497256,2372,4
12497996,9169,1
12499416,32,3
12499542,33,1
12501779,59427,5
12502077,17078,6
12504757,10098,1
12506380,33,4
12506461,30,1
12506466,31,5
12507438,9065,1
12508488,1650,4
12508501,24291,2
12509632,12631,2
12509892,30,1
12510014,303,1
12510404,31443,7
12510888,30,6
12511608,29,2
12511635,31,1
12512377,3029,6
12512700,2290,2
12512876,31,7
12513295,301,3
12513542,35,5
12513892,30,5
12513900,35,3
12514026,1309,6
12514461,1640,5
12515348,109,2
12515744,34169,3
12517204,34189,4
12517274,62127,4
12517485,1745,7
12518585,56,5
12523130,34,2
12523746,33,2
12524026,33,1
12524424,34,6
12524745,117,3
12525085,4250,2
12527700,59378,3
12531398,7888,6
12534583,139,6
12534995,227,7
12537589,42721,3
12537688,11432,7
12538024,41253,6
12540182,820,5
12541716,23834,1
12544232,10154,5
12553323,9046,1
12563024,699,3
12564686,10098,1
12571014,42224,2
12573737,9151,1
12574587,24023,4
12577654,57,7
12578430,48753,5
12578438,47771,5
12578461,41944,2
12579389,228,2
12579680,7839,4
12579761,327,3
12579912,14703,2
12580201,216,4
12580217,23718,7
12581098,24458,1
12581934,299,6
12582880,309,4
12583715,300,2
12583812,24614,4
12584219,298,2
12584899,24,6
12585274,59308,7
12585313,58625,5
12585359,59542,5
12585474,218,5
12586152,287,1
12589847,342,6
12591320,25,5
12591391,1846,7
12591791,48,2
12592801,10079,6
12592979,9024,4
12593454,36022,3
12593471,49,3
12595439,52,2
12595762,2409,2
12597006,2175,7
12599931,49,1
12600047,2928,1
12600086,3061,7
12600825,38,7
12603903,20663,7
12604281,24,3
12604368,25870,7
12604958,20561,3
12605020,64839,5
12605037,86,1
12608804,44433,2
12609284,25,5
12623626,43829,6
12625611,6039,2
12626318,344,2
12637351,47,2
12644367,786,4
12645465,305,4
12645867,54,7
12657218,306,6
12658648,2667,2
12659363,16667,7
12659609,16422,3
12659636,50968,5
12659742,62828,2
12659909,62624,5
12660183,664,7
12660237,64822,1
12660469,48742,3
12660727,38413,2
12661039,227,2
12661082,46376,1
12661419,49296,1
12661432,43380,4
12662275,2008,7
12664650,64834,7
12664670,7603,2
12664774,28212,4
12665967,3038,6
12666189,7504,6
12668332,37682,6
12670486,5526,2
12671535,124,6
12671618,136,6
12671868,205,1
12676276,17571,3
12676519,6308,2
12677096,35928,4
12677128,24672,5
12677286,6168,4
12680806,7170,1
12681878,106,1
12682180,24390,1
12682186,376,4
12683898,4461,2
12685798,1224,7
12686871,101,1
12686968,16043,7
12687142,1075,2
12688224,1903,7
12689564,69,5
12690088,39,7
12690320,1338,5
12692443,34,1
12694197,2645,5
12695489,36,7
12698990,64849,5
12708854,36667,5
12716878,4095,1
12749790,24044,1
12749873,39,4
12749882,38,7
12749887,39,2
12749889,42,5
12757927,642,4
12761998,27658,5
12771521,24432,5
12774033,348,3
12774368,23984,2
12774570,790,2
12783864,41,4
12784526,34,4
12784949,33,6
12785367,33,1
12785817,30,4
12786222,30,2
12786578,37,4
12787131,38,1
12787454,37,4
12787647,38,4
12787649,39,1
12787657,1692,2
12787665,339,4
12787888,39,1
12798806,305,6
12799153,39,4
12799334,318,1
12799678,47,5
12799793,341,1
12800161,48,7
12800358,322,3
12800951,340,7
12801299,53,6
12801452,259,3
12801858,332,5
12802229,52,1
12802612,365,4
12802859,116,6
12807643,69,6
12828682,135,2
12833927,509,3
12833935,50,3
12833941,349,2
12834298,43,5
12843038,239,5
12843493,376,5
12844131,374,4
12844551,995,4
12844862,460,7
12845566,314,3
12845913,140,7
12846124,368,7
12846637,315,6
12847020,114,4
12847176,371,2
12847487,113,3
12847734,306,5
12848038,122,3
12848416,372,1
12848619,340,7
12849340,333,1
12849712,1142,6
12851364,322,2
12851623,124,5
12852058,312,4
12852187,3470,7
12852341,1167,7
12854654,57,4
12854908,71,5
12856848,334,2
12857147,2466,2
12857530,305,7
12860405,45,4
12860605,518,7
12860745,194,1
12861030,34196,7
12861406,161,6
12861521,363,6
12861596,55,1
12862879,92,2
12863044,41,3
12863429,74,5
12863762,60200,7
12867170,318,3
12867401,980,5
12868282,325,5
12868674,133,5
12868891,121,3
12869567,332,3
12869819,788,3
12873716,9187,1
12873743,10264,6
12881117,29,7
12881342,61814,1
12881460,330,5
12881543,98,4
12884465,9151,4
12887523,10235,7
12889227,1993,7
12893637,9126,6
12903877,10228,4
12904569,9157,2
12908164,3470,2
12911739,235,6
12912301,3313,1
12913719,9151,3
12914087,10178,7
12916116,326,6
12916676,42412,6
12916793,318,7
12917112,34446,5
12920032,682,2
12922856,9141,2
12923260,18450,3
12923293,33775,6
12924252,10283,4
12924536,58673,2
12924871,43941,4
12925101,58725,5
12925251,59146,4
12925711,286,6
12926283,64835,3
12927431,287,3
12927686,33,6
12927981,59153,5
12928451,34,1
12930244,280,4
12933220,33,5
12933232,34,5
12934029,332,4
12935722,138,6
12938703,9443,6
12939896,10052,5
12941555,333,7
12942196,54,6
12945565,46,4
12947025,49149,6
12948124,36,5
12949423,9021,3
12949917,35,6
12951105,33,4
12952720,302,5
12956970,34030,6
12957110,327,6
12958661,91,5
12961362,1372,4
12963403,9133,1
12964278,10247,7
12964322,48413,6
12964337,49174,2
12964489,42989,1
12965093,278,3
12968602,110,1
12973251,2242,3
12977741,70,6
12979555,109,7
12999757,17778,1
13000448,22259,7
13000624,14532,7
13003616,330,6
13004027,42272,7
13004834,58341,2
13005385,543,1
13007632,9141,2
13007708,630,4
13008745,10233,4
13008843,58614,6
13009081,59667,5
13009458,58629,5
13009642,59017,7
13010745,41,2
13011310,1830,4
13011363,48863,2
13012388,49600,4
13014146,1834,2
13014404,44727,1
13016774,9185,7
13016894,107,2
13017098,51616,4
13017415,42,5
13017513,106,4
13018149,105,7
13018498,108,2
13018997,10262,3
13019723,111,7
13020106,110,2
13020904,64834,2
13021689,103,1
13022019,49358,1
13022386,44988,6
13028890,17231,6
13030150,22623,7
13033933,134,1
13034586,40,5
13034840,14796,7
13034958,7238,2
13037484,2238,1
13042716,24034,4
13044212,32,7
13045892,54022,2
13051085,97,7
13053603,77,5
13067823,9172,5
13068515,2366,4
13068900,10273,4
13080255,9182,4
13081358,10215,6
13086268,9961,4
13086754,2598,4
13089449,9166,5
13091133,42155,1
13091585,10246,2
13094051,59031,3
13094384,59394,3
13094515,58997,2
13094698,29309,7
13095870,310,6
13096117,9918,4
13096921,300,2
13097904,45051,2
13097912,46291,1
13098621,9219,5
13098677,50934,7
13098968,50326,2
13100189,14724,2
13100230,3636,1
13100258,7240,6
13101086,24804,3
13101254,34148,6
13101818,29299,4
13102613,49426,1
13106220,79,2
13106784,26,7
13108802,5453,6
13110370,25780,6
13113792,24,6
13114651,25,7
13115020,25,7
13115475,25,2
13115779,41,4
13117029,25,1
13117793,42,2
13120969,9195,7
13121409,9016,3
13123530,52250,4
13125426,54023,2
13130419,46,6
13131071,45,7
13133915,7396,7
13141411,64832,4
13141961,45,7
13142101,511,4
13142816,65,4
13142969,22235,2
13143172,511,2
13143231,52,7
13143952,58,6
13144167,26,7
13146838,199,6
13168953,10224,2
13174987,9136,5
13176700,42888,1
13177684,46751,1
13177776,49,5
13177782,257,7
13177792,244,1
13177833,44978,4
13179157,328,4
13179207,58615,6
13179533,58910,5
13179776,59704,4
13181495,6928,4
13182095,32888,5
13182157,35,5
13184331,52235,4
13184619,51346,3
13185783,49691,4
13186963,10256,2
13187357,10562,4
13189409,15063,6
13189592,14755,1
13190860,220,1
13192819,793,3
13193246,9446,4
13196345,36,2
13197641,56911,7
13198692,43,7
13198942,634,7
13199192,629,7
13199909,47,6
13200586,4633,4
13201338,26,2
13201363,47,2
13201368,68,5
13201373,45,3
13201377,52,4
13201968,4085,1
13203552,10232,3
13205837,5898,3
13206173,44,6
13206531,47,4
13206784,47,4
13206955,630,5
13208735,58611,6
13208888,65289,7
13208900,30,7
13209567,47,7
13214808,22610,2
13227785,629,3
13227838,44,5
13227894,43,7
13227964,42,2
13240125,15815,4
13259800,25583,4
13260291,27165,7
13264332,395,3
13264346,43076,7
13265171,379,1
13265761,387,6
13267138,46076,6
13267155,46464,6
13267909,27037,7
13268858,1022,1
13271268,8029,6
13273698,43,1
13273735,48,6
13273932,631,1
13274026,42,2
13276464,9172,6
13278911,58926,6
13279209,59477,3
13279350,58916,2
13279567,59201,7
13279939,1520,1
13281094,45,5
13281125,47,2
13281343,585,4
13281398,41,2
13281543,384,7
13282124,43,6
13283880,46,6
13284122,45,7
13284296,20243,3
13284888,47,7
13285512,44,4
13285816,33,3
13285852,46,7
13285900,632,1
13286116,390,7
13286603,641,3
13287285,2657,4
13287632,15299,1
13287831,50005,6
13288063,4836,4
13289915,24,3
13293685,2265,5
13295943,34,1
13296135,33,1
13296483,32,6
13296724,32,2
13296869,32,3
13299955,107,3
13302719,465,6
13308979,42938,4
13318126,10221,6
13327342,9159,2
13334018,10282,2
13336536,9164,7
13344327,10253,2
13345678,9161,6
13349217,383,4
13350036,508,6
13350570,9639,4
13350870,943,6
13352064,1037,6
13352141,389,5
13353371,728,6
13353389,393,3
13354363,886,1
13354578,10258,3
13354819,9176,3
13355109,64,2
13355153,382,5
13355631,68,1
13355890,61,3
13356042,65,6
13356128,703,6
13356227,63,5
13356904,64,4
13357439,61,4
13357560,746,3
13357723,59,2
13358016,63,3
13358495,665,1
13358677,65,7
13359058,62,4
13359453,689,1
13359903,56,7
13360342,65,3
13360765,31,3
13360928,479,6
13361488,13053,3
13361555,645,7
13361571,22535,3
13361700,2696,5
13364019,9286,5
13364779,49753,5
13364859,10386,2
13364935,44483,2
13366171,2232,6
13366226,58579,5
13366364,58726,6
13366408,710,5
13366531,58504,4
13367270,46735,2
13367534,46732,7
13367691,59168,6
13369451,35,4
13369583,36,2
13370054,2602,7
13370686,60,7
13370910,57,6
13371173,106,2
13371288,382,4
13371295,53,3
13373170,9152,3
13373277,2559,7
13373579,53,2
13373788,52,5
13374181,52,6
13374781,46,3
13374928,38,3
13375124,41,5
13375237,10335,3
13376572,57,3
13377328,56,4
13377525,53,5
13377630,22041,6
13377659,61,4
13378012,19904,1
13378014,55,2
13378020,64834,2
13378318,52,2
13378502,23065,4
13378745,23394,2
13379076,52,3
13379257,52,7
13379439,53,3
13379668,385,5
13380845,52,2
13381189,52,5
13381359,386,4
13382318,9173,4
13384738,707,7
13385432,10261,1
13387090,699,1
13389131,704,5
13389414,8651,7
13390472,380,3
13392324,55,3
13392563,56,7
13392748,54,5
13393355,52,7
13393965,55,2
13394275,54,1
13394454,53,3
13394922,106,7
13397465,114,1
13399643,57,7
13399795,52,3
13400579,55,6
13400754,53,5
13400922,54,4
13401524,2581,3
13403572,9163,6
13413845,10234,5
13416980,180,6
13416981,281,1
13416982,202,6
13416983,348,3
13416985,223,6
13416986,486,6
13416987,285,6
13416988,591,4
13417014,282,3
13417018,260,5
13418611,9194,3
13418688,39,7
13418689,42,2
13418691,47,1
13418692,47,1
13418693,48,4
13418694,49,4
13418695,73,7
13418696,73,3
13418697,71,6
13418698,113,4
13418699,109,3
13418701,107,6
13424082,10264,4
13424636,24698,3
13424638,24494,2
13424639,24426,6
13424640,25214,1
13424642,25052,7
13424643,29317,4
13424644,25075,4
13424646,24982,2
13427841,9132,7
13433068,389,1
13434024,699,3
13434365,10234,2
13435082,707,1
13436319,392,5
13439687,696,2
13442786,183,3
13442788,179,3
13442789,152,2
13442791,212,7
13442792,187,6
13442794,170,2
13442795,259,1
13442797,211,6
13442798,197,2
13442800,306,7
13442801,383,6
13442803,345,1
13444046,388,3
13445526,691,6
13447010,6004,7
13447226,3194,3
13447419,388,7
13447576,25245,6
13447577,26210,3
13447579,26676,6
13447580,25653,1
13447581,25602,7
13447583,25811,2
13447584,25501,5
13447586,25453,7
13447746,22096,1
13448158,46841,6
13448862,46740,2
13448876,46783,2
13451236,28235,4
13451317,33638,3
13454846,58685,3
13455083,47579,6
13455218,58950,1
13455315,700,4
13460165,742,4
13473310,1744,2
13475187,64,6
13478779,5360,6
13479405,2469,1
13480108,64863,1
13484809,758,7
13486485,5316,4
13503881,3190,4
13503889,209,5
13518297,23603,5
13519081,1689,7
13519291,14976,4
13519331,622,5
13524515,5532,5
13524924,27040,7
13525395,43231,6
13525557,46814,7
13526556,60132,2
13527791,1664,6
13527803,48765,6
13529626,25913,7
13530025,51226,7
13530913,8046,6
13533240,36,6
13533589,36,6
13533871,58703,7
13534187,59408,7
13537728,36,6
13539742,35,2
13539851,77,3
13539894,58677,2
13540112,122,7
13541079,38,7
13541241,212,4
13541428,101,6
13542522,40,6
13542535,34,1
13542677,206,1
13542713,237,2
13543600,36,1
13543632,572,7
13548221,32,4
13548317,33,6
13548421,33,6
13549117,36,5
13549714,36,6
13551336,25518,4
13551527,1780,5
13551764,11200,7
13551784,34,4
13552151,2598,7
13553353,41,7
13553493,31,6
13553515,35,3
13553854,34,4
13554468,39,2
13554664,38,1
13554923,695,1
13554929,33,2
13555860,31,3
13556693,2727,6
13556735,32,1
13556837,32,6
13557370,32,5
13557565,32,7
13558352,7232,7
13560771,14434,3
13569709,990,4
13573444,4083,5
13577756,10832,7
13581747,65034,2
13589745,9163,1
13591020,27064,7
13591022,27032,4
13591023,27763,2
13591024,26252,6
13591026,25701,3
13591027,25955,7
13591028,26251,7
13591030,25979,2
13594326,29307,3
13604553,105,6
13605295,25990,4
13605463,1701,1
13605634,2727,1
13605750,16057,5
13609798,42462,4
13613420,64822,5
13613793,64822,7
13614248,64822,3
13614313,5375,2
13614379,1864,7
13615032,1828,5
13615130,585,5
13616064,41,3
13616144,44881,6
13616573,35,7
13616766,64822,2
13617478,64822,5
13617559,64823,6
13619152,64822,5
13620896,30,1
13621551,7169,2
13621679,6929,6
13623677,58987,7
13623733,45413,1
13623781,58942,3
13624312,7232,6
13625420,32,6
13630224,3410,1
13630916,106,7
13632470,4280,2
13634892,26005,1
13636430,189,5
13658648,46871,5
13659334,51134,6
13659343,50617,3
13661071,180,3
13661152,39,6
13661554,178,7
13662072,10088,1
13691718,1140,2
13694210,597,4
13696789,1876,3
13697378,3892,2
13697986,839,7
13698487,149,1
13698698,29625,7
13700309,61959,6
13700452,58665,5
13700638,64822,5
13700756,63705,6
13700794,33,5
13700892,64822,2
13700900,100,2
13703208,39,1
13703339,42640,6
13705882,19836,2
13706338,58871,6
13706831,6284,4
13707072,666,3
13707243,191,4
13712344,34,7
13713603,9162,7
13714805,10229,2
13716726,38826,6
13716812,58978,7
13717055,1635,2
13717179,1527,1
13717422,99,7
13717910,399,5
13718613,24,5
13718633,1475,1
13718709,24,5
13719604,24,2
13719837,24,4
13720126,24,6
13720513,36,5
13720531,24,2
13720593,24,1
13720737,24,3
13720802,24,4
13720845,46652,4
13720848,4408,7
13721032,309,2
13721195,24,7
13721338,24,1
13721394,24,5
13721394,34,3
13721401,27,1
13721746,54165,5
13722067,52792,3
13723211,51852,7
13723726,23158,1
13726424,103,5
13727880,6283,7
13730579,31,2
13730707,30,5
13730856,33,3
13731014,32,5
13731541,27,4
13731555,31,6
13731786,26,4
13731945,26,6
13732241,28,3
13732322,32,5
13734608,891,4
13736685,109,1
13737034,572,4
13737381,109,1
13737612,91,2
13738196,95,6
13738215,23,2
13739123,105,3
13739239,355,2
13739602,34,5
13739936,31,4
13740177,7699,6
13740296,3253,7
13741795,39,4
13742437,54022,2
13742541,54022,5
13742641,196,1
13742853,25,5
13750365,54022,1
13757444,24033,3
13773916,47622,5
13774462,15124,5
13775931,868,2
13777953,27472,5
13780410,50,5
13780617,45,2
13780969,47,5
13782918,570,7
13783360,100,4
13784821,36030,4
13785409,452520,4
13785491,27042,2
13785862,359,7
13786153,62485,2
13786211,557,3
13786315,64822,5
13786459,62215,4
13786616,57825,2
13786747,1402,7
13786816,63654,5
13787202,10068,2
13787433,109,3
13788141,7236,3
13789677,664,3
13790508,867,3
13791842,47051,3
13792180,53184,7
13792469,52642,5
13793656,652,7
13794669,1956,6
13795248,35,2
13796800,54022,2
13797530,54022,2
13797770,218,3
13798102,6352,3
13798695,112,3
13799237,2265,5
13800291,44,2
13800473,1241,6
13801638,636,4
13804363,42337,3
13804482,54022,1
13804584,634,5
13805452,639,2
13805817,2630,2
13806021,655,5
13807120,12636,6
13808327,31,2
13808590,33,4
13808991,30,6
13811605,9124,6
13812672,10236,1
13813915,6323,1
13815870,6434,7
13817387,42,4
13817764,115,6
13819302,107,1
13823895,7103,6
13829770,309,6
13831957,58898,6
13832066,36533,7
13859467,9106,6
13860579,10193,5
13868582,9129,3
13870271,15163,3
13870732,1318,7
13870785,10223,3
13875664,6345,4
13876161,3632,1
13876479,45030,2
13878051,88,7
13878628,40997,5
13878758,54022,1
13878780,32791,1
13880230,16267,3
13880540,1840,2
13882443,12569,4
13882695,12037,6
13883064,47688,5
13884972,61470,5
13885103,62298,2
13885246,59586,1
13885366,59332,1
13885464,62264,4
13886095,23880,5
13886316,24257,4
13886483,24034,7
13886576,25839,4
13887245,42,5
13894664,25038,6
13894789,58640,5
13896114,42304,4
13896673,32,3
13898978,7670,6
13907506,332,1
13912375,106,4
13912932,106,1
13914724,331,3
13916434,4672,5
13919359,632,2
13923156,698,7
13924048,371,2
13925179,375,4
13926558,372,5
13928372,373,2
13929465,78,4
13946013,60388,2
13964513,24294,7
13964514,24418,6
13964516,23716,1
13964517,23833,5
13964518,24691,3
13964520,24812,5
13964521,24200,1
13964522,24654,2
13966553,9129,2
13969391,37,7
13969745,35,2
13970077,32,6
13970760,32,7
13975168,53815,4
13975175,51478,1
13976474,36,7
13976755,34,3
13976785,10184,7
13977060,38,7
13977588,36,7
13977791,35,7
13978413,32,7
13978490,44790,4
13978521,33,7
13978540,34,3
13978844,33,3
13979010,32,1
13979165,44280,7
13979709,35,6
13979813,32,3
13980884,37,1
13981072,33,4
13981254,32,4
13981429,32,6
13981586,33,7
13981854,33,5
13981957,58605,7
13982089,58585,6
13982593,41,6
13982921,38,2
13983107,33,2
13983274,32,2
13983458,33,5
13983621,32,6
13988111,33,1
13989719,33,3
13989723,338,6
13989768,32,4
13989861,31,4
13993316,27,7
13994531,566,1
13994744,602,3
13995636,794,1
13995790,575,6
13995971,613,1
13996307,823,2
13996679,4065,5
13996706,4328,4
13996740,6389,3
13997536,821,2
14007663,3632,5
14028258,47615,7
14047474,24507,5
14047479,24425,3
14047485,24658,1
14049101,60406,3
14055102,5195,3
14055133,1240,2
14058287,9118,3
14059343,10198,4
14059714,672,1
14062269,25370,2
14065020,58629,6
14065189,58533,2
14069640,1108,7
14070422,45871,4
14070858,53631,7
14071075,51645,3
14082235,1241,7
14085201,310,2
14086072,298,1
14086853,62054,4
14088022,9188,7
14094960,47121,2
14095233,10702,6
14100609,3632,3
14105685,9155,4
14107199,10231,7
14110485,24809,5
14110486,24698,4
14110488,25077,2
14110489,25097,6
14110490,24993,4
14110492,25147,7
14110493,25411,1
14110495,26109,5
14116378,8999,1
14119581,10063,2
14125201,5768,5
14125383,47634,5
14128385,111,7
14128760,37,4
14128916,38,6
14129001,452,5
14129629,34,3
14129777,404,2
14134873,37,7
14135035,35,7
14135488,355,7
14135993,162,7
14136389,7503,3
14138047,798,2
14138175,60571,3
14139626,58649,3
14140518,32656,3
14142735,992,4
14143716,1323,3
14143718,23445,5
14144013,12720,3
14144015,42417,5
14144082,46804,6
14144339,54383,3
14144481,52247,2
14147021,111,4
14147067,111,1
14147506,36029,1
14148047,25,7
14148051,32,6
14148114,10012,5
14148360,36,7
14148486,58769,3
14148698,29,6
14148762,33,3
14148841,118,4
14149213,39,7
14150144,35,2
14150726,1818,2
14151100,309,6
14151572,64828,4
14152640,309,4
14153099,58866,1
14154387,7231,5
14158892,34,6
14159065,35,2
14159626,1833,6
14162169,24653,6
14162315,32,4
14162595,26,5
14162666,25,2
14162970,48058,3
14163810,23,1
14163927,24,6
14164015,23,2
14164186,24,1
14164268,33,2
14164286,24,4
14164372,23,6
14164617,24,1
14164675,24,7
14164737,23,5
14164851,31,7
14173107,9487,2
14173639,9483,1
14173701,92,6
14176745,68,1
14176843,12807,4
14176949,42,2
14177108,5196,4
14177139,20183,1
14177695,103,1
14178091,101,7
14178763,14823,4
14178785,14214,3
14195845,43,7
14195847,39,3
14195848,41,3
14195850,40,6
14195852,41,1
14195853,43,5
14195855,43,5
14195856,48,7
14195858,42,6
14195860,44,7
14195861,40,5
14195862,40,4
14200647,47718,2
14210818,1925,1
14213436,18030,7
14213560,695,2
14213587,64823,2
14220611,60410,4
14222154,28590,6
14222738,33,3
14223248,47,5
14224872,43,1
14225298,747,1
14225383,57,4
14225470,105,5
14227689,5033,4
14228398,34,6
14231778,878,4
14235307,27,6
14236108,48361,3
14236708,1666,7
14237173,126,3
14237400,8463,6
14237405,52204,2
14237431,61963,5
14237432,126,6
14237459,1236,6
14237508,58526,3
14237601,58515,2
14237652,125,1
14237880,2447,2
14238080,33,3
14238145,38,1
14238508,28,6
14238727,128,4
14239336,216,5
14239779,216,1
14240288,441,5
14240958,878,3
14240994,1376,6
14241096,220,5
14241105,211,6
14241113,203,4
14241128,285,2
14241135,274,6
14241147,531,5
14241155,368,2
14241173,42,1
14241181,58,4
14241190,70,2
14243454,3038,5
14247753,35,7
14247821,77,6
14255757,81,6
14255952,9165,3
14257018,10213,7
14259292,12554,1
14259403,470,7
14259552,238,1
14259820,54023,7
14259897,49836,7
14260152,5589,4
14260324,8853,6
14260472,8854,2
14260605,2932,3
14263956,123,6
14265971,598,5
14297813,64822,5
14301251,64822,4
14302133,42463,1
14302201,24701,6
14302399,64830,5
14305437,36,3
14306158,47754,5
14307454,48328,1
14307659,52040,1
14308273,9141,4
14308988,31,5
14309418,118,3
14309444,117,3
14310005,2934,3
14310232,24,4
14310504,24,4
14310881,260,4
14312030,10180,6
14312238,276,1
14313015,78,5
14313973,76,2
14314391,58618,3
14314487,18947,1
14314515,58758,1
14314624,1837,4
14315234,15158,6
14315273,28468,2
14315348,53,1
14315365,50,4
14317089,15869,7
14318660,343,4
14320078,58991,3
14323855,9168,5
14324179,4718,5
14324893,10285,2
14329696,1616,7
14335916,31,3
14336620,124,7
14336905,2446,5
14337361,6338,5
14341875,558,7
14342045,387,2
14347363,563,6
14365802,9167,4
14366918,10237,3
14370290,24776,7
14370291,24824,7
14370292,25602,5
14370294,25756,3
14370296,24288,3
14370297,24896,7
14370298,25177,5
14370300,24191,7
14370301,25405,7
14370302,25357,4
14370304,25733,2
14370305,26018,2
14371066,93,5
14374319,116,7
14375005,9166,5
14376966,1783,2
14377195,10259,7
14385040,231,2
14388015,967,2
14390658,42709,4
14390929,25239,4
14391071,24419,3
14391183,24673,6
14391328,25721,2
14391454,56117,2
14401477,706,2
14401639,26541,3
14401659,48162,1
14402632,13254,5
14402651,25138,1
14404857,2439,4
14406103,1852,6
14407046,5930,6
14407338,6152,4
14407549,49016,6
14408477,28854,5
14409102,25,6
14415697,28935,6
14415890,54258,6
14423149,23993,4
14423221,23713,4
14423255,40,6
14423372,23936,5
14424394,41,5
14425303,58679,4
14425452,58600,1
14425671,58667,2
14437171,9212,2
14447443,10246,6
14454937,15313,5
14454939,15023,6
14454942,15288,1
14454945,15548,7
14454947,15069,5
14454950,15153,1
14454953,15306,5
14454955,15094,6
14454958,15242,4
14454961,15181,6
14454963,15484,3
14454966,15202,4
14455360,6329,7
14455366,6341,4
14468448,9150,5
14470466,4388,1
14472619,42,2
14478752,10243,4
14480718,546,5
14480787,11406,1
14483105,7370,5
14484156,58590,4
14484410,58566,6
14484579,59120,5
14492845,42588,1
14495145,29477,7
14495920,174,4
14495940,171,6
14497751,1927,6
14497881,51664,7
14501739,39,1
14501908,12098,5
14502165,76,2
14502191,180,5
14502208,38716,6
14502338,359,3
14504590,1806,1
14510572,11471,1
14511371,1806,2
14520029,35,6
14520424,107,5
14520845,12923,1
14539488,9039,6
14540081,1806,2
14542124,7564,2
14542130,7577,2
14542135,7714,1
14542140,7562,7
14542145,7625,3
14542150,7591,7
14542156,7594,4
14542161,7563,3
14542167,7561,7
14542172,7650,6
14542178,7524,1
14542183,7521,2
14545604,12592,6
14568776,12895,1
14579935,59133,3
14580055,58597,4
14581210,58595,1
14581680,12895,2
14586097,34,1
14587015,36,3
14587343,287,7
14588062,15013,3
14588829,35,6
14589478,34,7
14590191,32,3
14590797,32,6
14591196,33,2
14591318,35,7
14592118,37,7
14593110,355,4
14593324,752,4
14593553,1240,5
14594583,12956,2
14596605,107,3
14596876,32,7
14597242,34,3
14598629,33,7
14598791,36,4
14600213,31,6
14600847,38,3
14601005,36,6
14601174,35,2
14601281,36,2
14601340,32,5
14603187,61184,7
14607538,12915,2
14620447,12912,6
14631983,7581,3
14631988,7563,1
14631994,7686,2
14631999,7628,6
14632005,7635,6
14632010,7610,5
14632015,7592,1
14632021,7598,6
14633346,12927,5
14645610,13242,2
14645979,7700,7
14645984,7765,5
14645989,7821,5
14645993,7779,2
14652558,12895,7
14655606,48,3
14655727,10047,7
14655778,12812,4
14656176,18976,6
14664088,12808,5
14664135,12867,4
14664187,12869,1
14664372,7714,7
14664377,7751,3
14664382,7823,1
14664387,7784,3
14664677,58625,2
14664891,58550,6
14665115,58528,2
14665457,12855,1
14666584,59147,3
14669107,38,5
14669403,36,3
14669467,38,3
14669508,36,6
14669676,38,2
14669799,35,7
14669842,35,7
14669938,35,6
14669983,35,5
14671968,35,5
14672048,34,2
14672136,37,4
14672692,35,5
14672747,35,6
14672793,35,6
14672887,37,1
14673032,35,1
14673091,35,5
14675149,18941,3
14676367,35,6
14677716,35,5
14680077,40,2
14680197,38,5
14680207,40,2
14680928,38,2
14680931,37,6
14681193,40,5
14681201,41,7
14694337,12869,6
14695531,6318,6
14695561,6316,3
14700424,18942,6
14707201,12889,1
14718287,12825,5
14718292,12859,2
14718298,12924,2
14718303,12866,3
14718477,12750,3
14718482,12815,3
14718487,12913,7
14718492,12858,5
14719345,18938,2
14720082,12871,7
14731862,36,4
14731868,37,6
14732032,32,1
14733004,105,5
14733008,106,3
14733686,35,2
14733691,34,7
14733954,33,2
14738315,37246,2
14738561,42832,6
14738975,16797,6
14743006,39,4
14743311,35,7
14744477,58597,6
14744605,59130,5
14745161,58580,2
14745232,58749,1
14752932,33,5
14753143,11088,2
14754253,14912,2
14757783,12929,7
14757788,13057,1
14757793,12937,5
14757797,12862,4
14757848,41,1
14757865,12814,3
14757870,12867,3
14757875,12873,2
14757880,12916,2
14758127,639,3
14758158,173,6
14759747,34,3
14759868,87,4
14760438,40,2
14760454,39,7
14761593,36,1
14761599,36,4
14762978,34,6
14763084,76,2
14763339,93,3
14763438,1802,7
14763493,36,1
14763815,689,7
14763823,321,2
14763834,135,2
14763842,139,5
14763851,697,2
14764627,13651,1
14765053,44,4
14765650,109,6
14766581,33,7
14766593,33,3
14766602,36,7
14766607,39,3
14766628,32,5
14766703,34,3
14766709,35,2
14766722,36,7
14766726,35,3
14767172,329,2
14767197,12896,2
14767719,106,5
14767987,929,1
14768158,1837,7
14769902,186,5
14770043,1802,4
14770597,189,2
14770607,183,6
14771814,19000,1
14774677,1782,2
14776794,52579,7
14778253,973,1
14778266,454,2
14778282,218,4
14778291,212,3
14778300,801,4
14780923,12367,3
14788134,47725,4
14788370,60434,3
14791825,59,4
14796557,12911,3
14800221,12815,3
14800222,12866,7
14800224,12903,7
14800225,12973,4
14809492,12860,3
14813101,19150,3
14816891,50,7
14820275,43231,4
14820714,107,6
14820794,36,5
14821402,109,4
14821893,33,3
14822395,107,2
14822760,107,1
14824834,64830,4
14824995,58574,1
14825201,58666,5
14825306,59240,5
14825551,58609,7
14828105,13042,3
14828977,126,7
14829186,14428,5
14831913,39,1
14833125,51,3
14833658,49,2
14835104,52,2
14835847,30,4
14836152,2038,7
14836385,27,4
14837924,510209,6
14837963,508420,5
14839157,27,2
14840234,45,2
14845722,1837,7
14847271,19046,3
14850341,1230,1
14850348,1227,5
14850354,1228,2
14850361,1228,7
14850368,1228,6
14850829,1229,6
14850836,1228,7
14850843,1228,5
14850851,1229,5
14850859,1227,7
14850921,35,6
14850929,37,7
14850935,36,6
14850941,35,5
14850948,37,2
14851295,33,4
14851301,36,1
14851311,35,7
14851318,36,1
14851326,34,5
14851334,37,6
14851341,36,7
14851345,38,4
14851347,40,6
14851348,38,2
14851350,36,6
14851356,38,6
14851358,38,4
14851368,36,1
14851376,38,4
14852795,30,4
14852797,32,3
14852798,31,1
14852800,32,3
14852801,31,5
14852802,32,1
14852803,33,6
14852805,33,4
14852806,32,3
14852807,32,6
14852808,33,7
14852809,32,2
14852810,32,7
14852811,32,2
14852812,33,1
14852814,34,3
14852815,35,2
14852816,34,5
14852817,33,7
14852818,38,7
14852819,39,7
14852820,39,2
14852821,38,3
14852822,36,1
14852823,35,4
14852825,36,4
14852826,39,5
14852827,37,3
14852828,38,5
14852829,39,6
14858360,932,2
14858436,185,1
14861327,706,3
14862592,693,3
14877562,526,2
14877960,3038,5
14880614,13039,7
14884445,3037,7
14886312,47683,4
14889001,145,2
14889148,1832,1
14892989,1833,2
14899511,60394,6
14899837,19014,6
14903334,43230,4
14905533,12905,2
14905813,1275,5
14907183,14427,1
14910023,19277,4
14910049,20836,1
14911158,113,2
14912758,11904,1
14913015,74,4
14914905,59083,7
14915151,59470,5
14915195,31,5
14915287,215,2
14915500,1644,1
14915556,14336,6
14915567,14175,4
14915674,58588,4
14915836,12638,7
14915891,58588,1
14916163,13702,5
14918442,13001,5
14918517,34,1
14918540,2738,6
14918856,15149,6
14921729,13577,3
14924362,1792,5
14924383,39,3
14924387,38,7
14924388,37,1
14924390,36,5
14924392,37,4
14924393,38,2
14924394,40,7
14924395,44,3
14924397,45,3
14924398,37,5
14924399,41,4
14924401,39,3
14924402,43,4
14924403,42,2
14924405,45,3
14924406,43,7
14924407,44,1
14924408,45,1
14924410,41,4
14924411,45,7
14924412,42,3
14924414,41,5
14924416,41,3
14924417,41,3
14924418,40,4
14924419,43,5
14924421,41,4
14924422,44,5
14924423,42,3
14924425,41,4
14924426,44,4
14924427,44,4
14924428,44,4
14924430,45,7
14924431,45,1
14924432,50,6
14924433,45,5
14924435,47,6
14924436,46,5
14924437,47,1
14924802,39,6
14924804,36,6
14924805,36,2
14924806,39,6
14924807,37,4
14924809,38,1
14924810,38,2
14924811,45,4
14924812,46,4
14924814,40,5
14924815,45,3
14924816,41,4
14924818,42,5
14924819,41,4
14924820,43,5
14924822,40,1
14924823,41,3
14924824,40,7
14924825,40,7
14924827,40,6
14924828,41,4
14924829,41,5
14924830,41,4
14924832,41,5
14924834,42,5
14924835,43,3
14924836,43,6
14924837,43,6
14924839,43,7
14924840,44,5
14924841,45,4
14924843,44,5
14924844,44,4
14924845,45,6
14924846,49,7
14925147,1227,6
14925148,1228,5
14925150,1229,3
14925151,1228,3
14925152,1228,2
14925154,35,3
14925155,35,6
14925156,33,7
14925157,32,2
14925159,33,5
14925160,36,6
14925161,35,7
14925162,34,5
14925164,34,5
14925165,33,6
14925166,36,6
14925167,37,6
14925169,35,3
14925170,36,5
14925171,35,5
14925173,36,7
14925174,37,1
14925175,35,2
14925176,36,6
14925178,35,5
14925179,37,5
14925180,36,1
14925182,37,6
14925183,38,3
14925185,38,1
14925186,42,1
14925187,42,5
14925188,46,5
14925190,38,1
14925191,39,6
14925192,48,2
14925193,42,4
14925196,40,3
14925197,41,6
14925198,51,7
14925200,41,4
14925201,41,5
14925203,44,6
14925204,44,5
14925205,43,3
14925206,41,1
14925208,40,5
14925209,42,7
14925210,41,4
14925211,42,1
14925213,45,4
14925214,43,2
14925215,43,5
14925217,44,7
14925218,42,5
14925219,44,6
14925220,45,4
14925222,43,3
14925224,44,6
14925226,44,6
14925228,46,6
14925230,45,5
14925233,45,7
14925235,46,1
14925236,45,5
14930721,37,2
14931226,64828,2
14931391,26859,1
14931883,10104,4
14932908,33,4
14934016,47681,6
14934148,8752,3
14935437,224,6
14935839,3757,6
14936589,1646,6
14937100,10869,5
14938499,6033,6
14940463,10851,6
14947072,15067,1
14959924,60433,3
14996008,42,7
14997961,2241,4
14998413,110,3
14998529,64829,4
14999490,59206,1
14999561,58967,5
15002932,448,3
15004740,1637,1
15007316,31858,1
15007993,1582,6
15008167,33,3
15008367,10207,2
15010577,1867,7
15011422,53,1
15012019,108,7
15012126,91,2
15012201,22052,4
15012846,41,2
15013921,6669,6
15016981,3037,1
15017124,289,7
15017392,119,5
15020436,6148,4
15022679,10163,3
15023117,13682,4
15026835,35,4
15026837,33,6
15026838,33,1
15026839,33,7
15026840,33,2
15026842,33,7
15026844,34,1
15026845,32,2
15026847,32,5
15026848,35,5
15026850,35,6
15026860,37,6
15026862,35,6
15026863,38,3
15026867,40,1
15026868,42,6
15026869,39,2
15026870,39,3
15026872,36,5
15027055,31,6
15027057,31,2
15027059,31,7
15027060,30,2
15027061,32,4
15027065,33,2
15027066,32,6
15027067,32,4
15027075,35,4
15027077,35,7
15027114,33,1
15027116,32,4
15027119,32,2
15027121,32,1
15027123,292,7
15027126,33,4
15027128,34,3
15027131,33,5
15027133,32,4
15027135,34,6
15027155,41,4
15027157,38,6
15027180,40,3
15027476,15030,1
15027800,2438,5
15028595,33,7
15028880,327,5
15028881,328,1
15028883,328,6
15028884,329,5
15028886,327,7
15028887,33,5
15028888,34,6
15028889,33,3
15028891,36,5
15028892,34,1
15028893,36,3
15028895,33,7
15028896,33,3
15028897,34,3
15028898,33,7
15028900,38,7
15028901,38,7
15028902,34,5
15028903,35,7
15028905,36,2
15028906,36,2
15028907,38,3
15028908,37,2
15028910,35,2
15028911,36,5
15028912,38,1
15028913,41,1
15028915,39,1
15028916,39,5
15028917,39,3
15028920,32,5
15028923,30,3
15028926,32,2
15028929,31,1
15028932,31,1
15028935,32,3
15028938,35,3
15028941,32,6
15028944,33,7
15028947,34,6
15028950,33,5
15028953,32,3
15028956,33,5
15028959,32,2
15028962,35,6
15028965,327,1
15028965,35,7
15028967,327,4
15028968,327,3
15028968,36,6
15028969,329,2
15028970,328,3
15028971,33,5
15028972,36,2
15028973,36,4
15028974,34,6
15028974,34,5
15028975,33,1
15028977,33,6
15028977,34,2
15028978,37,6
15028979,35,2
15028980,35,4
15028981,35,6
15028982,35,6
15028983,35,2
15028983,35,6
15028985,36,7
15028986,35,1
15028986,33,7
15028987,38,5
15028988,35,5
15028990,34,4
15028990,35,7
15028991,35,1
15028992,36,5
15028993,35,7
15028994,38,5
15028995,35,6
15028996,37,4
15028997,35,3
15028998,39,5
15028999,38,1
15028999,38,3
15029001,36,2
15029002,36,1
15029002,36,3
15029003,39,3
15029005,36,1
15029008,36,6
15030720,3658,4
15031182,28829,6
15031762,953,7
15032905,83,1
15033177,2444,6
15034258,21085,2
15037913,47634,6
15038589,34437,1
15039672,5434,1
15050667,60469,1
15079202,64833,3
15079299,64830,4
15079867,125,5
15080139,177,7
15080544,231,1
15081577,64832,7
15081724,59165,6
15081968,29626,4
15082259,2443,6
15083449,1234,3
15084130,1808,5
15084706,64877,6
15086544,21224,3
15086709,46796,4
15086916,55663,4
15091698,100,4
15091809,3646,6
15092495,28615,2
15094868,12808,1
15097446,34591,3
15103352,46522,7
15104321,15005,5
15105632,58399,5
15107662,10109,3
15107916,28831,5
15110175,32,3
15110470,47717,2
15111466,40,5
15112244,1229,4
15115194,33,2
15116752,48,3
15138262,16254,7
15182514,328,1
15183238,328,6
15184886,329,4
15186181,33,1
15186288,32,6
15186645,32,3
15186755,106,7
15187240,84,3
15187352,120,5
15187952,6654,5
15188019,123,3
15188215,3112,3
15189021,3631,6
15190923,15084,7
15191915,3083,2
15191992,329,2
15192068,3631,2
15193079,7231,5
15195191,10433,3
15195194,12454,3
15195199,11137,4
15195202,11894,5
15196668,134,4
15199026,46,1
15199098,32,3
15199200,8430,2
15212141,36,7
15216277,7894,5
15218397,115,2
15234001,15146,3
15234997,35,5
15235239,32,4
15235531,33,4
15237397,32,3
15237526,32,6
15237673,33,1
15238182,34,6
15238383,32,4
15238729,34,2
15239127,33,4
15239561,32,7
15249172,15034,1
15255596,10257,6
15260323,297,2
15260329,97159,7
15260336,272,1
15260337,275,7
15260338,277,6
15260340,276,5
15260341,277,4
15260993,328,6
15264377,25,7
15264475,85,1
15264482,60486,4
15264491,58692,2
15264559,22789,1
15264617,41,7
15264688,628,4
15265622,39,4
15266281,39,5
15266453,1365,2
15266540,9274,2
15266648,40,4
15267271,39,3
15267933,38,2
15268436,39,7
15268784,39,5
15269230,39,3
15269318,34,1
15270421,15028,5
15271986,656,2
15272343,412,3
15272671,58628,2
15273184,313,5
15273241,277,7
15273965,309,3
15274182,978,7
15276015,46156,2
15276734,286,3
15276735,47383,4
15277704,276,5
15278222,59231,1
15278391,2500,6
15279910,39,7
15280248,56057,1
15281290,33,6
15282337,86,1
15282357,73,4
15282377,82,6
15282428,88,6
15282461,74,3
15282478,82,6
15288480,8438,6
15288937,9326,2
15293112,64834,5
15297402,30757,7
15299253,41,4
15300072,26836,2
15300567,38,3
15300850,38,1
15301171,3625,7
15301447,13670,6
15301913,27658,6
15303615,15067,5
15307079,1107,1
15308193,2444,2
15316354,36,4
15316608,10082,5
15320356,47720,6
15321419,15065,1
15325531,28836,1
15336301,59156,7
15336570,58619,2
15336933,287,3
15337321,56945,3
15337966,287,3
15338682,275,6
15339472,59108,3
15339565,52,1
15339681,135,6
15344395,55635,6
15344855,1831,5
15344866,9718,6
15344996,39,4
15345240,188,3
15345249,201,6
15345277,14428,4
15345284,326,5
15345287,31,6
15345540,41,4
15346193,44,4
15347310,48397,6
15347664,47245,2
15352396,27687,1
15354906,49033,1
15355331,31,7
15356346,9699,3
15358530,48,5
15360535,353,1
15363192,5024,7
15364083,29902,4
15366315,1054,6
15370006,36194,5
15371667,47659,3
15372361,37,3
15382330,10123,3
15383084,69,3
15384434,60517,7
15388842,110,4
15388973,110,6
15389036,28,6
15391697,28,6
15391766,28,4
15392454,13308,5
15393713,128,2
15394771,15092,7
15398440,32,7
15398455,31,2
15398679,30,6
15398686,30,1
15405742,12746,5
15415057,15016,6
15423879,9161,4
15424605,32,4
15424616,32,3
15426856,49801,1
15426865,47621,7
15429254,355,1
15429418,107,2
15429972,328,7
15430443,31,2
15430450,30,4
15430902,22246,6
15431716,3032,3
15432161,37,7
15432215,359,3
15433141,2181,2
15433951,64834,6
15435030,58949,2
15435169,59023,3
15435305,16427,2
15435380,58624,7
15435782,10069,3
15436561,3059,3
15437808,108,5
15438298,90,1
15438528,20799,7
15444208,50,1
15444707,1465,2
15445150,366,4
15447084,55,2
15447152,1279,4
15447378,151,4
15448079,48479,5
15448432,287,6
15448822,6819,1
15449801,236,4
15452041,34,2
15454045,40052,4
15454470,188,1
15454477,15805,7
15454897,234,2
15458867,21629,4
15460255,27,6
15460865,26,5
15461288,23,7
15461576,26,4
15461947,26,5
15462076,26,2
15462379,24,1
15462945,5347,1
15464353,3407,1
15465276,32442,7
15469559,14441,1
15471488,33,3
15471518,286,3
15473174,13649,3
15473267,2060,1
15474173,67,3
15474308,46,5
15474594,27071,3
15474626,15063,4
15478022,19830,2
15482262,49,7
15483312,48,6
15483680,43,5
15484101,48,4
15484152,30,2
15484285,43,7
15484430,47,4
15487216,40,2
15489128,10584,1
15498148,15113,7
15510041,7401,7
15512924,53333,3
15512936,48661,5
15513006,49763,3
15513390,48359,4
15513558,46481,6
15516086,53137,1
15516322,53158,5
15517572,10070,5
15518163,791,3
15520573,47676,6
15523164,261,4
15523337,35908,1
15523873,188,3
15526493,59191,6
15526551,59318,2
15526619,59096,7
15526678,20706,4
15526711,7099,3
15527725,54,7
15527733,46,6
15527736,46,6
15527745,43,1
15527753,47,5
15527756,59,4
15527856,37,5
15527866,8130,5
15528348,35,2
15534971,10504,1
15535023,305,1
15535949,25,2
15537243,187,3
15537248,191,7
15537251,187,5
15537255,189,2
15538077,3430,2
15540141,33491,2
15540494,7115,5
15540965,32718,3
15544055,107,1
15544323,34,4
15544411,106,4
15544412,106,3
15544413,106,7
15544415,106,7
15544416,107,5
15544417,37,1
15544419,34,2
15544420,35,7
15544421,36,2
15544422,36,5
15544424,40,1
15544425,37,5
15544426,36,1
15544427,35,1
15544429,36,1
15544430,37,5
15544432,40,3
15544433,36,2
15544434,40,3
15544435,38,6
15544436,40,7
15544438,38,2
15544439,39,3
15544440,41,4
15544442,38,7
15544475,33,3
15544477,33,7
15544478,36,4
15544480,35,1
15544482,34,3
15544483,36,5
15544485,37,6
15544487,41,4
15544489,36,6
15544490,38,1
15544492,35,4
15544494,35,7
15544495,38,6
15544497,35,3
15544499,35,7
15544500,37,2
15544502,37,7
15544504,39,1
15544506,37,1
15544507,39,3
15544509,39,5
15544511,40,3
15544512,37,5
15544514,38,1
15544515,37,4
15545443,13103,2
15548087,175,6
15560473,40,3
15560699,40,5
15560830,51,1
15561477,52,7
15561936,48,5
15561940,53,7
15561944,44,3
15561948,48,7
15561951,63,3
15561956,84,3
15572438,60481,2
15583888,10117,5
15596591,107,7
15598066,14760,6
15599232,15319,5
15599364,106,4
15599684,51287,1
15602461,107,3
15602763,33020,7
15602789,64829,1
15602790,38,2
15602814,64841,5
15603302,106,3
15603632,38,1
15605829,92,1
15606889,44995,6
15607362,2746,3
15609374,10798,6
15609384,12337,1
15609387,11117,6
15609389,11845,7
15609599,15861,2
15611627,7126,6
15611790,10164,1
15612318,79,5
15613058,3034,5
15613828,58712,4
15613938,59088,5
15614008,58674,1
15614076,34,4
15616876,48346,3
15617105,16317,3
15621119,286,4
15621593,276,7
15622334,59169,2
15623171,247,4
15623624,33,3
15623625,32,3
15623626,32,6
15623628,33,4
15623629,32,2
15623821,34,1
15623822,35,7
15623823,36,6
15623824,34,6
15623826,36,3
15623827,38,6
15623828,38,3
15623829,34,2
15623831,36,4
15623833,40,1
15623834,35,2
15623835,35,1
15623836,36,2
15623838,40,1
15623839,37,7
15623840,36,2
15623841,40,6
15623843,40,3
15623844,39,3
15623845,38,2
15623846,39,4
15623848,39,7
15623849,39,5
15623850,39,2
15623852,42,5
15623853,44,3
15623855,43,1
15623856,43,6
15623857,44,1
15623858,43,3
15623860,53,7
15623861,49,3
15623862,51,4
15623863,49,7
15623865,50,2
15627861,510,7
15627941,417,6
15627999,319,1
15628114,276,1
15628171,47,4
15628214,180,1
15629588,77,1
15629619,105,6
15629656,158,1
15629686,165,6
15629701,475,7
15629722,1479,2
15630475,38,5
15630497,41,6
15630519,449,3
15630539,496,7
15630559,596,2
15630576,697,3
15631246,461,6
15631261,39,6
15631278,564,3
15631292,614,3
15631313,63,4
15631384,69,4
15635608,166,4
15644107,447,3
15644441,496,7
15646794,49918,5
15647937,49028,7
15649058,47760,5
15661062,9946,1
15682808,12238,3
15686287,5446,3
15686294,65015,4
15687321,58601,3
15692730,42,7
15693034,92,6
15693484,44,2
15693733,53,3
15693742,91,1
15693759,45,2
15693770,37,4
15693905,3187,5
15694339,43,6
15694340,41,2
15694341,40,1
15694342,41,5
15694344,39,3
15694345,46,5
15694346,44,4
15694347,46,2
15694349,46,1
15694350,44,2
15694351,64,1
15694352,58,4
15694354,49,6
15694355,49,7
15694356,49,4
15695183,32,2
15695185,36,2
15695186,33,5
15695188,33,6
15695190,34,5
15696093,40,7
15696094,35,5
15696095,38,7
15696096,36,4
15696098,37,7
15696099,36,4
15696100,38,3
15696102,35,6
15696103,34,3
15696104,35,7
15696106,38,5
15696107,41,4
15696108,35,7
15696109,38,6
15696111,37,6
15696116,40,5
15696118,39,1
15696119,39,4
15697100,2567,7
15698143,18140,5
15698515,10720,3
15698520,12087,1
15698523,11207,4
15698526,11896,1
15699081,46506,5
15699106,45316,1
15699783,7900,5
15699892,37875,5
15700146,4232,4
15700511,40,2
15700515,42,3
15700567,34,1
15700593,46,2
15700595,44,2
15700597,42,3
15700598,45,3
15700600,45,1
15700601,52,1
15700603,49,1
15700604,50,4
15700606,49,7
15700607,48,4
15702355,29,6
15708035,57464,7
15708570,10084,2
15709044,50925,5
15709289,50044,1
15709502,23,4
15710419,170,1
15710874,16847,5
15711574,7337,4
15711579,149,2
15711818,26,5
15712246,286,3
15712952,15037,5
15713239,58810,5
15713349,59034,7
15713432,58658,7
15714646,36,5
15714837,34,3
15714839,33,7
15714840,33,2
15714841,32,7
15714842,33,5
15715401,34,1
15715426,33,1
15715427,34,2
15715429,34,2
15715430,38,1
15715431,34,4
15715432,35,4
15715434,38,6
15715435,35,6
15715436,35,6
15715437,37,2
15715439,36,5
15715440,36,1
15715442,36,6
15715443,36,7
15715444,37,7
15715445,40,3
15715447,41,2
15715448,41,3
15715449,40,3
15715450,40,3
15715452,45,2
15715453,43,5
15715454,44,5
15715456,44,7
15715457,43,2
15715459,50,6
15715460,50,4
15715461,48,1
15715462,47,7
15715464,47,5
15720912,6653,1
15748431,272,2
15774351,60630,1
15779250,50656,5
15780167,50426,3
15781723,64834,4
15782426,54369,2
15789357,17952,2
15790026,17726,3
15792954,50402,4
15794643,325,4
15794652,12018,4
15801331,10156,3
15803857,52610,2
15806283,15106,1
15810074,316,1
15811056,3055,5
15814141,33742,7
15818883,28892,2
15822559,33,3
15822842,32,1
15830300,32,4
15830507,32,1
15830957,33,5
15831135,19033,3
15831943,105,7
15833202,105,3
15859895,64830,5
15870724,60625,6
15875021,10713,2
15875084,185,1
15877752,28236,4
15879302,58822,7
15879392,59163,3
15879438,58668,2
15879611,58946,1
15879684,38159,7
15879996,3053,7
15886078,19398,6
15887389,10252,3
15888703,23,3
15890037,286,4
15890798,15689,7
15902519,15127,3
15905808,47800,5
15906623,286,3
15908192,277,6
15908832,86,6
15909245,61516,4
15912214,8099,5
15914122,64830,7
15923693,4234,7
15925648,597,2
15926478,511,7
15927255,475,1
15928040,549,1
15928700,446,2
15929327,550,5
15930019,516,7
15930878,108,1
15930882,105,6
15931012,107,2
15931015,106,6
15931017,108,2
15931039,108,6
15931041,105,2
15931042,54,1
15931044,55,2
15931046,55,7
15931081,816,1
15931083,761,5
15931085,625,6
15931087,836,7
15931088,758,2
15931763,60,3
15931765,57,3
15931767,54,4
15931769,55,7
15931771,56,4
15931791,530,4
15931793,481,4
15931795,457,2
15931797,567,1
15931799,513,7
15944476,8195,3
15944758,50894,5
15945147,50800,2
15945156,52764,4
15946669,32,6
15946671,32,7
15946672,33,7
15946673,34,2
15946674,35,5
15946676,302,2
15946677,39,6
15946678,36,1
15946679,38,2
15946681,794,4
15946682,38,3
15946683,35,7
15946735,64829,3
15948143,10723,4
15948149,12322,5
15948556,34662,1
15951237,45351,2
15953229,606,4
15954559,63668,2
15954965,10136,3
15958458,199,3
15958501,25230,2
15960159,8026,2
15961405,2886,4
15961413,928,5
15961417,737,5
15961421,749,5
15961425,857,2
15961450,58,2
15961456,53,5
15961462,53,7
15961466,55,1
15961470,53,1
15961530,1433,3
15961534,1263,3
15961536,1487,4
15961538,1339,7
15961540,1402,1
15961590,37,2
15961592,37,1
15961593,35,7
15961595,40,1
15961596,40,5
15961597,35,1
15961605,34,1
15962135,58690,7
15962183,58762,6
15962250,59129,2
15962348,59120,7
15962727,188,1
15968168,32,2
15970886,1712,2
15971513,15019,4
15975705,247,4
15976340,1985,7
15976438,63462,4
15977042,48147,3
15977288,1877,1
15981864,45881,3
15984987,47,5
15985060,47,7
15985112,45,4
15985179,795,1
15985197,46,5
15985412,324,5
15987377,44180,3
15988640,12188,7
15989266,282,3
15989667,36753,7
15990939,307,4
15991715,60576,6
15992496,16332,1
15992717,3161,3
15993427,1230,4
15994209,47743,1
15994961,10190,3
15997333,303,5
15999548,41,1
15999634,52,4
15999987,51,3
16000743,303,7
16001380,308,5
16005187,306,7
16007284,305,6
16008397,53,5
16008504,54,5
16008507,55,3
16008510,55,5
16008514,55,4
16008517,56,2
16011112,76,1
16012848,45,7
16031467,44547,1
16031633,5597,7
16033765,51039,7
16034063,51518,6
16034536,3067,1
16034553,15168,2
16034613,1229,7
16035176,18511,1
16035182,12096,2
16035769,45927,3
16039463,54409,1
16039869,265,7
16039875,265,2
16039876,272,5
16039882,270,4
16039883,271,6
16039884,272,6
16039886,274,3
16040192,200,6
16042567,36028,2
16042608,35061,4
16042790,58875,2
16042837,58681,4
16042892,59225,6
16042978,58704,5
16043793,81,5
16043873,212,6
16047850,3030,5
16050757,265,7
16051773,629,4
16052244,700,6
16052664,1227,3
16053083,13270,2
16054532,46115,3
16058258,2011,1
16059832,283,5
16061934,11601,5
16062059,11594,7
16062201,108,4
16063743,282,5
16064626,216,1
16064637,1707,1
16064868,328,2
16065446,63,2
16065673,796,5
16066817,44,7
16067848,284,1
16068269,34,4
16070597,283,1
16073313,789,7
16073450,3437,6
16073731,46,1
16075618,36,4
16076978,52340,2
16077225,64829,5
16079031,17934,3
16080100,1413,5
16081056,990,1
16104033,47708,2
16109933,54023,2
16109999,1111,7
16119253,3471,1
16119358,3322,7
16120658,266,2
16120818,51078,2
16121109,51793,2
16124660,63667,6
16125293,63,6
16125338,56,6
16125720,35197,5
16126019,62,6
16126227,30888,2
16126382,328,3
16127783,33,7
16128435,294,6
16129160,1326,6
16131942,1118,1
16131959,47,6
16131983,69,2
16131993,57873,6
16132247,39,6
16132675,58730,3
16132802,58666,5
16132936,59124,1
16133049,58860,5
16133471,64,5
16133708,108,7
16133802,55,6
16133853,681,2
16133995,66,7
16134554,37161,1
16135132,60,7
16135257,38,5
16135278,57634,4
16135978,57627,2
16136005,872,4
16136684,311,1
16137374,79,5
16138058,54022,5
16138541,80,1
16140540,44861,4
16140772,64830,6
16142650,52,2
16143319,204,7
16146807,15059,1
16146934,10142,6
16148986,922,6
16149962,236,3
16150133,37,7
16152008,90,2
16153475,15597,1
16156165,60489,2
16157024,46,3
16162811,15049,6
16164538,35012,3
16165673,85,3
16165958,81,1
16165989,111,5
16166188,81,6
16167040,56,5
16167933,238,1
16168138,34962,1
16169483,48,3
16169534,147,1
16169597,82,4
16169659,235,1
16169919,148,2
16170241,103,7
16170584,205,4
16170810,48,6
16171061,122,1
16171791,37,6
16172046,39,2
16172178,60,5
16172437,338,3
16172637,82,4
16172914,277,1
16173400,33,3
16173722,32,6
16174791,46,3
16174936,141,4
16174964,33,3
16174965,43,3
16174966,36,6
16174967,39,2
16174969,36,6
16175097,203,1
16175537,152,5
16175836,137,5
16176069,33,7
16176070,35,2
16176071,36,1
16176072,33,4
16176074,34,2
16176574,36,5
16176576,33,7
16176579,34,7
16176581,35,3
16176584,35,5
16176848,34,3
16176849,33,6
16176850,35,1
16176851,35,2
16176853,34,2
16178617,940,5
16178991,36,5
16178992,33,4
16178994,34,6
16178995,33,5
16178996,34,3
16178997,37,5
16178999,37,7
16179000,39,3
16179001,35,4
16179002,36,5
16179004,36,1
16179005,37,5
16179006,38,6
16179007,37,7
16179009,36,4
16179010,113,6
16179011,110,1
16179012,112,1
16179014,110,3
16179015,111,3
16179017,114,1
16179018,115,2
16179019,114,4
16179021,115,6
16179022,116,6
16179023,118,6
16179024,119,5
16179026,118,1
16179027,119,3
16179028,118,6
16179056,35,3
16179057,35,6
16179058,34,1
16179059,36,7
16179061,34,7
16179062,38,4
16179063,38,3
16179065,37,4
16179066,38,6
16179067,37,7
16179068,37,1
16179070,41,6
16179071,37,1
16179072,37,2
16179073,40,6
16179075,39,1
16179076,39,7
16179077,43,6
16179078,40,5
16179080,38,6
16179081,48,3
16179082,45,2
16179083,44,6
16179085,45,2
16179087,45,4
16179088,51,5
16179089,51,3
16179091,50,4
16179092,50,2
16179093,51,6
16179988,844,7
16181399,37441,1
16182985,920,6
16182993,933,6
16182995,836,2
16182997,955,1
16183000,863,6
16183003,855,4
16183006,829,1
16183008,821,6
16183011,700,7
16183013,669,1
16183163,49,1
16183165,46,4
16183167,47,6
16183169,45,6
16183171,42,1
16183173,45,7
16183175,47,4
16183177,42,5
16183181,43,5
16183183,44,7
16183217,914,7
16183222,973,7
16183228,928,5
16183230,963,1
16183232,921,4
16183235,1216,5
16183238,1164,6
16183240,1099,7
16183242,1168,3
16183248,1082,7
16194532,10143,1
16201120,14990,7
16201442,54022,7
16201450,27,6
16204668,10198,6
16205127,42232,4
16205403,10664,4
16205409,12249,6
16206367,14761,3
16207111,33751,6
16208427,51386,1
16208952,45193,2
16209187,65306,1
16209880,44857,6
16210052,22241,2
16210246,238,3
16211010,64834,4
16212991,42,5
16212992,49,6
16212993,162,4
16212995,41,3
16212996,42,3
16212997,51,3
16212998,165,4
16213000,56,1
16213001,53,3
16213002,47,5
16213004,58,3
16213005,48,5
16213006,49,6
16213007,50,5
16213009,49,4
16213114,56835,7
16214874,10124,4
16216091,15043,3
16216111,15501,4
16216331,237,1
16217354,236,7
16218114,239,2
16218983,923,4
16219888,325,1
16220088,52832,2
16221125,19460,4
16222131,133,1
16222236,76,7
16222716,245,3
16222828,21292,6
16222996,329,3
16223495,329,3
16223862,329,6
16224346,45137,2
16224432,70,7
16224590,171,4
16224840,171,1
16225045,10224,6
16225229,176,6
16225462,175,7
16225897,33,5
16226167,3057,5
16226270,59509,1
16226375,58575,6
16226472,58869,1
16228342,154,2
16229608,1117,7
16230564,1522,6
16230856,10735,3
16230863,49,2
16232426,235,5
16232535,1523,2
16234186,48,4
16234505,5722,2
16234876,81,6
16235530,48,7
16235562,53,4
16235756,1067,5
16235762,659,2
16235766,433,5
16236739,802,7
16236835,79,2
16237156,28383,2
16238381,804,6
16240430,247,7
16241441,340,6
16241477,245,3
16241673,8800,5
16242354,234,5
16242985,680,1
16243438,33771,2
16247905,158,5
16248738,43,7
16248740,50,2
16248741,51,2
16248742,55,4
16248743,37,4
16248803,34,7
16248804,35,3
16248805,36,5
16248807,38,5
16248808,41,2
16249127,39,4
16249128,37,5
16249130,43,1
16249131,39,2
16249132,38,5
16249367,46,3
16249368,44,4
16249370,37,4
16249371,40,7
16249372,35,4
16251677,63668,5
16255415,6941,5
16255425,99,7
16256154,43,2
16263134,444,7
16263237,402,3
16264442,14428,4
16281936,54022,3
16282051,54023,6
16291706,64822,7
16292071,64822,5
16292172,64822,5
16292829,16738,2
16293375,47719,1
16294225,28828,5
16298388,12468,4
16298820,69,6
16299119,65,4
16299214,63,2
16299462,749,4
16299594,61236,3
16300348,362,2
16301542,1372,7
16301817,7493,3
16301928,9557,6
16304654,9565,5
16305310,25114,6
16305471,51996,7
16305659,1357,5
16308866,24,4
16309104,24,5
16310128,33652,3
16310268,25961,3
16310477,349,6
16310549,11246,3
16310556,12188,7
16312732,51,1
16313845,527,5
16314491,14042,6
16315335,51493,1
16315918,52041,1
16315986,7700,5
16322914,1347,6
16324301,1668,2
16324371,18052,7
16324427,3772,2
16324527,37,1
16325489,673,6
16325823,6332,3
16326880,1358,1
16348342,6658,1
16350156,15149,6
16377786,60575,7
16383151,56506,5
16384525,115,1
16386835,20302,7
16390549,35,7
16390563,8431,5
16390837,63668,6
16391124,16235,2
16393137,33,4
16393907,17841,2
16401898,64822,3
16402031,64822,2
16402096,63893,1
16403247,20915,6
16404560,33830,3
16406930,7187,7
16407371,15211,4
16411596,4115,5
16413793,22670,5
16413890,40,4
16414086,77,6
16421644,203,7
16421709,32,2
16422910,2038,2
16424458,41519,6
16431238,12068,2
16432138,36496,5
16438534,15207,4
16439899,18032,4
16446877,18181,6
16461763,7382,7
16471675,37,4
16471805,33,7
16473549,33,5
16473613,34,2
16474198,35,4
16474410,33,1
16474517,36,2
16475163,35,2
16475226,35,7
16477535,629,7
16477972,35,2
16478228,35,6
16478432,33,7
16478451,40,3
16479157,35,4
16479237,34,1
16479264,37,7
16479743,34,4
16480188,703,1
16481041,58511,1
16481167,59165,3
16481268,16832,6
16481273,58963,3
16481409,58978,3
16481851,43,5
16482073,108,4
16482245,49,1
16482318,24921,3
16482389,162,2
16482842,174,7
16483016,38,7
16483122,35,3
16483738,192,3
16484002,35,4
16484080,33,5
16484913,51906,1
16485058,51708,5
16485762,63589,4
16485812,64822,6
16485903,63033,4
16487066,34,4
16487067,35,1
16487068,32,5
16487070,34,4
16487071,34,5
16487424,33,4
16487425,33,1
16487427,39,2
16487428,33,1
16487429,33,1
16487574,33763,6
16487620,152,4
16489179,34,3
16489181,34,5
16489182,801,2
16489183,33,2
16489184,33,2
16489283,799,5
16489285,799,1
16489286,33,1
16489288,799,4
16489289,794,7
16490381,1694,5
16490695,32596,6
16494191,2636,2
16495696,18289,6
16496530,2056,3
16497288,19237,1
16497360,25701,5
16498498,33844,5
16501263,3631,5
16501816,46818,3
16505197,2507,6
16505560,32,1
16505562,33,1
16505563,33,4
16505565,36,4
16505566,45,6
16505568,33,7
16505569,33,1
16505571,33,1
16505572,33,3
16505573,799,1
16505575,35,4
16505576,39,4
16505578,34,6
16505579,34,5
16505581,34,1
16505582,36,1
16505583,38,2
16505585,35,7
16505586,36,5
16505588,38,1
16505589,46,6
16505591,40,4
16505592,39,7
16505594,40,6
16505595,39,1
16505596,45,1
16505598,45,1
16505599,46,5
16505601,46,3
16505602,44,3
16505604,51,7
16505605,51,2
16505607,52,3
16505608,52,4
16505609,50,6
16506099,7245,4
16506246,39,4
16506248,37,7
16506249,37,1
16506250,36,6
16506251,35,2
16506253,40,6
16506254,45,6
16506255,41,1
16506257,41,1
16506258,39,4
16506260,44,2
16506261,45,1
16506263,44,7
16506264,44,2
16506265,45,7
16506267,49,6
16506268,49,3
16506269,50,7
16506270,53,2
16506272,50,1
16506850,54023,7
16506889,54023,4
16508080,104,7
16508721,333,6
16511413,75,1
16511416,74,7
16511420,71,4
16511423,72,1
16511427,70,2
16515277,274,2
16520096,16230,3
16520165,18033,5
16524720,530,4
16526893,61059,3
16539118,1162,2
16539772,15242,1
16540093,433,3
16545331,18732,5
16550157,8201,3
16552904,59046,7
16552956,58643,5
16553025,59551,2
16553100,59085,5
16553205,12326,2
16555016,15206,4
16555544,43583,6
16557420,11026,2
16557634,10729,7
16557839,49,2
16558302,50976,3
16558657,64822,7
16558712,64362,5
16558766,64642,4
16559090,53675,4
16559955,560,4
16560217,25832,5
16560937,6332,1
16561061,33,5
16561477,2184,7
16561617,1375,6
16561814,1374,6
16561950,9474,6
16562006,17866,4
16562525,7245,2
16563199,105,6
16563336,45341,5
16563530,35,7
16563905,407,1
16564300,3629,6
16564791,41036,2
16566641,14815,2
16566739,34,2
16567335,8245,7
16567439,34,6
16568900,45,7
16568904,43,6
16568907,43,3
16568911,44,7
16568916,44,5
16569058,14864,3
16570418,71,6
16570695,45,5
16570698,47,4
16570701,45,6
16570704,46,4
16570707,45,3
16571463,41840,1
16572614,2438,7
16572858,54489,7
16572894,54025,5
16576242,4837,1
16577151,83,6
16577260,28,7
16577609,108,2
16579780,50431,1
16580299,9933,2
16580839,42,6
16582462,40,7
16582960,18080,7
16583187,42,1
16583188,34,3
16583189,57,4
16583191,33,4
16583192,36,5
16583193,34,1
16583194,36,1
16583196,35,3
16583197,37,6
16583198,35,3
16583199,36,6
16583201,37,5
16583202,34,3
16583203,36,6
16583204,36,3
16583206,38,2
16583207,39,2
16583208,42,4
16583209,38,4
16583211,38,6
16583212,50,4
16583213,54,5
16583214,43,1
16583216,43,6
16583217,44,1
16583218,65,3
16583220,61,2
16583222,55,5
16583224,178,5
16583225,48,2
16583483,55,5
16583484,35,4
16583486,35,2
16583487,34,1
16583489,40,4
16583490,39,7
16583491,34,2
16583493,35,1
16583494,37,7
16583495,35,5
16583496,35,4
16583498,35,3
16583499,36,2
16583500,36,7
16583501,35,3
16583503,36,4
16583504,35,1
16583505,35,6
16583507,35,1
16583508,36,1
16583509,38,5
16583510,38,5
16583512,38,3
16583513,38,4
16583514,38,7
16583515,51,1
16583517,43,5
16583519,43,3
16583520,43,5
16583521,45,4
16583522,50,5
16583524,48,3
16583525,49,5
16583526,47,6
16583528,46,4
16584837,55,3
16584853,57,6
16586162,267,6
16587041,37,2
16596063,18131,7
16599606,14021,1
16602021,26,6
16603456,63667,7
16605971,5518,5
16606103,5518,6
16606179,5518,1
16606259,5528,4
16611629,5546,2
16611709,5548,3
16611797,5553,4
16611832,32,6
16613319,43,2
16613516,31,4
16613780,37,5
16615381,5550,4
16617313,5545,4
16617354,5545,6
16617441,5547,5
16618859,19705,1
16621008,5530,4
16622931,5525,2
16622974,5526,1
16626606,5522,5
16628545,5523,7
16630423,15331,1
16632114,5522,1
16633011,5529,5
16633023,5529,2
16634134,5528,6
16636125,14781,2
16636236,14760,5
16636679,6826,1
16637903,5545,4
16638154,19096,2
16638671,5543,3
16638679,5555,2
16639766,5542,3
16639998,48,3
16640460,41,1
16644191,5551,4
16644298,5556,7
16644433,947,4
16645329,5541,2
16645566,314,2
16646089,13531,2
16647529,40424,4
16648271,5523,2
16648384,58552,7
16648575,58991,3
16648779,8769,1
16648912,36,6
16649059,51331,6
16649161,32,4
16649262,32,7
16649527,32,7
16649926,36,7
16650189,32,6
16650253,32,1
16650368,32,2
16650645,32,7
16650897,38,2
16650914,58610,3
16650936,32,7
16651109,35,3
16651302,32,5
16651545,33,2
16651659,34,3
16651924,32,5
16651998,32,4
16652086,33,2
16652189,32,2
16652735,44,2
16652825,57,2
16653285,19326,4
16653710,63,1
16654021,35273,7
16654145,119,6
16655392,99,4
16655633,5522,4
16655735,5518,6
16655804,4193,4
16655888,3885,3
16656911,9525,4
16657006,118,2
16657722,7254,4
16658722,149,2
16659962,54510,3
16659979,54026,7
16661381,73,3
16663604,161,4
16664612,700,5
16664701,608,6
16664808,517,6
16664873,457,4
16666720,42854,4
16666743,5545,2
16666848,5541,7
16666946,5550,5
16667007,5540,7
16667123,51859,3
16667213,29795,1
16668603,42020,6
16669055,958,5
16669950,2657,2
16672353,5525,7
16672512,5542,5
16673221,30489,1
16673513,30456,3
16674150,5541,6
16674158,5538,2
16674225,14676,7
16675682,2515,4
16677994,5546,7
16678175,5540,7
16679759,5543,3
16679805,5527,7
16680487,33,1
16680488,33,2
16680489,33,3
16680490,35,5
16680492,33,1
16680539,34,5
16680541,35,4
16680542,34,5
16680543,34,1
16680545,34,4
16680546,39,3
16680547,35,2
16680548,40,4
16680550,35,3
16680551,38,4
16680552,37,5
16680553,37,1
16680555,36,1
16680557,38,4
16680558,38,3
16680559,41,3
16680560,43,4
16680562,42,2
16680563,41,7
16680564,42,1
16680566,44,1
16680567,42,5
16680568,43,4
16680569,45,5
16680571,43,3
16680572,59,7
16680573,63,6
16680574,47,5
16680576,47,6
16680577,47,7
16681171,33,7
16681173,33,2
16681174,33,7
16681175,34,5
16681176,34,3
16681177,34,6
16681179,35,3
16681180,34,2
16681181,34,2
16681183,35,7
16681184,36,4
16681185,35,6
16681186,36,2
16681188,36,5
16681189,36,1
16681190,35,6
16681191,36,2
16681193,38,1
16681194,44,3
16681195,36,7
16681196,42,2
16681197,41,3
16681199,43,5
16681200,40,1
16681201,46,7
16681202,50,6
16681204,43,7
16681205,44,3
16681206,44,6
16681208,42,1
16681209,48,7
16681210,48,6
16681211,48,7
16681213,48,5
16681214,48,4
16683671,5541,2
16683804,5561,3
16684744,34,3
16684746,33,5
16684747,34,3
16684748,33,6
16684749,33,1
16684750,38,6
16684752,34,3
16684753,35,7
16684754,34,4
16684755,36,3
16684757,35,1
16684758,35,5
16684759,36,6
16684760,35,7
16684761,35,4
16684763,36,5
16684764,36,2
16684765,39,2
16684766,36,1
16684768,35,4
16684769,41,5
16684770,39,4
16684771,45,7
16684773,40,7
16684774,40,2
16684775,43,6
16684776,44,4
16684778,44,6
16684779,43,5
16684780,44,3
16684781,48,6
16684783,50,4
16684784,47,5
16684785,52,3
16684786,48,2
16685317,33,5
16685318,33,6
16685319,33,6
16685321,33,3
16685322,34,1
16685323,34,1
16685324,34,5
16685326,35,1
16685327,38,4
16685328,34,2
16685329,39,3
16685331,35,6
16685332,36,4
16685333,35,7
16685334,37,2
16685336,36,2
16685337,36,5
16685339,36,7
16685341,39,7
16685343,37,6
16685345,43,2
16685346,39,2
16685348,42,7
16685349,45,1
16685350,43,6
16685351,45,6
16685353,43,2
16685354,48,5
16685355,44,5
16685357,43,1
16685359,47,6
16685360,48,7
16685362,47,3
16685363,49,4
16685364,50,5
16685399,5544,6
16685409,5550,6
16689299,5554,4
16690200,28829,7
16691635,47858,6
16708065,5542,2
16708077,5565,2
16708222,5552,6
16708229,5548,6
16708396,21658,6
16721673,17631,2
16722502,34094,6
16726923,40739,2
16727248,47380,7
16727274,47408,2
16730240,30476,1
16731037,181,7
16731475,18075,6
16732435,450,5
16732663,639,2
16732686,632,3
16732693,632,3
16733226,40640,1
16733451,27386,1
16733835,2450,6
16734933,3757,3
16735029,3368,4
16735178,1575,4
16735223,279,3
16735894,44217,1
16737089,46394,5
16737219,517,3
16737637,34908,3
16738544,40,7
16738651,198,6
16738854,34,7
16738986,54023,4
16739084,630,3
16739590,338,3
16739913,264,4
16740101,10532,2
16741091,30,5
16741448,927,4
16742027,120,5
16742157,6675,7
16743637,4200,3
16743889,3763,5
16743989,3729,7
16744075,3738,2
16744143,3716,7
16745013,4602,3
16745682,45177,7
16745990,107,2
16746810,19278,2
16747834,110,4
16748052,105,4
16748166,34,6
16748317,32,2
16748445,36,2
16748758,163,3
16749478,107,5
16750055,108,5
16750130,41700,1
16758204,85,1
16759080,1237,7
16759547,109,5
16759881,108,6
16759974,38,4
16762162,28237,1
16763383,63030,2
16765745,106,7
16766135,36,3
16766290,37,4
16767010,54024,2
16767342,54022,6
16767417,15003,2
16767471,474,2
16768050,8326,1
16768282,3686,2
16768320,54023,2
16768384,2237,3
16768496,878,7
16775572,109,6
16781407,3699,1
16781786,47056,2
16781899,13354,1
16782432,46,7
16783436,68,3
16783656,5020,7
16785360,83,3
16785894,110,3
16786550,163,2
16787511,72,7
16787842,287,4
16789945,32,6
16790731,50,1
16800344,60568,4
16809108,41997,1
16809154,15352,4
16811324,77,5
16811654,2439,3
16812724,21640,7
16812777,43,3
16812779,41,3
16812780,40,4
16812781,45,3
16812783,43,7
16816948,54022,3
16817113,6332,4
16817731,918,2
16818659,9640,7
16818669,23271,6
16818969,37,3
16819470,42,2
16819569,64832,6
16819691,3722,2
16819752,3706,7
16819835,3711,6
16819900,3720,2
16821371,88,4
16823598,1095,2
16824843,1226,6
16826624,1712,3
16826657,3740,4
16826668,3697,3
16826680,3743,3
16826687,3699,1
16827437,617,5
16828956,1707,2
16829634,132,7
16829856,245,7
16830447,3731,1
16832549,118,2
16833265,38,2
16834296,2123,3
16834328,122,2
16834513,39,6
16834670,61,4
16835117,674,1
16835477,13829,6
16836402,212,7
16836745,213,3
16837279,54028,2
16837368,54026,6
16839424,58802,6
16839569,58606,2
16839582,7714,3
16839681,1291,7
16839697,58971,5
16839858,1301,5
16839976,265,3
16839996,15610,5
16840003,2,5
16841708,58644,2
16841811,5577,7
16842760,30508,5
16842913,64830,4
16843779,44,2
16844987,237,7
16845431,264,6
16845717,263,7
16845832,173,6
16846935,26,4
16850551,64830,2
16859498,107,4
16860038,14859,3
16865673,6560,7
16865816,62,6
16873998,5427,3
16875694,86,3
16876588,52,4
16876864,251,5
16877736,190,3
16882145,98,3
16882213,720,5
16885026,2881,6
16896519,20306,1
16901100,47,7
16901102,46,6
16901103,43,5
16901105,42,4
16901106,38,1
16903084,46342,1
16903123,54022,2
16903177,54022,1
16903240,54022,4
16903680,30783,4
16904039,13804,6
16904087,167,3
16904458,63668,5
16905016,1336,7
16905241,1300,3
16905439,1341,7
16905648,1264,2
16906210,109,7
16908167,1363,3
16908208,39,1
16908599,7229,4
16908753,270,2
16908760,34,3
16908772,35,1
16908954,57629,4
16909139,1321,4
16909152,2376,6
16909232,237,4
16910887,35,5
16911128,18542,6
16911513,45,2
16911596,944,1
16912287,163,7
16912506,3033,3
16912548,53,3
16914218,1377,5
16914345,1320,3
16914594,59411,2
16914654,45,3
16914694,36492,7
16914785,59157,2
16914954,59497,7
16915926,4235,2
16916057,44953,2
16916271,29727,6
16917225,1106,6
16918347,36,1
16918757,6263,5
16918935,508,3
16919671,1887,1
16920382,28833,4
16920590,28840,4
16921262,223,4
16921463,129,3
16922774,48,1
16923151,28837,5
16924735,36,3
16925009,50020,5
16925056,33,1
16925487,3694,4
16925824,3708,1
16926062,3792,5
16926273,3810,4
16929290,3910,1
16930947,3907,5
16932079,24541,1
16932703,38,6
16933084,3698,3
16933512,3708,1
16937027,64230,4
16940044,111,2
16942975,22660,5
16952406,24,4
16953287,24,2
16954189,24,4
16956417,25,6
16956684,27,7
16956899,43704,6
16959621,26,2
16959701,25,2
16965022,131,6
16965304,122,4
16965576,121,6
16965584,24543,3
16965862,121,5
16966075,124,4
16966358,127,7
16966627,122,4
16966630,26,2
16966984,125,7
16986546,26,3
16986842,26,5
16986848,24,3
16986854,27,2
16990554,105,1
16990596,63032,5
16990759,36,1
16991110,72,1
16991634,72,4
16991852,68,7
16992782,67,5
16992934,68,6
16994333,25,2
16994611,24,7
16994617,25,1
16994623,25,5
16995042,24,4
16995068,24,6
16995074,26,7
16995080,25,1
16995297,24,1
16995307,25,7
16995342,24,6
16995397,29,5
16995503,24,1
16995510,25,3
16995544,24,7
16995581,24,7
16995670,24,5
16995682,26,1
16995690,25,5
16995741,25,4
16995824,24,3
16995853,24,6
16995859,26,4
16995896,24,5
16995982,26,2
16995993,25,2
16996048,24,1
16996090,25,3
16996131,25,1
16996138,24,4
16996184,23,7
16996295,24,4
16996301,24,1
16996326,25,7
16996374,24,2
16996445,24,7
16996488,23,1
16996509,25,7
16996524,24,3
16996591,24,4
16996662,24,4
16996687,25,4
16996708,25,3
16996790,23,5
16996800,25,1
16996822,24,3
16996865,24,4
16996936,24,5
16996944,24,3
16996977,24,4
16997081,23,1
16997103,24,4
16997136,24,3
16997152,24,5
16997258,24,3
16997290,24,3
16997316,25,2
16997323,24,2
16997442,24,3
16997460,26,2
16997514,25,5
16997525,24,6
16997562,68,7
16997659,25,5
16997666,24,1
16997680,25,3
16997713,25,1
16997767,68,5
16997830,24,7
16997840,25,2
16997855,26,1
16997898,25,2
16998186,72,5
16998378,72,6
16998624,72,2
16998859,41,5
16999194,40,5
16999382,41,7
16999780,41,2
16999935,41,2
17000461,40,7
17000618,41,2
17000795,41,5
17000970,40,1
17001220,40,4
17001484,54027,3
17001536,43,2
17001551,48684,4
17001584,37861,1
17001953,42,6
17002169,429,6
17002178,40,7
17002485,41,7
17002646,2217,5
17002706,41,1
17002846,41,4
17003052,63671,1
17003795,69,5
17004711,106,2
17004747,208,7
17004978,1619,1
17005361,68,6
17005427,36,1
17005431,162564,6
17005453,162536,7
17005669,69,3
17005842,250,1
17005846,102,7
17007037,153,4
17007460,152,1
17008016,31,2
17008075,153,5
17008086,652,7
17008161,78,6
17008301,3723,5
17008457,3691,7
17008544,3713,6
17008562,3627,5
17008673,3730,1
17008959,5428,2
17009614,888,4
17009789,333,5
17011935,327,1
17013898,41455,1
17014312,43691,7
17014388,3627,3
17014802,438,6
17015073,60849,1
17015683,63671,7
17017042,3701,7
17017926,3706,3
17017938,3722,7
17020881,3692,4
17021720,3698,2
17021758,3686,3
17022210,473,2
17022216,255,1
17022224,240,1
17022229,817,4
17022234,1488,5
17024414,113,7
17025216,35,3
17025371,31,2
17025464,33,2
17026138,27934,3
17026319,12002,6
17028686,3684,5
17028767,3710,2
17028845,3713,4
17032494,3701,3
17035059,3727,7
17035071,3715,5
17036372,3750,4
17038796,10994,1
17038913,3689,2
17038927,3701,4
17039681,45,7
17040181,36,7
17040256,35,4
17040262,3700,5
17040381,1257,7
17041243,20452,1
17042659,3712,5
17042702,3684,2
17044085,3702,3
17044152,425,3
17047905,3686,1
17051712,3671,2
17052739,1063,1
17053983,1121,2
17053986,804,1
17054139,446,2
17054145,262,1
17054157,232,2
17054164,910,7
17054169,1473,3
17055503,3695,5
17057904,3676,1
17059299,3675,6
17061669,3716,7
17063098,3687,1
17065457,3694,2
17066903,3695,5
17069245,3701,2
17070729,3691,7
17073015,3711,3
17074475,3712,5
17076787,3705,5
17078266,3716,3
17078626,40,6
17080572,3693,6
17082075,3722,7
17084195,24702,7
17084363,3736,7
17085473,54026,5
17085890,3694,7
17085934,30071,2
17086230,30149,3
17088166,3688,7
17088941,45,1
17088959,46,6
17089692,3682,5
17090431,3635,6
17090518,58908,3
17090582,59137,7
17090675,58773,7
17091951,3693,2
17092805,45152,1
17093473,3720,6
17095726,3705,2
17096243,30458,6
17096340,30314,2
17097277,3699,2
17098162,34,4
17099505,3702,1
17101041,3700,1
17101951,30058,6
17103306,3696,3
17104858,3710,5
17105696,123,3
17105750,175,6
17106667,27,1
17106890,176,7
17106987,108,2
17107018,111,2
17107073,3686,5
17107593,9627,1
17107613,107,2
17107830,106,4
17108648,3705,3
17110695,46,7
17110895,3707,7
17111549,65,7
17111588,195,4
17112402,3676,7
17114735,3697,7
17115774,54695,6
17116222,3738,5
17118513,3717,5
17120052,3727,6
17120922,39,7
17122300,3697,5
17123884,3706,4
17126072,3723,6
17127694,3742,2
17129887,3710,6
17131510,3743,5
17133731,3742,4
17135376,3701,2
17136358,4401,4
17137549,3728,2
17139180,3691,3
17140430,24903,4
17141372,3686,2
17141994,8583,1
17142526,8497,5
17142940,3696,2
17145169,3681,1
17146743,3690,4
17153032,3703,4
17153101,3695,6
17153186,3674,5
17153279,3690,5
17155395,41327,5
17156832,3689,5
17156922,3695,6
17159336,3698,4
17159365,1247,1
17160409,28833,6
17160581,3701,3
17160586,29017,5
17160661,3712,5
17160674,785,3
17162991,4491,7
17163098,3714,2
17164312,3952,6
17164385,3800,7
17165244,3861,1
17166192,128,5
17166606,30867,5
17166939,3781,3
17168286,3720,2
17168416,3698,5
17169191,3716,4
17169209,470,4
17169398,1869,2
17170443,1205,6
17170862,3727,1
17172070,1135,6
17172118,3703,6
17172192,3724,4
17172601,933,5
17172907,34,6
17173000,3736,2
17174010,35,5
17174666,3784,2
17174764,72,5
17175941,3753,4
17176023,3674,3
17177273,54022,5
17177590,3698,6
17178163,78,2
17178539,3727,2
17178685,48,4
17179780,3723,1
17179816,3693,7
17180558,441,6
17181396,3668,3
17182361,3727,3
17183613,3697,1
17183625,3678,2
17183949,36,2
17184225,35,1
17185565,3701,6
17185981,29394,2
17186055,18039,4
17186149,33,4
17186184,3698,6
17186350,34,1
17187107,107,6
17187375,243,5
17187383,3739,7
17187454,3737,2
17187875,33,7
17189120,164,7
17189394,3693,4
17189425,31,2
17189735,541,7
17189835,31,6
17189913,40,1
17190117,3681,4
17190471,31,3
17191264,3688,6
17191275,3693,5
17193392,3684,6
17193928,3700,1
17194480,310,5
17194584,36,1
17194616,909,4
17194857,282,1
17195110,3696,2
17195118,3711,4
17197208,3717,5
17197688,3706,7
17198242,21643,2
17198880,3706,3
17198945,3710,6
17201051,3717,4
17201480,3685,1
17202660,3682,6
17202799,3679,7
17204950,3680,3
17205291,3708,1
17205468,63030,6
17206482,3684,1
17206597,3716,6
17208714,3712,1
17209123,3719,6
17210299,3671,2
17210435,3723,1
17211640,60579,2
17212537,3693,7
17212958,3688,4
17214037,3700,4
17214308,3709,2
17214978,8331,2
17216437,3733,6
17216704,3714,4
17217886,3701,4
17218090,3687,3
17220260,3712,7
17220533,3719,2
17221707,3725,1
17221845,3725,7
17224094,3704,4
17224356,3705,6
17225540,3717,4
17225676,3701,6
17227929,3751,5
17228185,3705,2
17229401,3691,1
17229462,3702,4
17231832,3722,2
17231970,3716,3
17233181,3708,4
17233255,3704,6
17235667,3706,6
17235801,3698,3
17237010,3705,7
17237074,3688,6
17239455,3692,4
17239659,3692,4
17240822,3693,2
17240833,3698,1
17242912,779,2
17243231,3662,3
17243452,3708,7
17244624,3691,4
17244635,3718,5
17247030,3712,4
17247242,3707,3
17247503,28832,4
17247798,28832,3
17248015,23608,7
17248415,3700,6
17248427,3690,4
17249343,67,7
17250545,54022,3
17250858,3680,4
17251066,3690,5
17252311,3698,4
17252323,3729,4
17253959,111,3
17254088,92,2
17254795,67,2
17254874,3673,3
17254926,3713,6
17255339,734,5
17255880,41,7
17255944,512,7
17256197,3718,3
17256209,3740,7
17256713,518,1
17257438,517,6
17258103,3823,2
17259338,3701,5
17259357,3703,2
17260007,3730,7
17260096,3693,5
17262574,43,2
17263168,3723,5
17263175,3772,6
17263295,1330,5
17263830,3704,4
17263845,2510,1
17263882,3694,2
17264413,350,7
17264780,51,5
17266069,53,1
17266206,5732,6
17266536,1831,5
17267086,196,4
17267094,197,1
17267452,59424,7
17269800,99,1
17270404,4642,5
17270875,29,7
17271293,203,7
17271301,198,2
17271897,29491,4
17272383,24,7
17272651,3718,7
17272657,3708,1
17272741,3717,3
17272753,3721,3
17272912,1645,7
17273148,119,3
17274802,138,4
17275031,1388,6
17275092,25,6
17275649,25,7
17275885,25,4
17277092,760,5
17277227,3703,1
17277238,3702,2
17277286,3715,3
17277402,3727,6
17277476,28,6
17277691,1241,2
17279463,6043,4
17280063,24,1
17280105,2077,7
17281024,3726,1
17281068,3739,6
17281121,3750,4
17281211,21224,4
17281269,41,2
17281287,3744,5
17282362,25,2
17283009,24,7
17283813,24,1
17284816,3722,5
17284901,3710,6
17284946,3704,6
17285146,3708,2
17288038,26,2
17289152,3681,3
17289160,3683,4
17289215,24,5
17289274,3692,3
17289556,3720,4
17290977,24,5
17291318,107,6
17291361,932,7
17292346,23,3
17292911,3739,7
17292922,3714,5
17293090,3738,5
17293362,3725,5
17293419,3935,3
17294185,5272,6
17296747,3693,2
17296758,3696,4
17296949,3711,6
17297099,24,4
17297172,3707,7
17299248,25,3
17300533,3695,7
17300606,3736,3
17300758,3726,5
17300979,3691,1
17303645,30311,1
17304316,3712,3
17304464,3715,3
17304612,3724,7
17304840,3725,1
17308167,3741,3
17308323,3730,4
17308496,3706,5
17308678,3729,1
17312031,3713,5
17312181,3701,6
17312347,3704,7
17312556,3722,5
17315891,3715,6
17315980,3725,7
17316129,3728,1
17316407,3750,1
17319746,3699,5
17319834,3700,2
17319996,3707,1
17320252,3683,4
17323536,3714,2
17323683,3697,3
17323850,3686,1
17324081,3689,6
17327330,3708,7
17327475,3698,1
17327683,3705,5
17327913,3703,2
17331166,3706,2
17331309,3705,7
17331541,3706,1
17331787,3734,4
17333137,12301,1
17333373,898,6
17333892,24,3
17334931,3979,6
17335127,3890,1
17335380,45,1
17335402,4224,2
17335627,4000,3
17335680,44,7
17335927,38,2
17336090,25031,3
17336117,42,2
17336273,3961,6
17336388,41,4
17336556,14428,7
17336580,51,3
17336725,53,5
17338439,3772,4
17338509,3777,4
17338528,3700,3
17339139,3744,5
17339292,2289,3
17339480,971,5
17340371,2438,2
17341285,17835,2
17341670,4523,3
17341857,1990,5
17342685,26083,1
17342852,3712,5
17342955,333,2
17342958,3741,7
17343306,3880,1
17343370,3676,4
17343432,3565,6
17343443,3528,6
17343473,3579,3
17343480,3740,6
17343511,3743,4
17343529,3723,7
17343917,3265,5
17343921,3072,5
17344169,3080,1
17344644,36,6
17344714,34,7
17344929,2101,4
17344938,2172,5
17344940,2228,3
17344942,2159,7
17344944,2011,6
17344947,1977,3
17344950,2253,2
17344953,2019,4
17344956,2269,1
17344958,2286,7
17344959,2012,5
17344961,2029,6
17344964,2044,3
17344968,2198,6
17344971,2155,1
17344975,3618,2
17344982,2012,5
17344987,2009,3
17344991,1963,3
17344994,2175,4
17344997,2116,3
17345002,2146,6
17345006,2102,6
17345010,2216,4
17345012,2035,6
17345016,1993,3
17345018,2260,2
17345021,2150,5
17345024,2082,7
17345027,2133,5
17345030,2136,2
17345034,2023,7
17345036,1693,4
17345040,2005,3
17345043,1902,6
17345046,1962,4
17345050,2085,3
17345053,1815,2
17345057,1524,2
17345060,1758,1
17345064,1556,4
17345066,1689,1
17345069,1600,7
17345072,1371,4
17345075,1686,4
17345077,1365,7
17345080,1680,7
17345085,1531,3
17345110,1654,2
17345120,1572,7
17345135,1624,1
17345138,1594,2
17345145,1355,2
17345149,1466,5
17345151,1372,2
17345155,1368,2
17345885,41690,5
17346762,3742,3
17346848,3727,6
17346881,15482,2
17347361,3794,1
17347378,3739,4
17348383,61,6
17349879,117,5
17349932,59162,6
17350054,58684,1
17350122,58790,1
17350612,3739,5
17350669,3726,1
17351208,3721,6
17351269,3725,4
17351443,56,2
17353764,54029,4
17355313,129,2
17355393,64822,6
17355529,3700,1
17355547,3689,6
17355551,61645,4
17355555,3709,4
17355568,3690,3
17355835,62241,5
17356243,26,1
17356494,45631,4
17356592,657,6
17357152,26,3
17357999,31219,1
17358838,64842,6
17358996,59,1
17359492,3671,2
17359506,3693,2
17359852,32,3
17359965,3709,5
17359982,3695,2
17360062,25,4
17362486,32,6
17362611,72,1
17365451,21678,7
17367363,51,4
17368723,647,6
17369382,19201,4
17369708,32,7
17373415,686,3
17374878,609,4
17379388,37421,4
17386622,9063,3
17388631,226,5
17389090,207,7
17390312,2122,6
17390343,821,7
17393101,7231,5
17393332,6035,1
17398720,25320,5
17417343,25041,4
17418771,3747,2
17418832,3696,5
17418919,3718,3
17419007,3710,1
17420407,61756,6
17420513,63064,4
17420706,63856,3
17421518,30035,4
17421568,28837,7
17421949,1834,4
17422606,3700,1
17422620,3702,2
17422712,3680,4
17422813,3700,6
17423296,33,2
17424310,190,7
17424339,10840,6
17424563,25237,4
17426408,3714,3
17426415,3736,5
17426471,3725,1
17426600,3697,5
17427750,63669,2
17427779,63673,3
17427946,3671,5
17430223,7223,5
17430269,3687,7
17430288,3723,6
17430334,3680,4
17430392,497,5
17434042,437,5
17434107,374,5
17434174,54024,7
17434746,7234,2
17435715,49998,5
17435945,54025,5
17436144,25994,2
17437550,7222,2
17438717,931,3
17438869,584,7
17438899,347,5
17438927,226,5
17439051,58679,5
17439135,58905,2
17439195,59308,4
17441279,15449,6
17443886,1239,2
17445217,64823,4
17445623,64824,6
17447984,25678,2
17449214,151,7
17450532,1359,3
17452776,27284,7
17452965,838,1
17453227,2431,1
17453873,838,6
17455490,28834,4
17455551,27036,2
17455610,28834,5
17455665,15700,6
17456415,15701,2
17466961,8746,4
17483216,25416,4
17484616,26159,4
17486133,26226,7
17496824,64693,4
17497585,61762,6
17497749,64141,5
17507684,42,3
17510372,976,2
17511577,6032,5
17512972,263,6
17513373,4208,1
17513774,27776,3
17518330,14424,4
17518881,3622,4
17519295,63668,7
17519312,63679,6
17519924,6643,3
17520154,42916,6
17520303,54025,1
17522948,8823,5
17525863,7223,2
17533047,142,7
17536200,36,7
17536355,32,4
17536535,32,3
17536954,33,6
17537160,32,3
17537274,329,5
17538099,13238,5
17540519,26939,7
17540587,25125,4
17556056,35,3
17569162,33,7
17595431,27,3
17600169,271,5
17601067,34,7
17602836,329,2
17605590,33,7
17606046,32,2
17606179,32,7
17607744,8782,1
17609285,58718,4
17609456,59151,4
17609542,59901,3
17612158,1248,7
17612305,28835,4
17614017,51,5
17615312,45137,2
17620799,109,1
17621069,754,2
17625474,35,5
17627031,35,3
17627091,38,5
17627277,40,2
17628978,40,7
17632400,35,1
17645492,230,5
17646299,1831,3
17668039,243,7
17681816,44,2
17685981,40,7
17703669,624,4
17705852,226,4
17705854,55459,2
17706081,227,7
17706336,2140,4
17709190,38,1
17709680,34,2
17709891,111,1
17709942,2121,6
17710512,35,2
17710931,30,5
17712319,31,6
17712627,32,2
17713202,6974,5
17714234,105,1
17714405,560,3
17714542,30259,4
17718193,58503,3
17718323,58700,3
17718361,58837,3
17724473,375,1
17730460,25593,3
17742291,7160,2
17752505,24834,4
17752529,25242,3
17765580,135,7
17766209,134,1
17767281,134,7
17768686,135,3
17768991,111,2
17769176,34061,1
17769533,2439,3
17769579,10239,7
17770947,1575,3
17774667,7233,3
17774830,9056,6
17775049,15503,6
17775408,7619,2
17776075,27,7
17776300,14438,7
17778974,28535,1
17780063,4957,2
17780204,7032,7
17785200,36,3
17786210,44,6
17787173,34,6
17788415,58721,4
17788512,59005,7
17788642,58779,3
17791472,975,6
17791736,318,1
17791858,369,7
17791980,106,1
17792017,848,5
17792593,1828,5
17792762,121,3
17793563,33,2
17794591,107,3
17794688,1154,4
17795376,400,7
17795389,385,1
17795396,384,1
17796824,64842,3
17797405,855,5
17798370,632,5
17798488,570,5
17803505,33,3
17807433,31,7
17808977,2059,6
17809217,26,2
17810362,3354,6
17810692,3568,5
17812490,10975,4
17813465,144,7
17823280,51,6
17834223,36035,5
17834350,25397,6
17845438,40,3
17851507,139,7
17852230,139,5
17852752,135,7
17853681,144,5
17854431,5229,4
17854512,43,2
17855053,139,5
17856071,136,6
17857623,58545,7
17857784,59399,2
17857938,58595,6
17858215,37921,1
17861739,7227,5
17862716,2431,4
17862946,140,5
17864617,5061,3
17864694,3860,3
17865413,2605,5
17865425,2434,7
17865638,25608,4
17869060,28823,4
17869140,7227,3
17870195,26744,4
17871544,43233,4
17881010,123,7
17883080,117,7
17892961,3598,7
17893182,3645,7
17895341,441,6
17895867,4968,5
17899854,8724,1
17901110,41685,7
17901889,3669,2
17902375,2437,2
17902380,1555,3
17902386,949,5
17902393,636,5
17902401,49,5
17902409,75,2
17902832,28823,4
17904092,4833,1
17904376,417,5
17904796,59,4
17905781,4974,1
17907402,25756,2
17910600,3611,1
17928884,52350,1
17932673,58,1
17932697,42,4
17933171,87,6
17933187,102,7
17933248,235,7
17933493,145,2
17933581,97,2
17933968,792,3
17935478,106,4
17935518,111,3
17935826,38,7
17935943,318,4
17935952,108,7
17938731,2257,7
17942579,58575,4
17942786,58682,1
17943152,46536,5
17943193,59006,3
17945515,375,1
17948173,4532,3
17948596,435,7
17948715,86,7
17948807,240,7
17949283,473,3
17950182,290,6
17950869,43231,1
17951403,709,7
17952096,297,1
17952652,5081,5
17954780,64830,5
17955448,8129,6
17955499,28823,4
17955826,109,7
17955902,3651,4
17956042,490,7
17956059,843,3
17956682,28,7
17957025,483,2
17957382,26525,1
17957517,1546,2
17957584,251,6
17958182,3716,7
17960394,396,4
17960906,621,5
17961731,30,2
17961766,369,3
17962319,383,3
17962677,365,4
17963106,1241,6
17964681,3109,3
17967372,733,1
17967887,14071,7
17973687,79,1
17973810,1828,2
17973914,43,3
17974034,44,4
17988368,107,3
17988512,156,2
17990000,72,6
17990433,72,3
17996141,65299,6
17999334,64149,4
17999344,64150,2
18015282,52,2
18015386,32392,2
18016253,8256,6
18024670,784,4
18025833,1125,1
18026109,108,7
18026467,127,5
18026762,298,3
18031529,43713,6
18032031,12630,6
18032973,617,7
18034701,15519,4
18035163,646,4
18035874,20331,3
18035935,50499,7
18036029,49378,2
18036566,558,4
18037516,35553,6
18038647,3783,1
18038767,2732,4
18040488,18041,1
18040976,18041,2
18044560,1077,7
18044719,1151,1
18045119,31521,3
18045456,290,2
18046140,916,3
18046258,960,5
18046406,37,7
18047575,940,5
18047773,29212,1
18052411,80,2
18053137,949,5
18072725,637,7
18101812,21481,7
18106815,42456,2
18106820,30502,7
18106857,29962,1
18111255,167,7
18111626,487,4
18112298,110,1
18112717,191,3
18115280,22837,3
18115930,32434,2
18116054,107,5
18116078,31872,4
18116317,165,1
18116785,41,2
18116928,41,1
18117021,58604,4
18117051,58804,7
18117167,26243,2
18117762,7234,5
18118141,1082,4
18120413,193,3
18120632,26,7
18120639,25,4
18120746,2189,7
18121224,1034,6
18122839,18827,2
18123282,21340,1
18124672,1302,6
18125319,36036,1
18125919,4367,5
18128835,4576,6
18131185,4087,5
18131273,2340,7
18138453,50732,4
18141022,36038,2
18143325,30597,4
18143857,30493,3
18165198,21412,3
18165202,28432,4
18165885,31669,5
18175645,64841,3
18186646,21349,3
18207696,36033,4
18207987,21466,6
18210933,37989,7
18210940,36646,1
18211000,44,7
18211063,41,1
18211223,41,5
18211359,109,2
18211582,38,3
18211644,32,4
18211808,89,3
18212183,78,4
18212464,104,1
18212784,119,3
18212990,2911,7
18213583,24852,4
18213634,58617,3
18213739,58533,4
18213925,46,6
18214022,47,4
18214117,48,6
18215253,30947,7
18215657,43,3
18215867,30904,2
18216104,106,2
18216275,59,7
18216453,52,4
18216556,123,1
18216735,124,7
18217271,38,3
18217937,41,6
18218404,213,5
18221818,226,5
18227896,25,2
18227901,27,5
18228192,24,1
18228198,25,5
18229451,21319,5
18230338,3925,5
18230346,187,1
18236141,2916,6
18250755,28126,2
18278882,21382,5
18287143,89,1
18287229,72,1
18287709,34511,7
18299443,58660,4
18299506,58747,3
18299591,28765,3
18299726,41906,6
18299965,36849,2
18300070,1901,6
18300254,21468,3
18303412,7598,2
18306773,30657,7
18307258,30651,7
18307578,363,7
18308031,36060,5
18308759,36086,4
18309024,36136,4
18309216,36664,1
18321727,28324,2
18363787,42883,1
18365200,17538,3
18367126,36088,5
18367523,41157,5
18369673,30086,3
18370907,29279,5
18450410,33646,2
18450417,45360,7
18450835,25874,3
18452297,63,6
18452932,233,5
18453158,4128,5
18453343,143,2
18454055,38070,5
18457449,29345,5
18457725,2864,7
18458579,34037,3
18462239,35828,5
18462683,8028,5
18463250,7748,4
18463281,60715,2
18463504,43234,5
18464051,7256,3
18464763,28,6
18465010,28,5
18465115,969,4
18465279,37,6
18465467,26,5
18465987,27,7
18466198,44,6
18466862,1238,1
18466878,1272,3
18467086,140,5
18467269,168,1
18467511,39,6
18467587,58,7
18467589,42259,2
18468125,64,3
18468264,321,4
18468384,71,6
18468914,3549,1
18468933,1260,1
18469006,141,7
18469056,323,4
18469807,42399,2
18470759,933,5
18470841,939,2
18470851,92,1
18472525,668,2
18472534,678,4
18472714,1120,4
18475358,81,3
18476079,1551,3
18477132,21767,6
18477549,388,2
18477555,36071,6
18477579,36724,2
18477620,35762,1
18477902,2763,7
18480833,197,4
18482651,178,3
18483283,109,1
18483453,43,3
18483780,55,7
18485848,5806,3
18487439,747,4
18492250,329,6
18493426,8564,3
18504356,58906,5
18504416,58955,1
18504496,24839,4
18509986,48,4
18510078,795,3
18512392,324,2
18512729,456,7
18523194,27903,2
18531454,66,5
18537743,61,4
18540870,37993,4
18541126,41180,6
18543562,971,6
18544928,939,2
18544933,29450,1
18545047,561,3
18545089,304,7
18545123,201,2
18545913,29918,5
18546204,236,1
18546412,29771,1
18546478,457,2
18546997,29799,5
18547735,456,3
18548811,711,6
18549868,445,1
18552348,816,3
18552587,548,4
18552864,36131,6
18553148,31246,6
18553843,584,1
18558568,138,6
18560194,64829,2
18562227,50,7
18562824,109,2
18564418,96,4
18565226,268,7
18565495,30237,2
18566377,31,4
18567181,480,6
18568086,511,5
18568647,300,3
18569348,511,1
18570042,482,4
18570609,485,5
18571167,944,3
18572396,35,2
18572511,171,6
18572690,217,7
18572937,281,7
18573225,2429,3
18573377,36,7
18576734,54047,5
18581746,35902,2
18584306,7247,6
18586459,34,7
18597416,6630,5
18597453,6689,6
18605570,16713,6
18605642,16890,2
18605802,321,5
18605865,155,2
18605874,165,2
18605882,159,2
18605891,159,6
18627035,23922,5
18628198,10590,2
18630273,35769,2
18631462,42308,4
18633749,39252,5
18633897,41039,3
18634842,42131,6
18642450,6633,7
18644127,29,5
18644715,33,2
18645684,33,5
18648742,58583,5
18648843,23667,7
18648914,58444,3
18649134,55,2
18649365,57,7
18650237,52961,5
18654463,43,1
18654680,37,7
18655315,37,1
18656144,37,1
18656760,38,5
18656997,37,4
18657104,43,4
18676683,39704,4
18677386,39555,2
18686080,3597,2
18686090,3641,2
18686097,3643,6
18686105,3644,4
18686112,3690,2
18690156,64851,7
18709528,22168,7
18715904,37018,5
18716406,31132,1
18721199,40970,5
18727515,35,1
18727672,31,1
18727874,38,4
18728966,1872,5
18729019,46,5
18729178,1664,4
18729236,205,7
18729656,199,1
18730661,202,3
18730929,40236,3
18730940,39538,6
18731144,501,2
18732492,3113,6
18738535,18450,2
18739350,30084,6
18739584,29870,2
18739879,29989,6
18740308,30064,2
18740573,50161,4
18740743,58895,5
18740769,30185,3
18741060,30010,2
18741320,30030,4
18741756,30000,4
18742275,29956,2
18742770,29794,4
18743068,29515,5
18744065,58521,3
18744194,23716,1
18744250,59056,3
18747049,62804,1
18759745,18435,3
18764600,6657,3
18764720,6643,4
18767183,10332,3
18798381,17065,7
18798426,17220,4
18802543,21564,4
18803351,4751,3
18803936,43453,2
18807336,32,2
18807381,32,4
18807403,29,5
18807433,30,1
18807460,29,4
18807488,30,1
18807559,29,3
18807589,29,6
18807628,31272,6
18807633,28,6
18807670,29,7
18808112,37133,3
18809347,328,2
18809390,314,4
18809413,308,2
18809453,299,5
18809511,33,3
18809533,32,7
18809558,296,1
18809582,35,2
18809615,32,2
18809641,32,1
18810905,40059,5
18811716,39588,4
18818738,6639,5
18818770,6636,1
18825740,536,3
18825768,539,4
18825821,538,1
18826064,539,3
18826116,543,7
18826168,533,6
18826214,540,6
18826276,538,3
18826304,540,5
18826334,537,6
18829248,21223,4
18829735,47,6
18829906,59304,6
18830796,43,4
18830887,43,1
18830909,44,7
18830936,308,4
18830958,42,7
18830977,43,2
18830995,34,6
18831022,42,2
18831042,44,2
18834069,49,7
18834081,41,6
18834090,43,3
18834117,46,1
18834139,44,6
18834195,44,3
18834219,44,4
18834243,42,7
18834290,44,6
18834322,43,6
18834626,12062,5
18836674,46,5
18843186,37,5
18843340,37,3
18843649,47,4
18843667,42,2
18843719,43,4
18843737,43,7
18843873,42,5
18843896,42,2
18843958,43,6
18843979,43,4
18844015,42,1
18844040,42,1
18844351,366,4
18845129,38,2
18845596,49,7
18845637,49,6
18845665,48,5
18845684,52,2
18845700,53,6
18845736,42,1
18845751,59,1
18845770,45,4
18845788,49,2
18845803,47,2
18845829,519,1
18846310,308,3
18846339,308,3
18846422,310,5
18846446,309,3
18846503,308,6
18846532,307,6
18846568,308,3
18846610,308,5
18846630,307,7
18846648,309,7
18847462,263,5
18847490,261,2
18847507,259,1
18847526,259,1
18847558,259,6
18847583,275,5
18847617,260,7
18847636,263,7
18847701,260,3
18847719,261,7
18848185,309,4
18848209,310,3
18848245,310,2
18848263,316,2
18848290,315,2
18848314,310,7
18848329,309,7
18848343,310,7
18848366,309,6
18848383,314,7
18850004,33,1
18850189,30,3
18850432,30,5
18851412,30,3
18852067,29,7
18852437,30,6
18853527,29,2
18853938,29,1
18854039,28,2
18854559,6692,6
18854569,6667,6
18854604,29,1
18854717,29,6
18856663,9022,1
18856678,8060,6
18857329,13894,2
18857442,8661,3
18857921,8616,2
18868480,36921,1
18872823,16900,4
18872836,16775,3
18887860,116,7
18888587,31630,7
18889021,31202,3
18894029,114,1
18894151,114,2
18894275,113,2
18894399,113,2
18894524,113,2
18894648,113,5
18894772,113,2
18894896,113,5
18895020,113,5
18895144,113,7
18895268,115,4
18895394,114,3
18895516,113,3
18895640,114,6
18895764,113,2
18895888,114,1
18896013,113,1
18896053,252,2
18896136,113,5
18896260,113,7
18896384,114,3
18896508,114,3
18896633,113,5
18896756,159,4
18897190,113,4
18897376,116,3
18897503,114,2
18897624,113,3
18897748,114,4
18897872,118,7
18898000,113,2
18898120,113,2
18898244,114,4
18898369,113,5
18898492,113,6
18898650,40,2
18898671,375,2
18898671,114,4
18898688,40,6
18898706,53,7
18898749,45,5
18898783,46,4
18898800,35,3
18898804,115,7
18898828,414,2
18898856,35,3
18898883,58,1
18898929,114,2
18899052,115,7
18899176,118,3
18899244,411,6
18899260,420,7
18899273,424,7
18899293,406,7
18899304,119,2
18899329,407,5
18899341,405,3
18899364,413,5
18899378,407,4
18899399,406,2
18899411,415,7
18900895,105,2
18902780,187,6
18902799,58552,1
18902963,21775,5
18902973,113,5
18903031,58570,3
18903116,116,3
18903205,50,4
18903214,45,7
18903223,68,6
18903231,63,1
18903242,115,1
18903243,45,6
18903255,44,6
18903265,51,4
18903366,114,5
18903488,114,6
18903614,114,4
18903737,113,4
18903861,21222,6
18907857,29851,2
18908189,29909,3
18908454,29986,4
18909020,30074,5
18918092,42,5
18923643,5249,6
18923649,5895,2
18923656,5590,1
18923663,6866,2
18930117,19022,3
18931332,54,1
18931672,21769,5
18933350,540,2
18933467,533,3
18933623,540,3
18934305,539,7
18934331,531,2
18934379,537,4
18934408,534,1
18934433,531,6
18934462,548,6
18934489,542,4
18935839,540,5
18935875,532,3
18935896,538,3
18936194,530,6
18936889,540,1
18937052,533,1
18937188,540,3
18937384,535,3
18937592,539,1
18938327,546,7
18938470,534,2
18938627,542,5
18940295,540,6
18940470,531,1
18940989,544,4
18941204,536,3
18941377,541,4
18941561,541,5
18941737,532,7
18941966,6618,2
18941994,6662,3
18964547,29489,7
18965022,4648,4
18965453,30370,2
18968996,42343,1
18974098,22235,1
18975544,959,2
18975960,17673,3
18976310,17366,4
18976586,17381,5
18977093,17866,2
18977351,17499,1
18980316,31896,2
18983663,667,4
18984766,359,3
18984914,370,5
18985108,373,6
18985215,386,4
18985452,373,7
18985560,368,2
18985602,22200,7
18985683,368,6
18985792,365,3
18985889,366,6
18985981,375,3
18987052,6701,2
18987060,6681,2
18990736,1253,5
18992692,58826,5
18992821,58922,7
18992921,24071,1
18995309,998,1
18995527,37045,7
18995888,1291,5
18996364,21277,5
19003778,119,4
19005314,126,4
19005488,41,3
19006127,1253,3
19007391,383,2
19007404,365,7
19007416,317,5
19007426,303,4
19007434,314,7
19007442,317,7
19007453,315,1
19007461,306,2
19007482,310,5
19007496,314,7
19008877,28869,7
19008963,28869,1
19010479,500,1
19010503,507,5
19010521,505,5
19010538,514,2
19010565,505,7
19010582,500,4
19010611,503,2
19010631,449,7
19010663,451,7
19010686,448,4
19013945,6631,2
19013953,6592,5
19015863,1293,7
19019657,2542,3
19023903,21268,4
19030774,28874,4
19051508,28559,5
19051733,28587,5
19056270,42418,5
19056532,52833,1
19060334,23450,7
19061079,17538,1
19061434,17576,7
19061716,17602,5
19062087,120,1
19062231,122,4
19062267,17309,1
19062347,1302,6
19062423,52,5
19062617,643,5
19063758,468,1
19064019,6634,7
19064206,6675,2
19064256,1317,5
19064339,1243,6
19065519,158,1
19067793,291,1
19068086,550,1
19068684,252,6
19068957,1037,1
19069210,2525,1
19070058,1267,3
19070565,64889,1
19072393,43273,6
19073370,30,1
19073496,292,7
19074575,460,1
19074651,944,7
19074702,36,4
19074730,943,3
19074756,58934,5
19074807,392,2
19074836,938,3
19074925,946,4
19075067,58908,6
19075886,2137,6
19076025,2677,7
19076538,1095,1
19078049,954,2
19078638,1279,1
19080073,956,5
19080457,849,7
19080512,952,4
19080574,946,2
19081912,2158,1
19082269,426,7
19082309,358,7
19082433,318,5
19082453,319,2
19082905,314,5
19082921,329,4
19083720,14861,5
19084438,2150,5
19085138,40270,2
19085533,40019,1
19086310,1306,5
19086556,2542,1
19086897,1227,1
19087929,32,4
19089792,1269,6
19092726,2507,2
19094141,416,5
19094167,435,5
19095164,416,2
19095393,50,6
19095427,313,4
19095459,322,4
19095495,300,1
19095523,316,6
19095553,319,1
19095583,411,6
19095598,444,6
19095615,418,3
19096842,51,4
19096862,56,7
19096907,54,6
19096922,47,2
19096974,50,5
19096989,436,6
19097422,17442,7
19098119,52955,7
19100213,75,7
19100350,17752,4
19100358,17390,3
19100366,17610,7
19100486,17737,4
19103439,61876,7
19112822,31,2
19113173,31,6
19118883,6588,7
19119049,6599,1
19137513,28243,2
19137825,27661,4
19144729,7459,1
19147138,1329,6
19147589,957,4
19147797,975,1
19148161,4557,6
19148733,17534,5
19148994,53205,3
19152170,2460,7
19152331,150,4
19152355,140,1
19152427,13758,7
19153962,144,7
19153996,133,6
19154021,144,7
19154044,134,1
19154078,144,2
19154102,133,4
19154154,144,2
19154180,134,7
19154207,145,6
19154236,134,2
19154273,145,2
19154294,134,5
19154313,144,2
19154330,135,6
19154359,143,4
19155219,135,6
19155234,146,1
19155254,136,1
19155272,136,1
19155296,135,6
19155304,1059,7
19157392,2453,3
19158211,6618,5
19158517,6607,3
19158709,121,5
19158730,120,6
19158753,108,5
19158773,112,5
19158840,121,6
19158846,15289,4
19158860,120,7
19158876,46,4
19158907,116,3
19158934,18694,6
19158944,107,6
19158964,109,4
19159392,120,4
19159418,116,5
19159441,108,1
19159469,110,2
19159509,119,6
19159533,121,7
19159564,119,1
19159584,120,1
19159815,121,1
19159816,126,2
19160291,17509,2
19160504,130,6
19160517,100,1
19160531,125,6
19160552,131,3
19160576,122,2
19160629,114,6
19160652,123,1
19160670,121,3
19161795,2451,5
19166352,84,2
19166352,35,4
19166789,37,5
19167348,7494,2
19167553,23427,5
19167878,942,4
19168017,28380,1
19171874,2451,6
19171971,192,7
19175010,41943,6
19182817,45,5
19182928,45,4
19183957,58564,6
19186876,268,1
19188772,215,7
19189042,72,6
19189239,69,2
19190039,107,4
19190503,25,2
19190740,25,1
19190857,26,2
19190860,41,2
19191076,24,7
19191311,24,7
19192080,135,5
19196226,32434,7
19196598,81,2
19198208,7465,5
19202549,14617,6
19204358,10782,1
19212075,7471,4
19217519,125,3
19225498,119,7
19225614,44,4
19226663,44,2
19226848,44,2
19226973,117,6
19227173,44,4
19227535,117,7
19227634,35,2
19227866,3642,1
19227975,50,5
19229678,47,4
19231472,640,1
19231557,38,7
19231710,44,3
19231841,27227,5
19231917,44,3
19232366,27129,5
19236195,59359,7
19237148,23459,7
19238030,309,3
19241099,125,5
19241130,17763,3
19241690,50,2
19242798,58969,4
19242862,141,6
19242924,16794,1
19242978,7471,2
19243625,57,5
19243809,51,7
19243873,19372,5
19244108,49,3
19244163,12738,1
19244179,8356,7
19244259,50,7
19244261,6647,5
19244379,6643,6
19244392,49,6
19244474,641,2
19244782,50,6
19244792,228,6
19245095,42,4
19245202,124,6
19245306,2475,4
19245516,34815,4
19245648,395,6
19245754,49,3
19245847,49,4
19245940,48,1
19245969,53,2
19246055,50,1
19246089,48,5
19246213,53,2
19246278,50,5
19246569,129,7
19246749,48,1
19246825,155,2
19246894,149,4
19246949,53,4
19247000,154,6
19247296,53,3
19247446,52,5
19247538,47,3
19247606,59,4
19247713,156,2
19247734,148,6
19247757,43,3
19247761,156,7
19247780,148,6
19247810,151,3
19247812,49,1
19247834,159,3
19247859,150,3
19247950,49,3
19247997,53,4
19248172,5196,7
19249127,156,7
19249244,46,3
19249262,155,7
19249291,149,3
19249315,151,4
19249334,155,6
19249346,46,5
19249447,453,4
19249490,46,2
19249542,53,4
19249672,52,5
19249897,53,4
19249947,577,2
19249988,574,4
19250049,55,1
19250326,7475,6
19250710,53,2
19251017,53,7
19251272,45,4
19251524,42,6
19251802,95,3
19252076,92,3
19252258,93,4
19252380,1303,6
19252608,93,5
19253525,109,5
19254278,105,6
19254510,97,6
19254735,99,2
19254953,99,7
19255398,13920,1
19255534,18838,5
19255791,99,2
19256199,99,7
19257813,5162,4
19258475,7467,1
19258503,136,7
19258804,85,3
19258856,176,6
19258898,373,7
19259264,122,3
19259473,457,7
19259934,67,6
19263469,18708,3
19271444,388,7
19271818,1246,1
19272865,3617,1
19272910,56746,1
19273435,968,7
19275461,1246,1
19277681,464,6
19278376,64821,1
19278641,64823,6
19278672,38,2
19296272,64830,7
19317465,41934,1
19318012,59113,3
19321968,86,4
19323356,43,6
19323553,44,4
19323786,41,7
19323910,51,6
19324421,480,6
19324791,33,1
19324886,32,7
19325431,374,3
19325856,1234,3
19327632,219,6
19328240,1236,2
19329637,1227,1
19330150,7384,3
19332615,1271,4
19333143,6708,2
19333284,7244,1
19333387,7246,7
19340485,627,2
19341661,176,6
19341701,6360,1
19342344,137,6
19343197,137,4
19343394,64822,6
19343424,18049,7
19343589,64820,3
19346883,13862,1
19347511,147,1
19347772,144,4
19348194,135,6
19348472,143,1
19349358,6667,7
19351199,6381,2
19357611,6357,1
19374811,2859,2
19387296,6347,6
19410056,17444,4
19412297,10290,6
19419010,12081,4
19420488,4057,1
19421050,3023,7
19422514,10309,4
19427970,6951,2
19428106,4048,3
19428152,2892,3
19431442,17878,6
19431655,29932,7
19432339,14999,5
19432833,10265,7
19433544,7300,4
19433885,64822,4
19433934,64825,7
19434900,3652,5
19435141,6668,6
19441427,43362,2
19443108,10254,6
19444294,51885,2
19444466,54017,1
19447593,8085,3
19447776,9860,4
19448067,3153,1
19448115,3596,6
19448173,4517,3
19454617,3654,3
19454828,36039,3
19454908,36024,7
19454987,30619,5
19455024,26768,6
19455934,37271,7
19457064,10315,7
19458364,9239,3
19458401,112013,3
19458778,31354,6
19460587,797,6
19471029,10242,7
19480861,47901,6
19495629,53,6
19499074,54023,5
19499254,27037,7
19504506,4479,7
19504592,21622,3
19504677,21622,7
19504716,19446,7
19507623,25310,1
19510741,6761,4
19517774,111,7
19529445,48,7
19530467,72,4
19531885,52,7
19532127,47,1
19532147,60,1
19532186,62,1
19532230,78,3
19535088,5468,7
19535102,5417,1
19535119,5420,7
19535131,85,7
19540473,2224,4
19540581,4342,6
19540647,1721,3
19548450,10066,3
19550294,10303,7
19552143,6751,1
19552511,119,3
19558484,51628,1
19558782,92,7
19560562,10277,7
19563394,56,3
19563550,53,3
19563678,53,7
19564072,53,3
19564759,87,4
19570962,10325,5
19571338,285,4
19571856,46,6
19571860,42524,4
19572036,26788,6
19572303,17069,7
19581260,10305,4
19581727,1831,2
19586028,4236,1
19587622,32,6
19589290,1330,6
19589889,3641,6
19590644,21457,5
19590662,14864,2
19591538,10253,3
19591963,24414,4
19593042,61901,1
19593729,10247,1
19594050,4395,2
19594379,32,5
19594868,106,5
19594881,64833,3
19594933,123,7
19595056,575,2
19596344,6638,7
19599087,3632,4
19599638,645,1
19600237,3629,7
19602769,62371,3
19602838,646,3
19603002,850,1
19603486,10179,7
19603777,309,5
19603962,10158,1
19604115,156,7
19604736,185,6
19604770,78,2
19604779,85,5
19605156,1273,2
19605353,169,4
19606788,821,5
19607640,30,5
19608228,185,2
19608291,3629,2
19608574,204,2
19608630,3631,6
19608732,3632,5
19609042,826,4
19609078,36078,5
19609463,206,5
19611565,56364,3
19613162,820,2
19613977,824,4
19614117,218,6
19614150,35537,6
19615373,7256,6
19615735,36055,3
19616149,31,6
19616216,225,5
19616337,3630,6
19618354,3629,5
19618399,886,1
19619157,6622,7
19619372,54024,2
19619434,51,1
19619841,229,7
19620607,60,7
19620996,2186,2
19621211,20256,6
19621222,21622,2
19621235,21622,1
19623166,62,2
19623812,10245,3
19625210,10246,6
19626446,108,1
19626681,64,1
19627359,59,5
19627500,59,4
19627558,60,6
19627838,57,4
19628238,57,1
19628557,3511,1
19628600,3629,1
19628684,60,6
19628703,57,3
19632866,10145,2
19633022,10831,7
19633716,64,7
19633740,62,2
19642717,10334,6
19645224,61,1
19645381,58,7
19645607,59,2
19645611,61,4
19646031,58,2
19646046,57,4
19647015,211,1
19647765,195,4
19649810,30369,5
19650378,64,3
19653003,10207,4
19656507,32,3
19657174,33,1
19657795,2855,4
19657958,348,2
19659523,10311,6
19660396,42193,3
19663063,49,6
19663070,15536,4
19663146,6942,2
19667062,9207,5
19667081,10494,4
19669672,8479,1
19669743,14613,6
19669836,10202,5
19670753,651,3
19670797,10832,1
19673294,26413,4
19673570,46824,3
19673695,46827,5
19674081,64859,7
19674111,59058,7
19674491,146,5
19674541,59127,4
19675758,10836,7
19675912,34,2
19676362,32,4
19676811,64832,2
19681431,33,7
19682953,147,7
19683161,2700,6
19683240,117,2
19683826,78,3
19683939,75,4
19684261,75,4
19684589,23,3
19684680,32,1
19684926,7232,7
19685020,7233,1
19685032,32,1
19685716,31,7
19685726,32,5
19685866,31,2
19686009,33,7
19686024,33,5
19686183,20456,2
19686270,32,6
19686312,31,7
19686411,2486,2
19686459,32,6
19686796,32,2
19686843,31,6
19686956,31,5
19687036,30,6
19687360,31,4
19687601,32,3
19687955,32,2
19688145,31,6
19689477,31,5
19690087,30,5
19690257,54,7
19690310,41,2
19690315,187,1
19690319,54,2
19690323,156,6
19690331,39,1
19690337,41,5
19690343,46,4
19690348,41,5
19690348,48,5
19690353,53,4
19690360,44,6
19690522,47,5
19690531,140,7
19690546,157,7
19690708,41,2
19690793,46,1
19690852,31,7
19690925,32,6
19691989,31,3
19692896,31,4
19692988,63034,6
19693002,29,1
19693037,144,5
19693061,62,7
19693684,32,5
19693792,30,7
19693856,2758,7
19693947,31,7
19694572,30,1
19694793,36,5
19694798,14559,4
19694917,29,7
19694920,10836,2
19695017,29,1
19695151,30,2
19695276,30,6
19695350,29,7
19695556,29,4
19695685,30,2
19696704,62,7
19697604,60,6
19698730,64822,1
19698813,2538,2
19698898,64831,6
19698967,64825,3
19701473,88,7
19702089,83,2
19702714,84,1
19704698,30,3
19705287,9056,6
19705315,46831,3
19706649,80,1
19707291,77,1
19707771,77,1
19711193,147,4
19714339,58,5
19714343,50,5
19714347,53,4
19714350,44,2
19714353,43,4
19715625,43,3
19716297,314,5
19716740,68,6
19716986,36,5
19717115,38,5
19717273,306,6
19717317,34,7
19717350,38,3
19717435,32,4
19717539,33,7
19717729,36,4
19717961,32,5
19719371,33,5
19720379,30,3
19720453,39,2
19720596,34,3
19721825,321,1
19721862,318,1
19730233,190,7
19730603,182,1
19730903,192,2
19731767,186,6
19733574,107,7
19734438,40,2
19734681,119,1
19734888,114,4
19738799,1920,6
19743269,61,4
19743826,55,1
19744062,3675,2
19744303,2660,5
19744898,2284,2
19746487,41982,7
19747480,3632,6
19749087,3636,4
19751794,2477,5
19784737,54,6
19785167,855,3
19788553,3645,4
19796825,111,3
19797298,7403,2
19804636,7397,2
19812078,7488,5
19818207,622,5
19819421,11866,7
19819657,7410,1
19822414,35,4
19822518,38,6
19822685,33,4
19822792,34,6
19823990,33,7
19824090,41,1
19824221,36,3
19824652,44,2
19826999,7357,4
19829073,429,1
19834301,7400,2
19837727,20876,4
19839251,656,3
19841241,41932,7
19841351,58737,4
19841659,7521,2
19841773,58769,5
19842994,23430,2
19843935,2783,7
19844131,3354,7
19844647,1890,4
19844715,10837,3
19846039,14435,4
19846205,2770,3
19846264,64835,7
19849970,9056,1
19855161,15730,1
19855939,367,4
19856352,2491,3
19857942,64840,7
19857960,64842,2
19864005,43,1
19871536,165,1
19877418,38711,2
19883473,64823,4
19914579,5935,7
19916633,43236,4
19917124,74,4
19917419,7400,6
19925314,7413,5
19929133,64822,5
19932768,7457,4
19935829,18051,1
19936815,63032,5
19936843,63034,4
19939241,61881,6
19940296,7398,4
19942915,27,2
19943178,8056,5
19946460,65,2
19946539,3526,6
19946676,6109,2
19946747,7986,5
19947146,3622,3
19947214,14516,5
19947751,7860,4
19949464,177,2
19951408,184,3
19952676,15812,2
19953809,84,7
19954149,28356,7
19954349,109,7
19954804,1834,4
19955018,23706,1
19955172,7382,1
19955679,59136,6
19956113,20368,1
19956406,18782,2
19956588,8912,4
19956750,22637,4
19957041,23911,3
19957782,9966,4
19958298,163,5
19959770,28823,4
19959838,56,6
19960199,60,1
19960431,187,3
19961409,55,7
19967807,65,2
19969305,18739,6
19970935,15694,5
19971554,61498,5
19972749,24675,7
19972754,7229,3
19972801,24677,6
19974428,23675,5
19982939,19249,7
19986227,7500,4
19992091,37,3
19992372,35,6
19992610,167,2
19993126,153,5
19993499,158,7
19994672,169,4
19995577,40638,4
20005036,23358,2
20007583,7463,7
20009055,22505,4
20009574,22526,1
20012648,64833,5
20012714,144,2
20012822,31,3
20013187,64837,1
20013224,5162,3
20015069,7466,2
20017318,26971,5
20018538,64822,1
20018732,64822,7
20019573,64822,6
20019731,299,2
20019785,298,5
20019807,297,2
20019826,307,4
20019846,304,3
20019866,308,5
20019890,290,1
20019914,289,5
20019940,51,7
20019986,301,5
20020016,297,3
20020047,42,4
20020064,301,2
20020083,301,7
20020111,299,6
20020131,56,6
20020153,291,1
20020183,303,4
20020203,287,2
20020235,295,4
20021101,291,6
20021647,20639,6
20021681,287,5
20021708,291,1
20021749,302,3
20021767,295,4
20021785,296,3
20021821,296,5
20021845,301,3
20021862,293,7
20021878,289,1
20021895,294,7
20021916,288,4
20021936,291,1
20021952,301,7
20021978,315,5
20022005,286,6
20022051,46,6
20022071,299,4
20022092,331,3
20022113,297,2
20022598,7518,1
20022734,435,7
20022845,406,4
20022861,412,2
20022890,405,6
20022947,405,4
20022972,402,4
20022990,423,5
20023007,405,7
20023027,408,5
20023052,437,5
20023068,442,6
20023086,412,7
20023102,434,2
20023117,399,1
20023134,409,2
20023160,407,3
20023181,403,3
20023201,401,6
20023240,438,2
20023256,425,7
20023691,23130,7
20031290,54,6
20031388,7461,5
20033138,304,3
20033181,64,7
20033326,291,4
20033475,289,4
20033842,283,6
20034778,286,4
20034791,43,7
20034810,36,4
20034823,288,2
20034834,293,3
20036174,398,6
20036203,397,1
20036230,425,6
20036248,399,4
20036264,403,7
20037556,64831,5
20039791,107,6
20039902,18196,5
20040417,212,4
20040573,212,5
20040906,44,2
20041019,531,3
20041043,520,2
20041068,525,3
20041375,518,3
20041390,503,1
20041406,508,3
20041695,521,5
20041713,60,2
20041731,497,2
20042210,14429,1
20043113,39,4
20043329,32,3
20043552,38,2
20047254,7487,3
20052240,23559,6
20052697,23185,2
20055238,60647,6
20056294,59103,7
20056398,58692,5
20057003,58841,3
20059257,7433,4
20060285,2493,6
20060727,62200,7
20062992,22204,2
20066743,7493,5
20073567,22751,4
20074224,7717,5
20075747,23020,5
20076062,22151,7
20077133,40505,4
20081748,7599,4
20089526,7439,5
20095221,21868,4
20097131,7477,1
20098637,22613,3
20098646,22522,7
20104581,7476,7
20105032,64834,7
20105274,5407,5
20110257,211,7
20112100,7490,2
20112654,64822,4
20112712,64822,2
20113039,142,4
20114027,33,4
20114050,33,6
20114103,32,1
20114122,31,1
20114145,32,3
20114168,32,6
20114191,31,4
20114216,31,1
20114239,31,1
20114259,33,2
20115068,32,4
20115080,32,3
20115102,31,1
20115119,32,4
20115141,32,2
20115161,32,5
20115174,32,3
20115189,32,6
20115204,33,7
20115216,35,7
20115658,22311,1
20118666,22567,5
20119648,7475,3
20123072,48,5
20123290,46,5
20123407,59114,2
20123597,58760,6
20123781,58661,2
20123920,61004,5
20124301,12330,1
20126226,21027,4
20127194,7435,6
20131202,20696,2
20134078,146,5
20134103,144,2
20134196,145,1
20134218,143,6
20134250,142,3
20134654,7469,1
20134692,141,5
20134736,142,4
20134757,141,7
20134806,146,4
20134861,144,1
20136003,141,4
20136193,143,6
20136230,146,4
20137366,143,5
20137379,144,2
20138327,21784,4
20140851,130,1
20141060,219,5
20142109,7523,1
20142425,116,7
20142425,133,4
20142988,36037,6
20143409,22342,4
20143438,62258,4
20143758,64170,1
20145013,23444,7
20163435,23718,7
20165387,48,2
20166126,24060,5
20167489,59,1
20168081,61,3
20168843,207,5
20169041,35801,6
20170377,7444,4
20175608,64835,5
20177850,7483,5
20179590,10747,3
20181667,95,2
20184816,17349,4
20185365,7610,7
20186133,17895,2
20186213,13655,1
20186724,14065,6
20187503,11861,7
20188326,3067,2
20188871,20665,1
20189857,22538,1
20189993,149,1
20190309,150,7
20190765,64822,6
20191261,2295,6
20191489,204,6
20192878,7677,7
20192929,148,1
20192994,207,1
20193822,208,6
20193835,146,7
20194038,40,2
20194062,31,1
20194351,142,2
20194382,33,2
20194431,144,1
20194457,144,1
20194508,33,1
20194540,144,1
20194566,145,1
20194591,144,1
20194619,141,2
20194651,140,2
20195740,32,6
20195759,34,2
20195786,31,3
20195807,32,5
20195828,31,2
20195852,32,6
20195874,31,3
20195892,33,4
20195910,32,6
20195928,31,4
20196044,940,6
20197003,2819,3
20197446,13286,6
20198876,41946,3
20200161,64823,2
20200217,2238,4
20200560,7516,1
20200775,36033,3
20202003,207,2
20202462,36037,2
20202487,82,4
20202489,49,1
20203009,32,5
20203122,31,7
20203288,207,1
20203309,207,4
20203362,49,2
20203465,206,2
20203492,206,6
20203520,33,5
20204328,33,5
20204341,34,5
20204353,208,1
20204363,34,5
20204377,34,4
20204393,36,4
20204406,209,2
20204431,34,4
20204441,3631,5
20204453,207,7
20204476,32,6
20207194,2552,1
20208308,7519,6
20209187,21448,7
20209921,53,6
20210201,50327,6
20210272,14457,1
20211721,52376,3
20212073,41,5
20212101,40,6
20212116,37,7
20212348,64,3
20212364,35,5
20212378,35,7
20212392,35,2
20212406,35,3
20212430,46,2
20212443,36,3
20212876,207,7
20212887,21148,2
20212893,141,2
20213473,227,7
20213490,226,1
20214010,44531,2
20214221,6531,5
20215322,41,3
20215873,7657,2
20215938,121,3
20216104,118,6
20216123,117,4
20216137,116,4
20216144,120,5
20216152,115,3
20216159,117,6
20216166,117,6
20216173,44,5
20216183,119,4
20223400,118,2
20223898,611,6
20225607,46464,2
20226773,58676,6
20228051,18241,5
20230080,61662,6
20230558,64588,3
20230635,62616,3
20232108,3540,1
20245663,54,2
20248825,15057,1
20249751,44,1
20250620,67,4
20250879,856,2
20251742,794,6
20258920,45,4
20259115,253,5
20259463,611,7
20259994,469,4
20260368,54,5
20261887,64837,4
20262382,64833,7
20262392,64835,7
20262583,37,2
20263106,134,3
20265689,42172,2
20272382,7464,4
20278026,43,1
20278038,41,4
20278050,36,5
20278063,42,7
20278073,48,7
20278082,44,4
20278092,45,2
20278103,40,7
20278123,36,5
20279454,40,1
20279466,46,4
20279474,44,5
20279481,46,3
20279514,44,6
20279533,46,6
20279541,40,6
20279549,36,2
20279565,40,3
20280085,2825,6
20280108,64822,4
20282016,25775,5
20287677,61868,6
20287838,64,7
20288021,47,6
20288827,676,1
20291823,661,7
20291895,64824,2
20291976,48,1
20291999,53,6
20292026,44,1
20292040,42,3
20292069,36,1
20292084,37,4
20292110,40,3
20292125,41,7
20292139,46,5
20292154,47,2
20292592,58911,3
20292722,45,1
20292740,44,4
20292755,47,6
20292757,7484,4
20292782,69,7
20292797,62,1
20292816,57,7
20292831,54,3
20292845,47,2
20292871,58,4
20292888,57,3
20292999,404,4
20293172,36,5
20293444,33,4
20293603,29,6
20293774,2619,1
20294455,356,5
20294473,44,7
20294485,45,7
20294510,355,3
20294535,37,4
20294553,36,1
20294565,44,4
20294581,41,3
20294608,58769,6
20294616,40,5
20294636,45,7
20294925,3123,6
20298198,110,7
20298385,567,1
20298579,84,2
20298661,2953,7
20298689,98,7
20298892,78,4
20298909,106,2
20299007,90,7
20299128,78,5
20299312,103,2
20299467,88,6
20299543,7230,7
20300274,7480,3
20300391,64842,6
20300521,64830,5
20300562,64841,7
20302243,121,7
20302369,834,6
20302379,77,4
20302464,449,5
20303046,19036,7
20303472,565,2
20303480,546,1
20303489,564,6
20303498,80,3
20303507,551,3
20303517,559,6
20303526,569,2
20303535,545,6
20303546,683,7
20303556,552,3
20303931,73,7
20304041,673,6
20304147,651,4
20304231,652,4
20304378,650,5
20304395,650,2
20304748,685,1
20304767,651,2
20304787,181,6
20304819,650,7
20305072,53,5
20305479,15875,5
20307743,7781,3
20307762,4975,3
20310482,7229,3
20312293,45,1
20312401,98,6
20312644,610,5
20314100,240,2
20314436,32,1
20314571,243,4
20315304,7434,2
20316812,14428,4
20317128,4482,3
20317359,16234,7
20317553,16238,1
20321760,1332,6
20335149,55,6
20346592,7509,3
20347020,54,5
20347938,69,3
20348854,55,1
20349769,54,4
20350685,55,1
20350800,33,1
20351601,61,3
20352517,61,7
20353433,56,2
20354064,7453,1
20354355,125,3
20355142,8147,3
20355270,55,5
20356826,2975,3
20357103,2444,6
20357563,551,2
20359890,1364,6
20361376,1627,3
20361465,42240,3
20361470,7433,1
20361731,64822,7
20361988,9023,1
20362082,9075,2
20363511,5063,6
20364427,462,5
20365291,680,4
20365304,651,5
20365433,730,4
20365447,651,4
20366625,185,6
20368904,58587,2
20368992,58578,6
20369213,64822,3
20369261,20723,1
20370538,43675,3
20370739,58976,3
20370896,18941,3
20371378,95,5
20373380,17679,2
20373414,21566,4
20374488,1791,2
20376585,35,2
20377608,62371,4
20378323,29,4
20378567,1894,1
20378620,2155,2
20379010,2157,3
20379137,55,1
20379431,153,1
20379814,124,5
20380100,769,3
20380932,33,2
20380936,128,2
20381444,1278,1
20382895,59351,1
20382996,4961,2
20383243,789,1
20383258,711,3
20383261,765,5
20383269,800,2
20383279,889,4
20383287,779,6
20383297,800,3
20383299,31,7
20383307,1000,3
20383931,19921,5
20384643,124,4
20385006,128,7
20385105,79,5
20385134,103,5
20385154,82,5
20385176,122,6
20385400,10200,1
20385803,116,2
20386148,7432,6
20386221,16230,4
20386281,130,7
20386303,118,7
20386322,167,6
20386347,85,3
20386381,115,5
20386772,31241,4
20387285,110,6
20388107,24,3
20388325,3099,4
20388685,86,4
20388732,112,7
20388740,77,3
20388749,515,3
20388758,92,7
20388766,84,2
20388780,134,5
20388787,94,2
20388796,94,4
20388806,128,6
20390467,102,5
20390488,89,6
20390504,91,4
20390525,118,1
20390544,92,7
20390561,181,7
20390582,83,1
20390604,127,7
20390633,95,5
20390652,104,6
20391452,475,6
20392772,13848,5
20392944,16251,4
20393543,7435,6
20394120,51,3
20395165,637,4
20395384,629,2
20395404,599,7
20395438,655,2
20395459,155,6
20395502,585,4
20395531,89,4
20395548,86,6
20395574,80,2
20395595,598,4
20396527,593,2
20396598,576,2
20396617,630,6
20396673,604,1
20396697,572,7
20396712,590,3
20396732,578,5
20396750,609,7
20396805,628,3
20396824,609,3
20397338,822,6
20397398,836,6
20397418,825,4
20397435,850,7
20397451,827,2
20397469,815,7
20397501,824,7
20397521,806,3
20397538,834,1
20401519,7349,1
20405628,64822,1
20407009,4229,4
20407079,10959,1
20407087,23232,2
20408992,7617,4
20416525,12022,4
20437265,36041,5
20437265,36040,6
20439966,42361,1
20442306,58683,4
20442424,58634,1
20442512,59009,6
20442816,287,6
20442826,4554,5
20443038,64841,5
20443152,2429,6
20443247,59087,2
20443290,112,2
20443291,44030,7
20443310,3638,7
20446328,16547,1
20446344,3720,3
20446474,55621,5
20447995,83,7
20448335,64823,5
20448498,64823,5
20449688,114,4
20449962,7567,3
20450573,114,6
20451379,141,2
20451758,157,5
20451941,1445,4
20453063,38,2
20453925,49115,2
20454307,1303,7
20454976,56,2
20455085,139,5
20455767,349,4
20455778,6167,2
20456193,34,5
20456597,447,4
20457625,71,5
20457801,34,1
20458709,913,1
20458738,6010,5
20459352,113,5
20459682,4129,4
20460175,978,2
20461010,15077,5
20461381,134,6
20461898,119,6
20462492,464,3
20463062,4838,5
20464065,125,3
20465006,9926,6
20466077,7408,7
20466131,51614,7
20466867,47,2
20466969,142,2
20467761,171,5
20468106,133,1
20468588,113,6
20468709,47,4
20469580,46,5
20470397,784,5
20470467,2889,4
20470508,9860,7
20470538,64829,6
20471531,112,3
20473655,129,5
20474317,22846,6
20474799,120,2
20475050,135,7
20482343,7443,2
20487997,32,4
20488126,797,4
20488444,8743,1
20489246,23,7
20489492,286,4
20489745,7426,4
20490035,49942,1
20497076,98,2
20497189,33421,1
20521240,64835,3
20527950,60858,2
20528153,60225,2
20530686,4882,4
20530873,4918,2
20531301,946,1
20532689,789,3
20533902,61689,7
20535889,374,5
20537510,178,5
20538818,3145,6
20540289,1666,4
20540832,122,4
20542560,107,5
20543230,111,7
20543251,6549,2
20543489,4879,4
20544602,16343,2
20545991,17565,3
20546205,941,6
20547261,55,1
20547291,60119,1
20547529,1046,6
20547658,22960,2
20548686,62379,6
20549425,4781,5
20551466,38976,7
20552729,7555,1
20554535,153,6
20554843,143,1
20555165,105,4
20556007,186,1
20557513,196,6
20558174,158,1
20558384,85,7
20558542,77,2
20558561,202,5
20558630,64,2
20558771,78,5
20558853,101,4
20558946,107,6
20559385,223,5
20559653,22859,2
20560202,229,4
20560262,131,4
20560340,92,6
20560942,135,4
20561021,209,5
20561340,76,1
20561528,200,1
20562011,76,3
20562072,3643,7
20562431,66,5
20562624,205,1
20562634,68,3
20563124,67,4
20563282,139,1
20563481,282,6
20563515,22930,1
20564652,131,6
20573258,64883,6
20573862,4287,1
20574075,3638,2
20576903,35496,6
20577207,4276,6
20579432,21374,2
20581708,45,4
20581871,443,6
20582314,229,5
20585750,6195,6
20605193,27054,5
20607884,23042,4
20607904,70,4
20607908,46,4
20607912,46,4
20607913,51,4
20609136,46,4
20609185,46,3
20609341,44,5
20610102,50,5
20610120,45,3
20610296,53,5
20610298,50,3
20611047,49,4
20611058,22706,7
20611242,24158,3
20611242,22574,3
20611980,23035,7
20618664,8655,6
20623593,58839,4
20623671,59441,5
20623800,59064,5
20632621,288,7
20634302,58600,7
20636134,35521,4
20642304,8540,3
20655478,23028,4
20655486,22544,4
20655496,22405,3
20662564,14423,4
20677915,356,5
20679629,361,3
20679866,358,6
20680053,76,3
20680263,290,6
20680640,416,1
20680761,369,4
20680854,367,3
20681097,340,1
20695382,8602,5
20707247,22897,2
20707255,22087,3
20719939,58880,5
20720012,59485,1
20720123,59504,3
20720527,8536,7
20728336,16863,2
20728502,1082,3
20728852,1276,6
20728894,1168,4
20728920,330,4
20728944,928,4
20728960,1188,4
20728977,1145,4
20728994,1188,5
20729021,8551,5
20732390,23024,1
20732396,172,4
20732411,23548,7
20733460,59208,1
20734472,68,6
20735547,123,1
20737183,35,2
20737310,50,6
20737505,434,5
20738785,41,1
20742968,66,4
20743199,339,3
20743526,393,3
20743906,71,7
20744106,390,2
20744411,58998,5
20744839,62,4
20744871,315,7
20745282,24,6
20745769,71,2
20746378,391,4
20746756,68,6
20747691,64,6
20748584,389,3
20748623,66,4
20748941,1141,1
20749559,74,7
20749840,390,1
20750351,390,7
20750490,79,6
20751423,62,3
20752004,1465,5
20752357,62,4
20753292,67,7
20753537,26692,6
20753538,73,4
20754783,22639,1
20754972,1488,6
20774858,22,4
20777840,46,6
20780593,45,4
20780771,103,6
20781074,51,3
20782003,51,3
20782930,54,7
20783860,49,3
20784789,49,1
20785719,51,3
20785978,44,7
20786649,48,6
20787383,44,4
20787594,50,2
20788525,54,7
20789455,49,7
20790384,49,5
20791312,49,6
20791366,140,7
20792242,49,5
20793169,53,1
20794103,48,1
20795039,59,6
20795975,49,4
20796128,22,6
20796913,49,2
20797435,47,3
20797618,45,5
20797672,118,5
20797847,23152,7
20798185,150,5
20798366,129,6
20798509,1012,2
20799710,34109,6
20800132,65,5
20800751,393,6
20801421,415,2
20801539,6100,4
20802162,4499,7
20805370,139,2
20807704,11287,2
20807993,59021,4
20808121,58741,3
20808209,59605,4
20808317,59172,6
20808375,45010,2
20808769,309,7
20810795,24,7
20810923,536,1
20811101,310,7
20811530,37,4
20811543,43,2
20811564,44,4
20811583,58,6
20811608,77,6
20811693,25,1
20811962,23,2
20812259,10853,5
20812356,78,7
20812694,526,4
20812752,314,3
20812927,95,7
20812986,53,6
20813402,61453,2
20814564,165,6
20815253,110,3
20815258,211,7
20816502,46,4
20816607,31,6
20818248,5434,4
20819265,793,5
20819422,793,4
20820442,179,3
20820952,32,6
20821813,27452,3
20822082,670,3
20822524,1210,6
20823699,41567,4
20825595,12204,4
20827129,19171,5
20827746,15030,6
20829208,354,2
20829889,1596,2
20830709,2631,7
20830903,778,7
20832090,784,7
20833177,792,3
20835428,792,7
20838262,33,3
20840872,152,2
20841860,33,5
20841869,33,3
20841949,32,7
20842099,33,7
20842394,336,1
20842954,52,6
20843115,4231,1
20843247,108,5
20843646,248,4
20843974,197,2
20844270,177,3
20844475,216,4
20862378,56,4
20866196,74,6
20866279,184,4
20866500,46848,1
20867202,20560,5
20867210,79,6
20871508,33,1
20871539,33,3
20873710,27497,1
20874795,26375,2
20874929,26895,7
20876510,53,3
20876622,336,6
20877201,31,2
20879582,41,7
20880072,35,3
20880207,34,5
20881032,35,6
20881395,29,5
20881402,35,1
20881588,29,2
20881608,30,1
20884712,147,2
20885013,112,2
20885597,152,3
20886087,32,1
20886112,30,7
20886820,51,1
20887190,134,2
20887237,56,5
20887521,36,4
20887806,48,1
20889692,38,4
20889862,23461,3
20889963,23362,4
20890217,23076,4
20890422,79,3
20890968,55,3
20891102,656,2
20892012,21295,2
20892281,21008,5
20893715,451,3
20893853,302,4
20894177,30,7
20894206,188,6
20894247,32,5
20894564,45,7
20894648,80,5
20895039,18267,3
20895498,37,6
20914126,38,7
20915341,22432,1
20915928,109,3
20916034,41886,6
20916537,224,4
20917013,216,4
20917416,218,7
20917659,22398,6
20917695,58605,5
20917743,59306,3
20917758,218,6
20917771,52810,5
20917795,61712,6
20917831,59178,3
20920048,219,1
20920685,226,5
20920906,88,3
20922546,37,1
20922581,36036,1
20922598,18183,7
20922669,34,1
20922887,33,6
20927131,32,7
20927229,32,5
20927485,32,7
20927581,39,2
20927678,134,5
20928047,34,1
20928303,223,1
20928481,67,6
20928624,43,4
20928660,222,2
20928722,42,7
20928795,47,3
20928915,156,5
20929300,93,5
20929373,41742,1
20929458,52,1
20929584,210,3
20929841,98,6
20929997,65,4
20930148,218,3
20930463,128,7
20931337,103,4
20932387,103,5
20932557,276,4
20932912,218,7
20934272,43,5
20940990,36033,2
20954251,23498,4
20954783,30,7
20954916,33,6
20956717,30,4
20956773,30,1
20956837,31,2
20957215,30,2
20957352,34,1
20957560,29,6
20957996,35,5
20958125,31,4
20958223,11966,4
20958347,30,1
20958351,3663,1
20958478,30,3
20958686,43,3
20958688,15202,1
20958733,38,4
20959046,31,1
20959165,4312,3
20959344,36,2
20960253,31,3
20960732,36,2
20961161,32,1
20961295,146,5
20961745,43,7
20961951,982,7
20967481,300,5
20968221,6035,5
20968610,23,6
20968658,47,6
20968679,316,2
20968700,23,5
20968734,96,7
20968765,741,6
20968785,29,5
20968804,922,3
20977469,1243,2
20977514,23,2
20977584,1200,5
20977615,24,1
20977657,1522,3
20978911,23,7
20979757,59227,1
20979829,58840,1
20980099,60374,4
20980145,21212,1
20980353,2722,3
20980662,287,3
20981978,58621,6
20982340,461,4
20982379,235,1
20982412,51,1
20982440,50,7
20982459,54,5
20982505,58,6
20982528,62,7
20982552,88,5
20982578,77,4
20982615,81,4
20982638,74,5
20982677,81,1
20982698,87,1
20982719,96,4
20982782,106,5
20982805,105,3
20982829,120,3
20983088,23054,2
20983112,25,5
20983142,1522,4
20983761,3065,3
20986052,9968,4
20986600,3708,1
20986810,3682,6
20987425,47,5
20988293,36038,7
20988537,47,2
20990429,169,5
20990468,3848,1
20990945,2722,6
20992777,85,2
20995500,4350,4
20997345,40602,1
20997428,34,4
20997573,23162,2
20997791,24,5
20997895,6024,7
21003966,9136,6
21006228,291,6
21007003,61859,3
21007349,63675,3
21007379,40372,3
21007394,62027,7
21008161,34,4
21009412,43759,2
21012507,15272,5
21015007,74,6
21015033,99,2
21015783,238,3
21016078,243,2
21018283,3949,5
21018916,3884,6
21036860,6779,5
21037708,17087,2
21050610,112,2
21057248,21630,5
21057251,21629,7
21057253,21635,4
21057255,21634,4
21057258,21629,5
21057260,21629,5
21057263,21628,7
21057265,21629,1
21057267,21635,5
21057270,21635,2
21057272,21634,4
21057275,21635,3
21057278,21635,5
21057283,21633,5
21057285,21628,2
21057288,21629,4
21057290,21628,1
21057293,21630,2
21057296,21631,3
21057300,21632,2
21057303,21630,3
21057305,21629,6
21057309,21629,4
21057311,21630,6
21057313,21629,7
21057316,21634,1
21057318,21703,2
21057320,21630,7
21057322,21628,1
21057325,21636,4
21057327,21628,2
21057329,21634,6
21057332,21634,4
21057334,21635,3
21057337,21629,7
21057339,21634,5
21057341,21634,3
21057344,21634,4
21057346,21635,6
21057349,21628,6
21057351,21634,6
21057354,21628,1
21057356,21630,4
21057358,21628,4
21057361,21627,1
21057363,21629,3
21057365,21629,3
21057368,21630,2
21057370,21634,1
21057372,21635,4
21057375,21630,2
21057377,21636,6
21057381,21629,3
21057383,21629,3
21063453,24698,6
21063474,1236,2
21063496,1237,7
21063513,1232,6
21063530,1230,5
21065953,107,7
21069734,288,3
21070512,58663,5
21070653,32645,1
21073820,688,3
21075009,62185,3
21075144,59395,6
21076335,49526,5
21076363,1238,6
21077142,3674,6
21081985,3744,2
21089178,42584,1
21089203,41646,6
21089248,42382,6
21097043,3856,7
21108987,28856,3
21116543,140,3
21117604,106,4
21126020,53196,3
21129355,57664,6
21129631,58663,5
21136429,120,4
21142590,138,5
21142619,97,2
21143234,3649,6
21144016,39837,4
21144273,981,6
21149895,71,2
21150085,32,1
21150211,32,1
21150295,634,5
21151758,14959,2
21158730,113,7
21159157,119,2
21159296,117,2
21159429,113,6
21159556,122,7
21159607,2097,7
21159696,113,7
21159824,115,6
21160094,368,4
21161373,59345,4
21162105,118,5
21162356,113,1
21162677,119,4
21162826,89,1
21162970,118,5
21163034,55618,7
21163237,117,6
21163287,2124,5
21163373,113,1
21163508,120,6
21163568,58757,3
21163644,117,7
21163749,376,4
21163783,113,4
21163913,115,7
21164048,116,1
21164183,113,2
21164319,113,3
21164455,113,3
21164591,121,5
21164731,117,2
21164859,114,3
21164995,114,5
21165132,113,5
21165266,121,4
21165407,114,3
21165536,115,4
21165668,115,6
21165677,3708,5
21165805,117,5
21165939,117,7
21166075,117,6
21166212,117,2
21166352,115,1
21166479,113,6
21166615,115,7
21166751,116,5
21166887,113,1
21167022,117,4
21167158,112,4
21167295,115,1
21167431,113,4
21167565,116,5
21167701,114,2
21167836,114,5
21167972,114,3
21168108,122,7
21168249,115,5
21168376,116,5
21168513,117,5
21168646,113,2
21168782,113,4
21168917,119,6
21169054,122,1
21169188,146,3
21169321,115,5
21169485,113,3
21169621,123,1
21169757,114,6
21169892,113,7
21170024,123,6
21170160,115,5
21170292,115,4
21170429,160,7
21170607,118,2
21170729,118,3
21170865,113,4
21171001,113,4
21171137,118,3
21171273,113,3
21171409,119,7
21171551,113,5
21171679,120,6
21171819,115,7
21171946,114,6
21172082,113,6
21172218,119,6
21172356,114,1
21172489,113,5
21172626,118,7
21172766,118,2
21172898,118,3
21173025,113,4
21173161,115,6
21173297,117,7
21173437,114,7
21173564,117,4
21173704,114,2
21173833,122,4
21173971,114,7
21174099,117,2
21174235,116,7
21174371,117,4
21174506,114,4
21174642,113,3
21174775,114,3
21174911,118,1
21175045,117,1
21175181,118,5
21175313,113,3
21175448,117,6
21175584,115,4
21175719,118,1
21175786,119,5
21175859,114,5
21175922,112,3
21175988,121,4
21176061,117,4
21176124,112,6
21176191,116,2
21176258,112,6
21176326,117,7
21176394,116,7
21176462,117,1
21176530,120,1
21176602,118,2
21176665,113,6
21176729,116,7
21176799,114,5
21176864,116,4
21176932,112,7
21177000,120,1
21177965,942,4
21178206,3976,2
21179236,118,2
21179267,112,3
21179363,118,1
21179394,112,5
21179396,847,2
21179721,9049,6
21180541,658,7
21180578,829,5
21180609,464,6
21180640,378,3
21180673,394,4
21180703,387,1
21180736,477,5
21180820,504,2
21180849,580,6
21180878,904,4
21180905,1377,7
21180931,759,1
21184016,34,2
21188706,9213,3
21191552,119,5
21191894,92,5
21200359,9316,5
21200976,678,7
21201611,2098,4
21204614,128,6
21205533,661,7
21206452,117,5
21207116,119,3
21207371,656,4
21208048,2095,1
21208291,411,4
21209212,36037,1
21209960,9068,2
21210807,151,6
21218960,9096,3
21225002,3611,3
21227964,160,5
21240325,21180,6
21240439,51603,1
21240688,58748,4
21241018,51042,3
21247837,6283,2
21251425,4748,4
21255516,3830,1
21257557,64920,2
21258116,3945,3
21260574,3875,5
21262044,62182,4
21262696,36032,3
21265160,4709,6
21270648,3654,5
21275212,6379,6
21282495,4286,3
21299257,4804,4
21300181,30649,5
21300675,58565,3
21323720,3660,2
21330723,287,3
21331284,62014,4
21331672,64925,5
21331876,86,2
21332311,49647,4
21332725,308,1
21339645,61601,6
21349581,14817,3
21356553,11806,6
21357978,14120,3
21359778,58571,1
21379141,19331,7
21385106,119,6
21391748,43238,3
21404702,112,3
21404721,1828,5
21409980,9545,4
21414927,84,4
21415015,738,3
21415529,474,6
21416080,509,2
21416113,412,4
21416367,41,7
21416381,40,7
21416394,46,3
21416795,879,7
21420732,50858,4
21421711,38083,4
21421972,47763,6
21421976,39098,7
21423101,252,7
21423200,58673,1
21423512,286,1
21423945,30,3
21424051,58778,3
21424140,33,3
21424191,297,5
21425002,26332,5
21425005,36,1
21425008,27519,7
21425011,28098,5
21425013,28666,5
21425016,29234,7
21425019,29785,1
21425022,30352,5
21425025,30859,1
21425028,31345,1
21425031,31911,6
21425033,32425,4
21425042,58935,6
21428717,11413,2
21429082,41229,5
21481047,286,5
21482093,63673,4
21484271,58879,2
21484687,26,5
21492394,50580,2
21493363,960,3
21495652,561,4
21495676,683,3
21495693,694,4
21495716,640,7
21495734,692,5
21495754,690,1
21495768,643,1
21495793,1835,6
21495919,1774,2
21495936,2012,7
21495955,1811,3
21495970,2012,7
21495988,2109,1
21497405,24479,4
21504869,64851,7
21505055,356,3
21505075,380,4
21505093,401,5
21505110,473,7
21505131,331,7
21505578,7718,2
21525876,3550,5
21530943,260,1
21531005,441,6
21531093,36033,4
21534278,351,4
21534301,220,4
21534322,40,2
21534345,45,6
21534369,52,4
21534433,687,5
21534457,559,7
21534484,487,1
21534508,337,5
21534528,183,4
21534551,216,4
21534577,230,3
21534600,296,4
21534623,399,7
21534643,350,2
21534668,377,6
21534695,439,6
21534725,447,7
21568520,51,4
21568931,43,6
21569044,43,4
21569190,135,3
21569340,2677,7
21569458,103,2
21569858,125,6
21570389,136,7
21571274,23,2
21571292,24,1
21578596,42179,6
21578743,59119,6
21578875,58681,6
21580137,22846,7
21580289,39524,3
21582692,80,2
21582704,102,7
21582708,69,5
21582711,51,5
21582713,65,7
21582715,65,5
21582718,46,3
21582738,53,4
21583571,154,6
21584912,108,1
21584915,106,2
21584918,113,7
21584921,107,7
21584924,106,1
21584957,111,5
21584959,110,2
21586111,106,6
21586124,105,4
21586137,105,6
21586150,105,1
21586163,106,7
21586206,91,4
21586375,107,5
21586378,107,3
21586380,105,1
21586383,107,6
21586386,106,6
21586418,105,3
21586421,108,2
21586424,107,4
21586427,105,7
21586430,60,2
21586877,105,1
21587026,23,5
21587092,67,2
21587169,23,2
21587224,105,5
21587324,23,1
21587393,23,6
21587482,23,4
21587527,23,1
21587927,23,5
21587963,23,2
21588077,24,7
21588459,23,7
21588480,25,6
21588497,23,7
21588900,24,5
21588957,24,5
21588983,24,6
21589034,24,1
21589153,23,6
21589928,24,7
21590014,23,4
21590114,23,6
21590148,24,1
21590225,24,2
21590353,23,2
21590465,24,4
21590800,23,7
21591052,105,3
21591055,104,5
21591058,106,3
21591061,105,1
21591063,106,2
21593603,105,3
21593605,111,7
21593608,106,7
21593610,105,2
21593613,105,2
21594050,105,4
21594178,105,1
21594307,105,3
21594435,105,6
21594563,105,6
21594690,110,2
21594818,106,3
21594944,106,5
21595102,106,7
21595228,107,4
21595354,106,6
21595481,107,1
21595608,108,3
21595734,106,6
21595861,106,5
21596018,105,4
21596145,106,4
21596271,106,6
21596398,106,7
21596524,107,7
21596650,110,2
21596777,107,4
21596904,106,3
21597030,105,1
21597188,107,7
21597313,106,5
21597440,106,5
21597567,106,4
21597694,106,1
21597821,107,4
21597947,115,7
21598074,106,2
21598201,106,2
21598327,106,2
21598485,106,3
21598610,106,2
21598737,106,6
21598864,106,1
21598991,106,3
21599118,110,4
21599244,105,1
21599377,107,4
21599503,105,4
21599630,107,2
21599788,105,4
21599914,107,6
21600040,105,4
21600167,106,5
21600294,107,3
21600420,107,4
21600546,105,1
21600673,106,2
21600800,106,6
21600957,106,3
21601084,106,2
21601210,106,7
21601337,107,5
21601463,106,3
21601590,106,6
21601717,106,2
21601842,105,2
21601969,107,4
21602127,106,5
21602254,105,3
21602381,106,5
21602506,106,1
21602633,105,3
21602760,112,4
21602887,106,1
21603014,106,2
21603139,106,4
21603297,107,5
21603424,106,7
21603551,107,4
21603679,105,6
21603806,106,2
21603933,106,7
21604060,107,6
21604187,106,3
21604314,106,5
21604470,111,6
21604597,106,5
21604724,106,2
21604850,105,5
21604977,107,2
21605102,106,3
21605230,106,5
21605356,107,7
21605483,106,6
21605640,107,2
21605766,107,6
21605893,107,3
21606020,105,1
21606146,105,2
21606273,106,4
21606400,106,2
21606528,106,6
21606656,106,6
21606782,106,1
21606940,107,2
21607066,107,1
21607193,106,5
21607319,106,7
21607446,107,1
21607573,106,6
21607699,105,5
21607826,106,5
21607952,106,5
21608110,107,6
21608237,106,3
21608362,116,4
21608489,106,7
21608577,308,4
21608616,106,6
21608742,107,2
21608869,106,5
21609026,105,4
21609122,106,7
21609249,106,4
21609407,106,5
21609533,106,3
21609659,105,2
21609786,105,1
21609912,107,7
21610039,105,5
21610166,106,4
21610292,105,3
21610419,106,2
21610545,106,3
21610703,107,1
21610830,106,4
21610956,106,7
21611083,106,5
21611210,105,6
21611337,106,1
21611463,105,1
21611589,106,3
21611716,106,6
21611843,105,7
21611969,107,3
21612096,105,2
21612253,105,4
21612380,106,3
21612506,106,7
21612633,108,3
21612760,106,2
21612885,106,5
21613012,106,7
21613139,105,3
21613266,106,6
21613393,106,7
21613550,110,7
21613676,105,1
21613803,106,5
21613930,107,5
21614056,106,5
21614106,130,4
21614182,106,4
21614309,106,7
21614436,106,6
21614563,106,2
21614689,203,6
21614689,105,3
21614815,105,6
21614973,105,7
21615100,106,2
21615227,106,1
21615353,105,3
21615479,106,5
21615605,111,2
21615732,110,6
21615859,105,2
21615986,107,5
21616111,106,6
21616269,106,1
21616396,105,7
21616523,131,2
21616650,108,4
21616776,109,3
21616919,105,1
21617046,106,5
21617180,106,7
21617337,107,1
21617342,112,5
21617468,112,7
21617502,106,7
21617630,106,2
21617787,106,7
21617791,106,7
21617919,105,4
21617952,106,1
21618080,106,2
21618206,106,5
21618242,105,6
21618367,105,2
21618401,106,4
21618528,106,1
21618623,105,4
21618689,110,4
21618783,106,1
21618818,107,1
21618945,106,1
21619040,106,3
21619105,105,3
21619200,106,3
21619234,106,6
21619391,107,1
21619486,106,5
21619552,106,6
21619647,107,2
21619681,110,6
21619838,106,3
21619933,106,3
21619999,107,4
21620093,105,7
21620127,117,4
21620285,105,7
21620317,128,7
21620380,117,1
21620447,105,1
21620542,107,7
21620576,105,6
21620734,106,7
21620829,111,7
21620894,111,3
21620989,106,7
21621024,105,4
21621182,107,3
21621277,106,6
21621342,106,3
21621437,106,3
21621471,121,6
21621628,106,5
21621724,106,4
21621790,105,3
21621887,105,5
21621953,106,4
21622048,105,4
21622144,107,6
21622241,106,3
21622305,106,4
21622401,107,5
21622497,106,1
21622561,106,5
21622657,111,1
21622721,106,4
21622817,105,1
21622912,111,6
21622976,105,2
21623104,105,5
21623137,107,2
21623232,110,5
21623359,106,3
21623423,106,7
21623521,106,3
21623585,107,1
21623680,111,4
21623808,106,7
21623871,111,6
21623968,106,7
21624031,107,1
21624127,111,5
21624254,106,4
21624318,107,2
21624414,116,7
21624480,106,7
21624577,106,6
21624704,106,7
21624768,105,4
21624864,106,7
21624928,107,6
21625024,106,6
21625150,106,5
21625214,107,4
21625311,106,5
21625374,105,1
21625470,106,4
21625597,106,6
21625661,106,4
21625757,106,2
21625821,107,6
21625917,106,3
21626043,106,1
21626107,106,1
21626204,106,1
21626267,106,2
21626363,106,2
21626460,106,2
21626524,106,3
21626621,107,5
21626685,105,2
21626781,107,2
21626877,106,7
21626940,107,1
21627037,106,1
21627101,106,2
21627196,106,3
21627292,106,2
21627387,106,2
21627452,106,5
21627547,106,3
21627643,105,6
21627738,106,1
21627833,106,1
21627898,106,7
21627993,106,5
21628089,106,2
21628185,106,7
21628280,106,7
21628346,106,7
21628441,106,2
21628536,106,3
21628632,111,4
21628727,106,7
21628792,107,7
21628887,106,6
21628982,105,4
21629078,106,5
21629173,105,2
21629239,106,3
21629334,106,5
21629429,106,1
21629525,106,2
21629620,105,6
21629685,106,2
21629780,106,1
21629876,106,6
21629971,106,2
21630066,106,7
21630132,106,2
21630227,106,1
21630323,106,7
21630420,106,1
21630516,107,7
21630583,107,2
21630678,106,3
21630774,106,1
21630871,106,6
21630935,106,4
21631033,107,5
21631128,106,6
21631194,30,5
21631291,112,7
21631355,110,7
21631483,106,1
21631578,105,3
21631580,107,3
21631739,106,5
21631804,107,4
21631932,111,1
21632027,106,2
21632061,110,7
21632159,106,4
21632222,111,1
21632352,116,5
21632447,111,5
21632512,105,7
21632609,106,3
21632672,106,4
21632833,106,7
21632896,107,7
21632962,106,2
21633058,110,6
21633123,110,2
21633251,106,3
21633315,106,5
21633412,106,1
21633508,111,1
21633573,106,4
21633700,105,5
21633765,106,3
21633862,105,6
21633959,106,7
21634023,111,3
21634121,106,5
21634216,106,7
21634313,106,3
21634409,106,6
21634474,106,3
21634571,106,7
21634667,106,7
21634763,106,4
21634860,106,2
21634925,107,5
21635022,106,1
21635117,105,2
21635214,107,2
21635310,106,1
21635376,106,1
21635473,106,4
21635568,105,4
21635665,106,5
21635761,106,5
21635826,106,7
21635923,106,1
21636018,106,6
21636115,105,4
21636216,133,5
21636280,106,7
21636388,116,7
21636483,107,5
21642379,32962,4
21642717,11091,7
21642871,22130,6
21648295,58688,2
21648470,58599,4
21653327,105,7
21653330,108,6
21653332,107,5
21653335,106,4
21653338,107,1
21654657,1217,3
21654659,402,2
21654662,116,3
21654664,65,3
21654667,53,7
21654670,7240,3
21654676,45,5
21654679,54,4
21659774,153,6
21669053,34,1
21673544,323,5
21680368,45,3
21680829,49,5
21682011,118,1
21703186,176,1
21703736,179,6
21739954,943,2
21750279,41914,5
21751668,37266,3
21752629,999,7
21753002,622,4
21753565,107,1
21753920,161,6
21754488,904,4
21754839,348,5
21755410,1017,7
21755758,356,7
21756313,104,7
21756677,899,7
21757188,51595,5
21757235,649,4
21757250,1010,7
21758155,101,2
21758501,141,4
21759076,934,5
21759093,1024,6
21759421,365,2
21761032,145,3
21761048,1959,2
21761261,106,4
21761955,641,7
21762184,601,6
21762878,112,3
21763104,92,4
21763820,635,2
21763838,1078,1
21764024,611,4
21764739,137,4
21764953,99,2
21765682,1055,3
21765874,631,1
21766577,383,4
21766808,132,2
21767538,635,2
21767611,1070,3
21767734,616,1
21768458,131,6
21768670,128,7
21769378,635,3
21769463,1071,6
21769608,617,7
21770297,134,4
21770542,125,4
21771187,58715,1
21771218,643,6
21771306,1051,4
21771421,58787,1
21771464,621,2
21772138,135,6
21772400,128,2
21773058,644,2
21773152,1050,6
21773321,620,7
21773977,133,7
21774254,127,3
21774896,639,1
21774995,1049,1
21775175,363,2
21775815,131,3
21776108,354,7
21776733,637,1
21776882,1050,6
21777029,358,1
21777651,133,7
21777963,351,2
21778570,639,7
21778719,1055,2
21778883,359,4
21779488,135,1
21779816,351,5
21780407,636,3
21780557,1051,6
21780736,361,7
21781325,134,7
21781669,347,6
21782244,654,2
21782394,1080,7
21782589,362,6
21783163,138,5
21783524,381,7
21784096,652,6
21784231,1052,3
21784444,361,4
21785014,131,5
21785378,348,3
21786812,943,1
21791498,244,4
21792361,139,7
21792706,130,5
21792836,62,7
21793245,118,1
21793443,117,3
21793615,130,7
21822922,36033,4
21832284,101,7
21832429,321,2
21832764,40886,7
21833865,10979,1
21837351,271,4
21837667,135,6
21838180,171,1
21838581,75,2
21839112,74,3
21839277,77,4
21839971,58511,3
21840054,58639,6
21849301,72,7
21852386,68,5
21856267,77,5
21858853,81,2
21859890,73,2
21862828,45,1
21862933,833,4
21863222,40,5
21863325,35,7
21863635,41,5
21863916,36,6
21865093,34,2
21865270,40,5
21865819,39,3
21866078,38,5
21866097,41,4
21866463,39,3
21866469,36,6
21866809,38,7
21866814,36,1
21874185,122,3
21874354,63672,2
21896655,60678,7
21902426,36,6
21902619,41719,5
21902646,360,7
21903293,2271,1
21908875,3651,5
21916110,571,2
21933694,397,1
21934699,37701,2
21936089,39668,3
21936714,44941,3
21937320,33757,5
21937615,39086,5
21944427,35,5
21949647,49,7
21949687,48,1
21949781,41,4
21949794,47,7
21949912,61539,5
21949955,39,4
21949982,593,6
21950240,14295,3
21951610,41617,4
21952333,14243,4
21957299,60438,6
21957708,106,6
21957711,112,4
21957713,110,1
21957716,109,6
21957719,107,5
21958135,111,2
21958138,108,7
21958141,106,7
21958143,109,3
21958146,108,5
21958561,105,4
21958564,108,3
21958599,106,1
21958602,109,3
21958605,108,1
21959020,106,2
21959023,108,5
21959058,105,2
21959061,114,5
21959063,107,7
21959446,105,6
21959449,107,5
21959485,105,7
21959488,109,3
21959490,107,2
21959874,107,6
21959910,106,1
21959945,110,2
21959947,107,5
21959950,108,2
21960272,61220,2
21960391,107,3
21960394,110,5
21960397,106,7
21960400,108,1
21960402,109,2
21960818,106,7
21960820,107,1
21960823,109,5
21960826,110,3
21960829,107,6
21961244,105,3
21961246,107,2
21961281,106,3
21961284,107,1
21961287,108,3
21961402,106,4
21961405,108,5
21961409,110,1
21961412,109,6
21961416,107,4
21961775,113,6
21961862,106,6
21961865,107,2
21961868,107,3
21961871,109,4
21961874,111,1
21962321,112,4
21962323,108,4
21962326,112,1
21962329,109,6
21962332,106,7
21962750,110,5
21962752,108,2
21962755,109,3
21962758,109,2
21962793,107,5
21962810,750,6
21963208,113,2
21963211,110,2
21963213,108,7
21963216,109,6
21963251,106,5
21963666,106,3
21963669,110,1
21963672,107,3
21963675,109,3
21963678,106,7
21964097,107,3
21964100,109,5
21964103,111,5
21964106,112,4
21964140,107,1
21964556,109,5
21964559,108,7
21964561,109,6
21964564,109,4
21964599,105,5
21965014,111,7
21965017,114,6
21965020,108,4
21965023,106,4
21965026,107,5
21965442,108,4
21965444,105,2
21965447,106,4
21965482,111,2
21965485,106,4
21965900,112,3
21965903,110,1
21965906,107,6
21965941,110,6
21965944,107,7
21966328,106,2
21966362,106,4
21966365,113,7
21966369,119,3
21966371,113,6
21966755,105,3
21966821,108,3
21966824,109,6
21966827,107,6
21966830,109,4
21967214,105,4
21967279,106,3
21967282,110,4
21967285,107,6
21967288,109,1
21967645,106,2
21967711,111,6
21967714,108,5
21967718,108,4
21967720,109,2
21968104,106,3
21968170,108,1
21968173,108,7
21968176,109,7
21968179,108,4
21968563,106,1
21968629,105,3
21968631,111,1
21968634,107,6
21968638,108,7
21968991,105,6
21969057,107,5
21969059,108,2
21969095,105,7
21969098,106,5
21969450,105,1
21969516,112,1
21969519,108,1
21969554,112,1
21969557,112,7
21969877,106,3
21969943,105,3
21969977,111,5
21969981,107,1
21969984,113,1
21970305,106,4
21970371,106,6
21970406,105,2
21970441,106,2
21970444,108,4
21970765,106,7
21970830,108,7
21970865,111,2
21970900,105,5
21970903,107,3
21971191,112,3
21971257,106,5
21971292,111,1
21971328,106,4
21971331,108,4
21971619,112,2
21971717,106,6
21971751,105,5
21971787,106,6
21971790,108,5
21972078,105,5
21972144,105,6
21972179,105,7
21972215,105,3
21972218,107,1
21972508,111,6
21972575,111,2
21972609,106,1
21972677,108,1
21972680,106,7
21972968,106,7
21973033,105,2
21973068,106,3
21973104,105,5
21973138,106,2
21973394,106,7
21973461,107,6
21973495,106,4
21973532,111,1
21973566,106,4
21973822,111,5
21973920,107,4
21973955,106,2
21973991,105,2
21974025,107,7
21974282,106,6
21974379,113,5
21974382,108,2
21974418,111,5
21974452,105,2
21974711,106,1
21974808,110,7
21974811,107,5
21974847,108,6
21974913,105,1
21975171,106,2
21975268,107,7
21975271,108,2
21975307,107,6
21975373,106,3
21975630,106,6
21975695,107,3
21975698,108,1
21975735,107,1
21975802,106,2
21976059,105,6
21976125,110,2
21976128,108,2
21976195,106,1
21976261,106,3
21976518,106,4
21976584,108,5
21976586,106,5
21976622,105,6
21976688,106,3
21976945,106,5
21977010,106,4
21977013,107,4
21977050,107,1
21977117,111,6
21977374,107,7
21977439,105,3
21977442,107,5
21977510,106,7
21977576,106,2
21977833,107,7
21977898,109,7
21977901,105,4
21977969,107,5
21978003,105,2
21978260,106,7
21978326,111,1
21978329,111,5
21978396,107,4
21978430,106,1
21978687,106,1
21978753,107,6
21978788,106,2
21978855,106,7
21978889,110,4
21979146,106,2
21979212,106,2
21979247,107,4
21979283,107,5
21979348,106,2
21979573,106,1
21979639,107,6
21979674,105,2
21979709,106,7
21979775,112,3
21980001,106,3
21980098,106,5
21980133,111,1
21980169,106,6
21980235,107,2
21980460,106,2
21980558,105,4
21980593,106,6
21980597,107,4
21980664,111,6
21980889,106,1
21980987,107,1
21981022,105,2
21981057,107,6
21981124,106,5
21981349,107,2
21981446,106,6
21981481,108,7
21981517,106,3
21981583,106,7
21981776,107,4
21981873,106,1
21981908,105,6
21981945,107,3
21982010,106,5
21982204,105,3
21982301,111,6
21982336,105,2
21982404,106,4
21982469,105,2
21982663,107,1
21982760,106,5
21982795,107,3
21982863,106,6
21982897,106,4
21983090,106,3
21983187,106,5
21983223,106,1
21983291,105,1
21983324,107,2
21983518,106,7
21983615,107,2
21983682,106,2
21983750,107,7
21983784,111,4
21983977,107,6
21984074,106,1
21984141,106,7
21984209,105,5
21984243,106,1
21984404,106,3
21984502,106,2
21984578,106,3
21984646,106,3
21984680,105,4
21984841,106,6
21984939,106,4
21985037,107,7
21985073,107,1
21985107,107,1
21985270,106,4
21985367,106,2
21985467,106,5
21985503,106,3
21985537,107,2
21985698,106,1
21985796,111,7
21985927,107,5
21985962,107,5
21985996,107,1
21986158,106,1
21986256,106,2
21986386,107,2
21986390,110,6
21986424,108,2
21986585,106,7
21986683,106,1
21986814,106,5
21986818,108,1
21986852,110,7
21987014,106,1
21987143,106,2
21987274,106,5
21987277,108,5
21987311,107,1
21987473,106,1
21987602,106,4
21987701,106,4
21987705,112,1
21987739,108,2
21987904,106,4
21988033,106,5
21988132,112,3
21988135,111,6
21988169,106,7
21988363,106,7
21988492,106,7
21988591,107,2
21988595,108,3
21988628,106,2
21988822,106,2
21988920,106,4
21989018,105,3
21989022,107,6
21989056,107,5
21989252,106,2
21989350,106,2
21989448,105,6
21989452,107,2
21989486,107,6
21989712,106,3
21989810,112,7
21989908,107,4
21989912,108,7
21989946,105,5
21990140,106,3
21990269,107,2
21990336,107,6
21990340,108,2
21990374,105,1
21990567,106,6
21990697,106,5
21990795,107,4
21990799,107,1
21990833,106,7
21991027,105,1
21991156,106,5
21991255,106,7
21991259,108,2
21991292,105,2
21991454,105,6
21991583,106,1
21991683,107,5
21991686,109,2
21991720,105,3
21991882,107,2
21992011,106,4
21992063,3650,1
21992143,106,4
21992147,108,4
21992181,110,6
21992343,105,3
21992473,106,7
21992603,107,1
21992607,107,7
21992641,106,6
21992773,106,7
21992905,106,1
21993037,108,1
21993042,108,4
21993077,105,7
21993239,106,2
21993270,642,5
21993368,106,3
21993499,108,5
21993503,105,2
21993506,109,6
21993666,106,7
21993796,106,7
21993929,111,1
21993932,106,1
21993935,112,4
21994097,106,6
21994226,106,1
21994389,107,4
21994392,108,3
21994395,107,4
21994556,106,2
21994686,106,6
21994816,107,2
21994820,106,6
21994823,107,7
21994985,111,4
21995114,106,6
21995233,7660,3
21995245,108,4
21995248,106,4
21995283,107,5
21995446,106,4
21995576,111,6
21995710,106,6
21995714,108,7
21995718,106,1
21995884,106,7
21995965,36039,6
21996015,106,1
21996148,108,5
21996152,110,4
21996187,105,2
21996350,106,1
21996449,106,1
21996582,105,2
21996586,112,5
21996623,107,5
21996786,112,2
21996886,148,6
21997018,148,6
21997055,149,6
21997090,154,3
21997253,148,4
21997384,149,5
21997515,148,7
21997519,149,4
21997587,148,1
21997718,148,4
21997881,149,2
21998013,148,6
21998016,149,4
21998083,154,7
21998212,148,3
21998373,148,5
21998472,148,4
21998475,154,4
21998574,148,2
21998705,148,2
21998867,148,7
21998966,150,3
21998969,151,7
21999020,541,7
21999069,155,2
21999198,149,3
21999362,150,1
21999430,148,3
21999435,149,6
21999534,148,1
21999663,149,6
21999856,148,3
21999871,60431,1
21999923,149,4
21999927,150,6
22000025,148,5
22000155,149,4
22000348,148,2
22000415,150,4
22000418,151,7
22000485,148,2
22000614,106,2
22000807,106,3
22000906,106,2
22000909,107,5
22000976,106,4
22003218,166,4
22003221,168,6
22003224,166,1
22003227,170,6
22003230,166,2
22003504,37,2
22003622,37,3
22003745,223,4
22008322,169,1
22008325,168,1
22008328,173,5
22008331,170,6
22008334,173,5
22008850,166,7
22008853,171,6
22008856,168,5
22009021,171,4
22009025,166,1
22009097,106,1
22009251,7807,4
22009345,173,7
22009348,167,4
22009351,167,4
22009548,177,7
22009552,166,1
22009874,171,5
22009879,171,7
22010041,166,3
22010045,165,1
22010222,4740,4
22010242,166,5
22010372,166,4
22010439,170,1
22010570,166,1
22010637,165,7
22010768,171,5
22010864,171,7
22010964,171,3
22011062,166,2
22011130,166,6
22011262,166,3
22011359,172,2
22011459,165,2
22011557,166,7
22011658,168,4
22011757,18054,7
22011789,176,5
22011886,177,3
22012092,176,7
22012259,172,3
22012458,174,5
22012624,167,5
22012627,169,7
22012631,168,3
22012795,166,1
22012958,167,1
22013123,167,4
22013128,173,2
22013132,171,2
22013193,32,5
22013297,166,5
22013463,166,2
22013629,171,5
22013633,173,1
22013637,171,1
22013801,166,4
22013969,166,7
22014119,309,3
22014134,167,1
22014142,170,3
22014146,179,4
22014309,166,1
22014474,167,4
22014565,58526,3
22014637,167,2
22014641,173,5
22014644,166,6
22014806,171,4
22015003,171,2
22015135,171,3
22015169,167,3
22015174,168,7
22015306,165,2
22015505,166,6
22015639,167,5
22015673,167,4
22015676,173,2
22015839,171,7
22016002,166,6
22016134,165,2
22016169,172,2
22016173,168,2
22016337,171,6
22016502,171,3
22016633,166,1
22016667,165,1
22016670,167,1
22016867,165,6
22016979,4739,2
22017065,167,2
22017230,165,7
22017428,166,6
22017592,166,1
22017626,166,5
22017791,166,2
22017826,165,5
22017990,166,4
22018090,171,5
22018157,166,6
22018292,171,4
22018320,45780,4
22018360,166,6
22018364,152,4
22018490,166,7
22018593,167,6
22018695,166,1
22018781,13407,5
22018796,166,7
22018864,165,3
22019060,167,3
22019128,166,3
22019260,166,4
22019329,171,1
22019461,171,1
22019656,166,5
22019823,166,5
22020021,167,1
22020168,6790,6
22021522,27723,3
22021622,53033,5
22021892,62564,6
22022981,36,5
22023207,299,4
22023867,111,4
22024409,298,5
22024821,59016,4
22024960,313,5
22025394,302,1
22025778,229,3
22026330,41286,5
22026718,62541,6
22028307,126,5
22028988,172,2
22029774,33,5
22029780,36,1
22031500,38,1
22031508,38,4
22032523,12206,4
22034748,106,7
22035059,106,2
22035060,64841,5
22035416,57227,1
22041493,31,1
22041805,192,5
22041985,55,2
22042107,46,1
22042212,117,6
22042340,216,3
22042740,91,1
22043049,216,5
22043861,4345,5
22043927,192,7
22044248,631,1
22045434,152,4
22045759,149,7
22045858,38477,4
22046323,59,5
22046528,58,4
22052593,32199,4
22082757,394,4
22084555,396,7
22085386,4739,6
22087557,37,1
22087655,105,2
22087932,166,4
22091784,636,2
22094901,250,1
22094952,635,4
22095349,64829,2
22096010,60412,2
22096025,21653,3
22096515,4743,3
22096647,12763,1
22097796,211,1
22098074,403,7
22100125,10511,5
22100474,59049,7
22100811,322,5
22101809,211,5
22102380,156,4
22102590,58867,5
22102912,315,6
22103575,25,3
22103616,106,6
22103619,11137,4
22103646,107,2
22103819,626,3
22103843,687,1
22103937,777,4
22103959,545,2
22103991,749,1
22104032,787,1
22104060,1576,1
22104064,4741,2
22104114,3674,7
22104417,318,2
22104575,119,4
22105501,399,2
22105963,398,2
22106256,655,1
22106535,32,3
22106543,397,3
22107542,46,7
22107822,106,2
22108159,52,6
22108331,52,1
22108405,58281,4
22108887,58,4
22109693,68,3
22110118,134,6
22110180,795,3
22110436,10475,7
22110682,401,2
22111056,958,7
22111518,1007,6
22111560,400,6
22112242,618,1
22112268,3268,1
22112357,78,4
22112506,76,2
22112975,538,6
22113491,41,2
22113965,45,2
22114294,280,5
22114373,34,1
22114611,66,7
22114792,42,1
22115311,4067,6
22115314,4517,5
22115317,4975,1
22115320,5433,1
22115323,5878,7
22115325,6323,2
22115328,6776,5
22115331,7206,2
22115334,7666,3
22115595,175,6
22116190,36031,1
22118028,4395,5
22119246,649,4
22119321,787,2
22120778,33,3
22120998,26072,4
22121039,10416,1
22121221,47972,1
22121428,64823,4
22121494,64824,2
22126007,3598,6
22127148,407,7
22128468,53,5
22128819,782,6
22129450,3638,5
22137941,552,3
22138023,603,5
22138395,654,5
22138417,745,4
22138519,599,7
22138817,465,7
22138864,462,1
22138912,381,2
22138934,376,5
22138960,393,6
22138985,796,5
22139148,1181,4
22140063,493,7
22141276,1928,4
22141310,1976,5
22141339,643,3
22141357,769,5
22141382,768,4
22146076,66,7
22165935,64829,1
22169408,213,7
22169605,363,2
22169965,1188,1
22173135,55,5
22173203,88,3
22173474,61234,1
22174409,31,1
22175496,32,6
22175803,568,7
22175827,760,2
22175878,955,5
22175908,691,5
22175951,3544,3
22175972,3693,1
22176140,148,6
22177328,10197,6
22177622,10211,4
22182641,357,2
22182812,9752,2
22183071,398,5
22184787,274,5
22185338,631,3
22185536,58626,2
22186228,364,1
22186719,631,6
22186865,333,1
22188204,908,5
22188389,58980,2
22190079,30,2
22190556,31,4
22190904,31,7
22191226,23,1
22191350,21622,3
22191463,21623,5
22191507,33,3
22191619,21623,3
22192158,36,1
22192255,35,6
22192434,108,1
22194496,41875,1
22194504,39902,3
22195032,3648,1
22195422,50,7
22202748,81,5
22203681,74,6
22204614,79,7
22205244,40635,3
22205539,74,2
22205723,300,6
22206176,38082,3
22206470,79,2
22206862,581,2
22207400,74,1
22208326,74,4
22208654,1730,1
22209257,76,7
22211095,77,5
22212023,78,5
22212065,53,1
22212947,80,1
22213873,73,1
22214796,77,7
22215374,21622,6
22215415,21621,6
22215722,74,3
22215844,21622,2
22215949,21622,4
22215957,3475,2
22216018,21622,2
22216648,76,6
22217577,78,5
22218510,73,1
22220395,19708,5
22222026,28822,4
22222079,4330,1
22222605,37076,4
22223129,668,4
22223156,503,5
22223181,46,1
22223207,54,5
22223230,70,4
22223285,576,3
22223306,598,2
22223329,60,5
22223358,77,5
22223422,938,7
22223443,578,4
22223463,84,2
22226245,99,6
22227809,17186,5
22257660,49,4
22257880,51,4
22258723,10203,4
22259464,11024,7
22259474,10504,1
22260075,2943,5
22260281,1546,4
22260899,21622,3
22261443,64832,5
22261877,31,4
22263431,631,1
22264424,363,7
22265078,636,1
22266908,60,7
22267085,53,3
22267322,55,6
22268161,55,7
22268205,28822,4
22268218,28822,6
22268227,21622,1
22268233,28822,1
22268240,28823,3
22268246,28822,6
22268405,54,5
22269031,17728,4
22269060,40406,2
22269069,39952,3
22269373,22524,2
22269719,20221,5
22269968,73,3
22270788,56,1
22271195,45,1
22271890,42,2
22272404,42,2
22272825,45503,5
22272906,44,1
22273189,34283,5
22273300,508,5
22273437,58712,3
22273762,318,1
22273967,4048,1
22275004,59205,3
22275235,33363,4
22275387,48,2
22275664,1204,3
22275753,33758,3
22275971,1131,6
22276006,1335,1
22276020,46844,6
22276041,1432,5
22276078,9785,7
22276083,3656,5
22276131,3662,4
22276172,3663,1
22276200,3668,7
22276301,3672,5
22276321,50,3
22276348,3684,4
22276441,45,1
22276574,42,6
22276821,46,5
22282974,24501,6
22283145,142,6
22284011,49,2
22286188,61246,3
22286322,15714,5
22286642,41294,6
22287395,6804,2
22302313,186,4
22304967,107,4
22305220,43,6
22306986,28822,4
22307080,43,4
22307328,36022,3
22307663,328,2
22308416,258,5
22308677,279,1
22308967,40,3
22309282,35,5
22309402,40,1
22309436,328,3
22309745,35,6
22309922,408,1
22310177,43,3
22310375,35,1
22310560,39,2
22310679,156,5
22310872,36,6
22310948,157,6
22311225,34,1
22311342,142,4
22311357,34,5
22311457,33,5
22311482,34,3
22311603,636,1
22311672,35,2
22311828,35,2
22312471,632,1
22312863,39,4
22313305,33,1
22313798,33,1
22314139,32,7
22314423,636,6
22315200,480,4
22332438,62119,2
22332842,60977,4
22338100,555,5
22338770,61229,4
22339417,40233,7
22339426,39943,6
22341093,690,5
22341611,55643,4
22342481,692,2
22346764,47,3
22347825,18502,5
22347870,28822,7
22349771,40,5
22349876,631,6
22353689,316,1
22355338,271,2
22356403,15760,2
22356981,21838,2
22357061,59365,1
22357251,27214,4
22358916,86,5
22361141,29291,2
22361179,2559,4
22361221,19532,2
22362287,526,1
22365917,17535,7
22367556,53,3
22367938,64840,5
22368750,838,6
22368859,1124,4
22368904,533,5
22369347,25178,4
22371477,25,5
22371561,21418,6
22372063,5429,2
22372104,3797,7
22372761,37501,3
22373394,1222,5
22374700,20252,1
22376042,21402,2
22379785,310,3
22384328,8026,3
22384614,14932,1
22385694,37,6
22385776,35,6
22386065,34,7
22386193,36,2
22386417,33,2
22386564,31,3
22386639,36,7
22387238,2015,6
22387283,39,5
22387573,37,6
22387796,42,4
22387947,36,6
22387992,198,7
22388196,40,2
22389053,35,5
22390127,329,6
22390746,37,1
22390829,37,2
22391632,45,2
22420595,64842,5
22425839,44,4
22425998,45,2
22430712,25256,5
22435496,1449,4
22435534,3159,4
22435588,1608,5
22435645,7052,7
22435678,7260,6
22442615,966,3
22442755,64846,4
22443129,44,2
22443606,637,5
22444145,25261,6
22444346,25248,2
22444436,1251,7
22447715,2205,2
22447735,2208,5
22447824,2119,1
22447906,2068,6
22447984,2002,4
22448017,1914,2
22448065,1819,5
22448109,1760,5
22448182,206,7
22448810,11318,6
22448919,59716,6
22449133,9894,6
22449330,60,1
22450258,100,3
22450757,89,7
22451110,291,5
22452216,748,7
22456254,64833,7
22458452,22552,6
22458635,4354,1
22458643,17550,7
22458697,8537,2
22459291,139,6
22460595,1254,2
22460749,58,2
22465645,32563,7
22476215,25237,1
22485697,25038,2
22509233,60432,6
22512335,19996,2
22525810,40641,5
22525825,40152,3
22525835,38348,2
22540409,28347,2
22547308,111,3
22547732,58524,1
22547963,315,6
22548705,300,4
22549721,13906,5
22561717,38,1
22561972,94,2
22562534,56112,4
22568613,10047,1
22597754,40518,5
22597764,40419,6
22597771,39321,1
22598430,61731,4
22601616,17550,7
22601783,107,5
22601864,108,7
22601983,107,1
22602445,106,7
22602500,107,2
22615713,106,6
22615906,112,1
22616199,165,3
22616234,58888,2
22616376,30435,2
22616469,3864,1
22616723,224,6
22616970,345,6
22619379,741,1
22619531,17546,2
22619665,29346,4
22620799,172,6
22621091,131,3
22621314,64,3
22621688,165,5
22622288,86,2
22622469,86,3
22623211,64866,5
22623922,88,6
22624492,26,2
22624636,163,5
22624675,89,3
22624690,892,1
22625012,1834,1
22627997,41114,3
22629316,100,2
22629600,119,4
22629626,1839,3
22630181,26,7
22630886,20124,7
22631507,2133,1
22632489,66,7
22632648,107,7
22632844,122,1
22633133,13626,1
22648234,37,7
22649378,333,5
22649765,328,1
22650132,328,1
22651417,288,2
22651619,67,3
22651688,328,2
22652098,274,6
22652379,328,2
22652870,328,7
22653280,331,7
22653907,333,2
22654367,330,1
22654701,43,2
22654724,176,7
22654931,328,1
22655694,125,7
22655805,333,5
22656267,329,5
22656726,201,1
22656924,49,5
22657891,44,3
22657913,3190,7
22658297,41,5
22658368,89,6
22658483,61,2
22658542,58,4
22659755,37,4
22660029,41,7
22686102,39698,7
22686228,40344,3
22691304,61618,7
22693478,56726,4
22693608,60993,6
22694419,17556,2
22694579,27919,7
22697597,34830,3
22699703,353,4
22699805,26672,4
22700265,423,3
22701484,25543,3
22701809,467,7
22701908,36,5
22702065,454,5
22702895,43,1
22703613,46459,7
22703626,39,2
22706203,115,5
22708131,38,7
22708216,36,5
22708461,88,5
22709136,74,6
22709336,85,4
22709430,58,3
22709620,86,7
22709864,74,3
22709980,24338,5
22710035,138,4
22710823,135,5
22711369,134,5
22711647,31,3
22711958,54,6
22712094,376,6
22712497,111,2
22712539,167,3
22712557,55703,5
22714352,38,1
22714580,37,2
22714653,17466,7
22714661,48,1
22716015,80,1
22716220,36,1
22716298,57,7
22717256,49,6
22717810,79,3
22717896,77,7
22718006,34,2
22718054,70,6
22718730,134,1
22718971,129,3
22719051,37,5
22721138,33664,6
22723166,10117,1
22726053,333,1
22726751,39978,5
22727216,52673,5
22727942,333,5
22728310,333,6
22729122,329,5
22729439,195,6
22729663,42,5
22729791,42,7
22729882,38,4
22730664,40,7
22731136,1413,5
22733012,20770,1
22733029,8072,1
22733418,69,2
22733484,6560,3
22734626,1608,5
22735477,64836,6
22753756,62822,2
22767016,20638,5
22771047,40569,1
22773192,883,2
22774063,160,6
22774735,1111,2
22774906,1674,4
22774966,1928,7
22775013,1953,6
22776226,64838,6
22777664,18196,4
22778671,631,5
22779466,208,4
22782526,9547,1
22782588,25833,4
22782894,44,5
22783128,44,2
22783230,79,6
22783304,9820,7
22783921,37,5
22784641,42,3
22784860,37,1
22785044,37,6
22785189,35,1
22785291,70,1
22785527,84,1
22785713,144,2
22786141,3966,2
22786277,205,5
22787826,480,7
22787912,64845,3
22790735,21712,6
22794738,205,4
22795273,2132,1
22796146,16780,6
22796358,25,4
22796633,40330,3
22796797,26,1
22796899,26,4
22797338,26,6
22797730,525,3
22797824,61233,7
22797952,66,4
22798121,53,4
22798144,68,6
22798179,65,3
22799533,27,6
22799644,384,5
22800067,29,1
22800085,1271,5
22800092,2865,2
22800099,2069,7
22800104,2058,7
22800258,27,4
22800263,10832,6
22800403,37,5
22800560,67,4
22800670,37,1
22801044,36,2
22801097,39,2
22801411,35,7
22801427,58,3
22801646,26,4
22802092,26,1
22802167,25,4
22802990,620,5
22803275,18213,4
22803797,129,4
22803801,1364,1
22805126,27952,6
22808815,4235,6
22812847,28,1
22812922,25,1
22813017,6891,7
22813037,28,2
22813563,25,5
22813944,25,5
22814012,25,5
22814083,25,7
22814146,25,1
22814221,25,6
22814279,25,4
22814343,25,2
22816801,64832,4
22826933,297,3
22829356,56647,3
22859153,40573,7
22859163,40153,3
22866452,82,2
22866535,64829,5
22866785,252,3
22869240,24511,1
22870650,28702,5
22870968,127,2
22871255,28928,3
22871304,136,2
22871572,575,1
22871683,28438,5
22872285,3123,3
22872318,348,3
22873228,18209,5
22873271,393,3
22874168,9796,3
22874226,375,2
22878716,785,2
22880971,308,7
22881151,43,4
22881995,60999,1
22882089,61537,3
22882774,34,5
22882913,40,2
22883239,46,4
22883242,52,6
22883245,30,5
22884081,35,3
22884362,13194,1
22884658,43,7
22884766,45,5
22884780,109,7
22884849,45,5
22884931,36,6
22885247,36,6
22885837,43,1
22886133,36,3
22886234,36,6
22886671,44,3
22886673,28,6
22886676,28,5
22886678,61,2
22886681,64,5
22886912,41,6
22886948,291,7
22887117,41,7
22887122,37,5
22887128,110,4
22887133,114,5
22887138,118,7
22887925,26,2
22887927,24,1
22887930,26,3
22887932,24,7
22887934,26,1
22888134,587,2
22890899,354,5
22890996,14447,3
22891128,14445,2
22891409,97,7
22891554,1837,3
22893702,48,3
22894754,3013,5
22895301,85,7
22895639,52410,3
22895710,44,5
22895933,61,5
22896076,61,6
22896241,92,5
22896468,37,6
22896740,39,4
22898027,38,5
22898810,43,1
22898989,41,2
22899095,43,7
22899966,38,7
22899982,64838,1
22900066,37,5
22900178,10233,5
22900357,37,3
22903361,46437,1
22903820,8857,4
22907669,26,4
22907775,25,4
22907912,25,1
22908078,25,2
22908167,26,2
22908267,26,1
22908332,25,4
22925024,16373,6
22942472,64831,5
22944964,309,6
22949327,40911,1
22949338,40624,6
22953230,141,1
22953429,28847,6
22953504,45,5
22953678,28849,1
22954051,136,7
22954790,58539,1
22954790,64838,1
22956976,45033,2
22959914,28827,1
22960593,9801,7
22961537,44,3
22961810,4238,1
22963347,124,2
22964104,126,7
22964450,124,2
22966825,4668,2
22966948,13182,6
22967103,43,2
22967109,86,6
22967369,41,1
22967375,86,7
22967380,142,2
22967386,244,4
22968158,26432,5
22968162,26225,7
22968166,994,3
22968169,948,5
22968173,824,7
22968177,727,3
22968181,559,3
22968185,431,6
22968189,343,3
22968193,244,1
22968197,147,1
22968200,85,2
22968204,41,4
22970172,44,1
22975616,903,6
22980048,2337,7
22980642,64845,7
22986168,16301,4
22993385,460,5
22993460,453,2
22994745,223,2
22995456,229,6
22995512,5116,1
22996061,232,6
22996891,230,1
22998570,56638,6
23025052,61626,6
23032437,5117,2
23035149,64525,5
23045824,54643,5
23046990,58627,3
23047384,40923,1
23047399,40517,7
23054846,1230,6
23056268,698,7
23056467,6595,6
23057024,425,1
23058961,52,5
23059274,46,5
23059415,44,4
23059668,42,1
23059801,39,7
23059972,44,3
23065527,30752,3
23086617,51,3
23102969,60993,7
23118321,19677,2
23122020,58964,4
23131990,24434,1
23132167,24777,3
23132297,24994,7
23134171,111,5
23134275,10244,3
23137405,41077,6
23137413,41017,7
23137686,7276,4
23141110,539,3
23142982,3360,3
23156277,52055,5
23157769,4195,4
23161707,9856,6
23163136,10236,5
23187793,61691,2
23197038,169,4
23197877,43245,6
23199037,60443,5
23201874,42,3
23201970,63935,7
23206433,56660,1
23209595,1459,7
23209612,64834,6
23209676,7735,5
23209701,3635,7
23210760,3782,4
23210801,3604,2
23210950,17825,4
23211913,1274,3
23213175,797,4
23214470,4231,2
23215112,24,1
23215547,687,3
23216003,23,1
23216175,24,7
23217573,1212,2
23218924,20719,1
23219213,49013,2
23219574,20684,6
23222041,237,5
23223523,39,2
23223911,1451,6
23226112,1449,5
23227501,690,6
23230289,676,2
23231020,32428,5
23232229,188,7
23232550,686,1
23236585,463,1
23237107,507,6
23237139,182,2
23237736,191,2
23238440,905,7
23238781,44,4
23238965,26,5
23239237,933,7
23239311,176,3
23240228,33,2
23240521,34,1
23240984,38,2
23241592,620,3
23241814,7571,7
23242276,34,7
23242466,51,4
23242522,139,3
23244045,46150,2
23249614,39,1
23250556,176,5
23252349,174,6
23252695,172,7
23253031,217,3
23253306,172,5
23254350,216,7
23255615,65,7
23255843,24,4
23255948,24,7
23256012,24,3
23256148,24,5
23256679,24,4
23257275,123,5
23258029,46415,3
23258620,18274,3
23261861,14455,3
23289361,14666,3
23291523,50,1
23293719,46836,6
23294545,615,3
23295102,33293,1
23295561,7564,6
23296360,667,3
23297113,614,7
23298347,109,4
23298620,109,6
23299022,1854,5
23299076,113,6
23299133,622,7
23299809,677,1
23300553,112,7
23300633,25877,6
23301117,1537,7
23301498,5608,6
23302011,46,4
23302196,46312,4
23302238,972,1
23302447,24,7
23302954,21655,6
23303698,60177,5
23306069,6787,1
23306256,57,1
23307000,18307,3
23307233,19103,3
23307547,9936,7
23308875,114,3
23309605,286,7
23313667,4231,4
23318834,32,6
23319342,61020,7
23320119,106,5
23320590,61646,3
23320645,1464,2
23320662,46830,3
23321044,25,2
23321142,26,7
23321962,106,4
23322557,25,5
23322629,26,7
23322785,25,1
23323161,2165,3
23323176,6231,1
23324224,13299,1
23325425,930,1
23325609,784,6
23326616,28768,5
23326725,28346,5
23326812,28493,3
23327449,105,5
23329078,113,3
23330721,111,2
23330903,106,2
23332364,26,7
23332554,24,7
23332650,24,1
23332713,25,5
23332914,25,2
23333221,310,3
23334971,61552,7
23335079,299,5
23335640,107,3
23335686,61627,7
23335723,58539,6
23335788,913,6
23336798,1118,5
23336915,2398,1
23337934,25,3
23338016,24,2
23338133,25,4
23338277,25,6
23338362,256,6
23338718,48,4
23338941,82,6
23339493,27,7
23339956,35,1
23340646,37,3
23340707,2191,2
23340878,38,1
23340955,173,3
23341958,1828,6
23343052,1073,4
23344121,3154,7
23353775,35322,4
23354221,6234,3
23374345,64822,6
23375838,2123,2
23376424,40822,7
23376432,40197,3
23376475,32,6
23378262,7267,5
23378362,11052,1
23380118,108,1
23381326,44798,3
23382862,28827,3
23382955,28828,4
23383045,28827,6
23383217,2846,6
23385981,13333,3
23386206,617,6
23386366,282,2
23386638,38,1
23387601,619,4
23389272,6240,3
23394346,600,3
23395440,39,6
23395807,40,3
23396614,35,1
23396722,35,4
23396916,35,2
23396922,99,6
23396984,34,3
23397213,36,6
23398367,614,1
23401529,26,3
23404530,31,2
23405164,30,7
23405165,33,1
23405230,34,2
23405335,47,7
23405438,47,5
23405518,36,3
23405714,58571,4
23407511,19399,7
23411693,32,1
23412623,232,6
23415110,105,3
23415276,32,4
23415664,31,7
23416192,46479,2
23417142,40,2
23417324,34,4
23418221,9881,4
23418234,41,4
23418773,39,4
23419046,36,1
23419176,35,5
23419244,35,6
23419301,39,7
23421733,58656,1
23426001,106,7
23426166,60160,4
23426424,32,6
23426436,56661,5
23432089,108,4
23432397,107,7
23455750,61,5
23455880,1168,2
23461977,61035,6
23462527,43028,6
23463186,34610,1
23463327,248,7
23464518,40692,1
23464615,40350,6
23468237,19384,5
23468271,47,5
23468397,44084,5
23469250,342,2
23470581,211,6
23471053,619,7
23471539,45,2
23471700,33,3
23471886,32,4
23471902,1176,2
23471978,32,2
23472018,225,5
23472154,32,3
23472292,32,2
23472933,46480,2
23473966,339,1
23474511,58929,6
23474947,640,4
23475286,41,4
23476813,69,3
23477177,1191,7
23478400,37,5
23478503,19615,6
23479183,375,2
23479195,39,4
23479203,3121,1
23479420,41,4
23479850,240,5
23480037,46,2
23480289,149,4
23480862,391,1
23481701,219,1
23481708,41,1
23482543,34,1
23483058,41,1
23483179,33,4
23484388,47,6
23484623,46,7
23485617,32,4
23486950,135,1
23487569,31,5
23488124,31,5
23488246,2299,5
23489602,109,5
23489860,25,5
23490662,3151,6
23492274,366,4
23492494,27,1
23493172,684,1
23493491,310,5
23493755,19398,2
23493990,61740,1
23494304,418,5
23495407,98,3
23495424,46830,2
23496178,1088,2
23496326,420,6
23497551,295,2
23501017,1447,1
23501445,415,3
23502451,19391,6
23502466,19627,7
23502888,50,6
23503689,55,4
23503963,53,7
23504025,23,5
23504147,23,7
23504532,61209,7
23504851,10837,5
23505094,418,4
23506623,57331,4
23506912,31,4
23507028,421,5
23508875,201,4
23509017,64,5
23509109,311,5
23509639,610,6
23510295,55,5
23511644,286,4
23512250,277,7
23512631,58579,4
23512840,340,6
23513570,58809,3
23514517,57,5
23544318,31,7
23544720,999,4
23550993,73,6
23551653,45,3
23552541,3026,2
23552725,34,5
23552878,135,7
23553157,46830,3
23553550,36327,3
23553690,41436,4
23553984,42,2
23554022,642,4
23554465,45066,1
23555169,25,7
23556362,24,6
23556914,55,4
23556932,32926,3
23557098,32547,1
23557956,56678,2
23558114,105,3
23559170,308,7
23559487,748,4
23559509,40963,5
23559730,5,6
23559882,1,3
23560102,307,5
23560127,351,7
23560298,152,4
23560380,617,2
23560973,59088,1
23562676,60457,6
23562678,31278,2
23562835,642,6
23563691,62285,2
23563939,1238,3
23564122,596,2
23564787,616,1
23564825,60703,2
23565695,633,6
23565816,2346,7
23565991,345,1
23566992,37,5
23567237,621,3
23567591,3349,1
23568109,607,2
23568463,60941,7
23568976,192,4
23569363,144,3
23570203,3633,2
23571080,50075,6
23571398,44,6
23571942,616,2
23572129,12930,7
23573317,64834,3
23573384,636,7
23573668,3762,5
23574771,151,7
23575162,641,6
23575207,142,3
23575209,86,1
23575212,40,2
23576117,27033,7
23576121,27402,5
23576124,1026,5
23576128,963,7
23576132,838,7
23576136,732,7
23576140,564,3
23576144,436,3
23576148,351,3
23576152,250,4
23576156,158,7
23576160,88,3
23576164,39,2
23577595,637,3
23577958,38,7
23578529,365,2
23580202,659,3
23580375,35,3
23581788,655,6
23585779,654,5
23586699,347,6
23588763,21776,5
23590549,521,2
23591086,63292,1
23591120,55877,3
23592104,7599,7
23593738,58997,5
23593929,58783,7
23595898,228,5
23596463,246,6
23596591,688,1
23596642,490,2
23596702,491,6
23596818,238,4
23597501,78,4
23597747,221,6
23598066,19248,5
23600248,333,4
23601100,2212,1
23605100,46829,3
23626914,56625,3
23637901,8370,3
23640025,25203,1
23643352,2216,6
23651758,59012,1
23653420,493,2
23653522,2364,3
23655433,61839,6
23655953,61856,7
23656706,58745,7
23656805,58650,4
23661800,228,3
23663030,59337,5
23663306,2448,4
23666975,12825,3
23667946,69,4
23668024,557,6
23669041,121,1
23669240,59,1
23669476,51,4
23669781,45,6
23669975,44,5
23670099,626,6
23672365,141,1
23672524,533,4
23673575,489,3
23674682,56969,4
23675284,2382,1
23675631,9993,3
23678541,52352,4
23678566,40079,5
23678653,46590,1
23681873,25,5
23682443,757,1
23682528,24,2
23682535,23,6
23682542,30,5
23682545,23,6
23683160,25205,2
23683228,25376,2
23684373,60416,1
23686423,63915,6
23687975,63319,7
23691952,233,2
23720753,48118,4
23727372,112,1
23727378,115,5
23727380,119,7
23727383,122,5
23727548,1312,7
23727555,826,1
23727559,2165,2
23727562,2137,7
23727751,10158,6
23728411,2591,6
23730693,47164,6
23730874,64823,1
23731015,64823,5
23732496,1496,6
23734514,46830,6
23734523,64839,3
23734640,61619,7
23736921,1755,4
23737300,7318,4
23741588,1771,7
23746205,20373,4
23746444,20606,4
23747080,180,4
23747874,32906,3
23747986,1314,1
23749899,8948,4
23749984,29215,2
23750135,818,1
23750360,96,5
23750762,311,4
23751580,148,6
23752298,14428,7
23754220,242,2
23763975,58573,6
23764164,58812,7
23769014,308,1
23769388,58612,3
23769435,114,7
23769991,58531,7
23770224,34,6
23772269,37263,6
23772609,275,1
23772750,41872,3
23772758,48088,5
23773003,62268,4
23791545,57215,5
23794870,107,7
23795336,60416,5
23796677,30,1
23796961,31,3
23803710,106,7
23805589,63317,2
23805612,63941,7
23812593,24755,5
23812715,95,3
23812867,2407,5
23812965,20354,5
23815841,6982,5
23818974,46830,4
23819585,32,7
23819709,16243,3
23819754,11688,3
23819776,21100,4
23822866,21681,7
23823847,25,7
23823902,26,1
23823952,33650,6
23825808,9991,1
23827264,18319,5
23829944,4424,4
23831085,4423,5
23832386,38349,7
23832636,27,3
23832711,26,3
23832811,41943,5
23832823,27,7
23832924,25,4
23833867,64834,6
23834209,80,5
23834808,4428,5
23836365,29,3
23836523,27,6
23836662,27,2
23837752,548,7
23838281,99,2
23838806,32,3
23838882,31,4
23839173,61654,5
23839408,58698,3
23840491,31,2
23840797,284,7
23840804,20386,1
23840832,16306,6
23840838,6968,2
23840943,56,2
23841366,118,1
23841667,56,3
23841781,116,2
23842186,118,6
23842397,116,1
23844220,25,3
23844420,24,1
23844737,25,6
23844877,2777,3
23846515,71,1
23846807,69,2
23847005,24,7
23847947,101,1
23848889,134,6
23849087,512,4
23849625,50548,7
23850036,979,1
23851609,4306,3
23851618,4308,3
23851634,4303,6
23852368,4431,6
23857787,30581,5
23858567,25,7
23858683,39,7
23859129,46584,1
23862336,107,3
23862905,107,2
23863128,57757,3
23863512,107,6
23863906,121,2
23873581,45,6
23873586,38,3
23873592,33,4
23873597,31,5
23876109,87,1
23876284,186,4
23876290,120,4
23876295,86,3
23876300,169,4
23876305,100,5
23876311,170,5
23878534,328,6
23878555,37,4
23878562,162,5
23878570,51,2
23878576,175,6
23878581,328,5
23888248,72,5
23889494,83,3
23890476,91,1
23891523,91,3
23895629,39,4
23896265,32,7
23896822,20598,1
23897184,18376,2
23897281,20388,4
23898864,262,7
23899130,31,2
23899677,31,2
23899795,4438,5
23900383,64823,5
23900856,46108,6
23902863,37303,7
23905843,24,5
23905907,51,5
23906330,108,6
23907144,127,5
23907745,56,6
23907927,55,1
23908076,60,1
23908171,111,1
23910592,56,6
23911893,17349,6
23913301,64,1
23913442,647,1
23913623,1312,3
23913907,56,3
23914042,328,3
23914063,61,5
23914075,75,7
23914239,328,5
23914276,55,1
23914748,428,7
23914763,811,1
23914847,253,4
23914854,179,6
23914860,138,5
23914871,152,2
23914984,55,1
23915148,187,1
23915342,27,4
23915435,29,6
23915516,5812,6
23916397,283,4
23917290,2366,2
23917453,286,4
23917688,57,1
23917987,287,7
23918175,247,2
23918183,65,5
23918268,20616,1
23918510,59,6
23918967,284,5
23919649,51,7
23920060,1237,2
23920944,58,2
23921074,63296,5
23921082,3622,4
23921188,107,1
23921671,57,1
23921936,56,1
23922262,285,7
23923024,57,6
23923157,57,2
23923759,284,2
23923963,48,2
23924422,303,5
23924833,58698,6
23925081,51,1
23925123,60,3
23925219,283,5
23925260,33,1
23925589,284,7
23925621,32,2
23925625,58593,4
23925711,32,4
23925864,88,1
23926058,58,5
23926137,357,1
23926169,58784,2
23926373,59,4
23926916,64840,3
23927147,59,2
23927280,27,6
23928186,1768,3
23928439,110,7
23928583,18469,2
23928634,644,6
23929024,10000,1
23929536,290,3
23930091,25,5
23930164,192,6
23930423,30,7
23930497,31,2
23930568,8367,2
23931690,30,6
23931813,63,7
23931887,212,5
23932188,97,5
23932331,105,2
23932587,285,2
23933035,283,2
23937657,113,3
23937867,69,2
23937900,70,2
23938067,107,2
23938551,151,2
23940513,152,2
23940704,68,6
23942561,12250,1
23946402,8892,2
23946554,20611,2
23946872,64829,3
23949930,178,7
23950141,237,3
23950558,61837,4
23958163,64843,4
23958510,151,2
23958684,438,3
23959128,33,2
23959446,39,7
23978326,5320,2
23983991,20366,4
23984431,37306,5
23984751,36785,6
23984804,39,1
23985620,63312,3
23987507,1201,5
23987616,204,4
23989511,32,3
23991417,288,5
23992755,74,1
23996898,12224,5
23997919,36,7
23998114,39,4
23998246,36,7
23998253,36,1
23998264,58,2
23998310,35,2
23998345,34,1
23998375,34,7
23998470,36,4
23998479,40,3
23998506,82,4
23998512,46,5
23998515,44,6
23998516,44,3
23998518,35,6
23998539,45,1
23998552,35,7
23998567,36,7
23998594,37,2
23998610,33,6
23998628,108,6
23998649,35,2
23998676,37,5
23998728,35,7
23998878,35,3
23999071,36,5
23999194,33,1
23999227,33,1
23999281,33,4
23999468,37,5
23999526,33,6
23999595,43,2
23999608,34,1
23999866,34,3
24000029,6846,1
24000122,34,5
24000141,37,3
24000329,42,6
24000476,44,4
24000480,35,4
24001201,32,5
24001433,12236,6
24001959,12231,7
24002001,70,3
24005668,16107,1
24005852,15912,3
24005867,44,4
24005923,15846,5
24006220,92,7
24006258,37,6
24006295,112,4
24006309,34,1
24006460,33,6
24006485,38,4
24006701,40,2
24006720,15040,7
24007626,24,4
24007910,3279,2
24008143,35,1
24008154,42,4
24008177,37,5
24008259,622,1
24008261,34,6
24008302,39,7
24008305,39,4
24008325,37,7
24008335,111,1
24008443,34,4
24008450,33,6
24008458,33,3
24008524,32,3
24008528,34,1
24008538,114,4
24008572,114,7
24008691,33,2
24008730,38,7
24008757,6707,4
24008908,31,3
24008965,34,1
24008991,33,5
24009086,33,4
24009164,34,6
24009202,34,6
24009232,1200,6
24009267,34,7
24009311,34,1
24009355,33,2
24009461,57,2
24009697,35,5
24009863,38,3
24009950,34,1
24010014,96,3
24010312,210,3
24011011,12233,7
24011019,85,2
24011137,81,6
24011873,39,6
24012086,34,7
24013117,8651,3
24013160,308,7
24013888,7870,1
24014011,39,7
24014403,35,5
24014522,47718,5
24014554,45,2
24014653,46,5
24014808,34,4
24014866,37,1
24014906,630,3
24014911,82,4
24014981,106,7
24015055,112,7
24015211,104,7
24015223,111,3
24015297,107,4
24015438,70,7
24015481,284,4
24015571,37,6
24015702,107,5
24015997,30,4
24016040,69,5
24016780,4967,2
24022235,456,3
24026813,17948,1
24027294,663,1
24027407,6765,5
24028106,613,4
24028274,3248,2
24036910,56018,5
24036919,46099,2
24036921,22237,2
24039713,17453,5
24040574,1360,3
24059014,193,1
24062490,39812,4
24064103,50843,3
24065013,61712,2
24065189,57541,2
24070566,18567,2
24070622,285,6
24071352,185,6
24072756,284,3
24074015,284,7
24075526,59116,7
24075615,58848,1
24075750,284,3
24077157,308,1
24077206,784,4
24078044,6755,3
24079074,61792,2
24079378,28837,3
24080261,12360,7
24083373,192,2
24084456,286,1
24084545,35,6
24085255,284,5
24085781,47616,7
24086301,2017,1
24086325,39,5
24086497,50,2
24086573,284,7
24086649,37,1
24086657,40,4
24086660,38,7
24086663,42,7
24086665,89,3
24086668,453,4
24086670,1948,7
24086673,3630,5
24087096,171,6
24087308,207,2
24087405,285,7
24087712,32,2
24087802,126,4
24087830,58,3
24088151,210,4
24088274,284,6
24088507,58,3
24088855,57,1
24089144,285,2
24089170,63,5
24089216,152,4
24089567,212,1
24089579,290,4
24089632,3499,6
24090223,108,2
24090621,489,1
24090900,106,4
24091102,3263,1
24091456,45737,6
24091458,153,4
24091626,486,1
24091640,288,6
24091729,379,1
24092646,284,1
24092791,1039,3
24093189,26,6
24093420,2838,4
24093430,494,5
24093787,10048,2
24093942,18676,1
24094443,260,5
24094969,175,5
24096129,562,7
24096437,1977,7
24096900,64,7
24097443,866,2
24099526,61034,6
24100177,57,2
24100818,3370,1
24101057,6739,1
24101124,35,6
24101443,979,5
24102436,49,6
24103370,18391,4
24103388,284,4
24103447,68,3
24104417,44916,1
24106197,3631,7
24106199,3210,7
24106202,1307,4
24106205,448,2
24106207,105,7
24106210,42,5
24106212,33,2
24106216,33,6
24106218,36,7
24106221,30,2
24109360,57,2
24109843,120,6
24109991,903,6
24110281,36,7
24110352,39359,5
24110577,50431,1
24111594,36,2
24114394,10007,7
24118251,20614,1
24125888,47872,2
24130732,32878,6
24154486,79,4
24154650,31621,1
24157321,18463,1
24157859,284,2
24158471,58997,1
24160204,138,3
24160221,58832,5
24160239,802,2
24160303,59367,5
24160352,58858,5
24161183,1106,7
24161382,52132,7
24162221,121,5
24162456,287,1
24163044,48,7
24163607,287,2
24163822,46,6
24164716,284,3
24164734,46319,3
24165181,767,2
24165657,312,3
24165926,42,1
24166432,614,1
24167034,118,2
24168905,42,5
24169362,17368,6
24169465,42,6
24169779,89,7
24169947,85,2
24170122,50,5
24171534,48,5
24171773,123,1
24171954,119,3
24172144,64847,7
24172225,208,1
24172342,28712,4
24173155,48,6
24173207,124,2
24173499,23445,1
24173597,149,5
24174711,36734,1
24175201,19266,1
24175333,297,2
24175388,50775,2
24176338,298,4
24176516,108,6
24176841,120,2
24178110,3252,2
24178240,112,7
24178396,660,3
24178871,11008,2
24179214,32,2
24179328,50410,7
24179580,12299,5
24179668,45,5
24179889,24822,4
24180139,14705,1
24180503,295,2
24181242,294,4
24181276,18633,5
24182691,64828,7
24182765,214,4
24183451,414,4
24183527,297,2
24184624,157,4
24185058,64836,6
24185471,2548,1
24185852,64828,4
24186689,47582,1
24186782,26854,3
24186875,8534,1
24187080,53492,1
24187331,53316,7
24187423,29602,7
24187672,39,1
24187776,270,7
24188268,145,7
24194093,61662,7
24199278,47,3
24205896,57155,3
24206037,2862,3
24210679,23439,1
24215594,618,1
24245217,583,2
24245424,58841,3
24246170,569,6
24246839,203,2
24247044,338,6
24248015,359,3
24248415,455,7
24249034,429,1
24249674,411,1
24250356,388,5
24251235,47730,2
24251253,63282,7
24258141,23964,7
24259195,59316,1
24259294,58805,4
24260530,32928,7
24263197,3280,3
24263381,446,3
24264152,271,3
24264269,17362,7
24264607,434,7
24265676,46,2
24265788,167,4
24266036,195,1
24266266,242,3
24266401,623,2
24266624,348,2
24267580,38,5
24267793,40,1
24268250,764,5
24272138,577,6
24272243,559,6
24272385,543,4
24272533,1488,3
24272995,24,6
24279318,31,7
24279452,37,5
24279788,133,6
24280080,136,3
24280347,133,7
24280576,3114,2
24288600,18813,5
24289182,564,5
24289507,541,4
24290529,99,2
24322551,12371,4
24323977,53132,1
24323985,51777,2
24330669,18050,6
24337608,51,3
24337692,280,4
24337990,333,6
24338009,329,5
24338025,299,4
24338269,514,6
24338299,98,7
24338311,503,7
24338627,64834,6
24341305,63312,1
24341549,4713,6
24347246,47603,2
24347571,11996,5
24347621,21765,4
24347664,58731,5
24347760,58838,5
24352004,11346,5
24355074,181,5
24355318,2783,7
24355342,341,6
24355619,46408,3
24356396,341,6
24356999,735,7
24357590,381,1
24357937,324,1
24359298,13474,6
24359432,90,5
24359511,345,5
24360587,344,7
24361173,737,2
24367696,1476,2
24368407,3043,5
24368415,3200,2
24368495,1944,1
24368497,667,5
24368500,108,4
24368503,39,7
24368505,33,5
24368508,31,5
24368510,31,5
24368513,31,6
24370131,307,1
24371676,58944,1
24380163,61650,5
24380255,56602,5
24382145,1024,5
24382511,282,5
24385305,91,5
24385833,55,2
24386075,55,6
24386370,54,7
24387622,17334,2
24387785,93,6
24388068,97,4
24388377,79,1
24388609,63,7
24388868,82,2
24389367,55,5
24389795,60,4
24390021,183,2
24390538,119,1
24390826,55,2
24391039,70,6
24391299,82,5
24391591,67,2
24411385,41512,5
24411662,47614,3
24414827,29791,4
24416780,32753,5
24417541,44,3
24420143,19495,2
24427112,27,6
24427243,25,2
24427334,17259,4
24427421,25,3
24427550,26,7
24427962,1859,2
24428183,19046,7
24429125,6439,3
24429767,166,1
24429863,78,6
24429982,178,5
24430239,1096,2
24430333,176,7
24430358,324,5
24430374,1236,6
24430465,1239,7
24432101,13036,3
24433557,37849,7
24433581,3714,4
24435365,361,3
24436067,278,5
24437660,172,7
24438281,112,1
24439198,922,4
24440933,114,3
24440972,975,6
24442603,37,3
24442756,85,7
24444076,140,3
24444088,3327,5
24444157,5050,7
24444199,37,6
24444422,132,4
24444426,43,1
24444783,121,7
24445952,307,1
24446345,951,3
24446353,63342,4
24446640,87,4
24446912,70,1
24447130,69,6
24447529,344,2
24448569,795,5
24449527,61494,6
24449663,59036,2
24449961,345,5
24451378,34,1
24455115,53031,1
24456777,56,1
24460473,8405,4
24460776,90,2
24463949,28010,7
24463962,28961,6
24464008,28173,5
24464117,28906,7
24468562,1909,7
24469093,3637,7
24469488,18323,1
24482440,34,1
24482456,31,3
24482744,76,6
24483095,33,3
24483143,36,2
24493932,8324,7
24495173,18038,1
24495179,1899,1
24495186,3879,5
24495192,6574,4
24495199,6023,3
24495205,15698,7
24501271,91,7
24501395,32663,1
24501569,51,4
24501748,50,4
24501930,107,2
24502058,353,3
24502959,5259,4
24504361,109,1
24504626,1178,2
24506941,48037,2
24507358,8728,5
24508763,67,3
24508911,465,6
24509386,25,6
24509401,359,6
24511269,12759,2
24512258,108,6
24513783,29061,4
24514036,18034,6
24514042,18031,2
24516129,38613,1
24516817,54,1
24518538,5048,6
24521622,102,5
24521659,1555,4
24523014,740,1
24523022,438,1
24523032,427,4
24523043,473,3
24523161,64828,7
24524528,455,2
24526116,307,2
24527539,58660,4
24527890,32,5
24529312,123,3
24531457,3634,7
24533506,24,2
24533684,24,5
24533883,24,7
24534079,46,4
24534348,278,1
24534767,129,6
24535933,18342,2
24543353,77,5
24544129,22381,7
24544307,355,3
24546055,17324,7
24547112,2515,7
24552293,5227,6
24554963,622,4
24554991,433,6
24555671,502,4
24555677,688,1
24555687,431,1
24555698,439,7
24557735,161,6
24558110,145,3
24558434,122,2
24558895,187,1
24559659,127,6
24560136,123,5
24560527,117,6
24560801,136,7
24562836,111,6
24563147,199,7
24563891,142,4
24564211,129,6
24564693,127,4
24575650,55,6
24577705,21636,7
24577740,23223,7
24578451,18039,5
24578474,18042,2
24578490,18044,4
24578509,18045,2
24578522,15934,3
24578545,4428,4
24586293,258,2
24587362,58677,1
24587407,285,2
24589007,300,2
24590013,2424,3
24590039,188,5
24591354,55,6
24592161,272,7
24592463,53,4
24592557,54,4
24592680,53,2
24592721,54,6
24593026,43,5
24593193,40,4
24593337,40,3
24594074,489,1
24594795,64830,1
24594805,64833,3
24594818,64833,7
24594828,64834,3
24595166,25,7
24595169,25,4
24595340,25,5
24595343,24,1
24595348,497,3
24595627,1115,5
24595718,26,4
24595722,27,5
24595798,496,3
24595861,25,3
24595864,24,3
24596522,24,1
24596524,24,5
24596860,23,7
24596864,25,1
24597044,25,7
24597047,24,4
24597196,47985,5
24597281,43,4
24597298,12945,2
24597489,741,4
24597493,984,1
24597852,25,4
24598113,24,4
24598413,26,6
24598600,31,1
24598722,30,7
24598876,25,6
24598973,30,1
24599110,28,7
24599186,26,5
24599213,25,6
24599469,322,2
24600107,41,7
24600331,53,2
24600448,17938,1
24600685,26,2
24600738,24,7
24600902,48,3
24601016,14347,6
24601025,19523,2
24601036,112,2
24601195,22982,3
24601322,76,4
24602514,284,5
24602679,554,7
24604410,557,2
24604983,203,1
24605102,18647,4
24605532,549,2
24606239,120,1
24606453,37,4
24606746,35,5
24606786,12841,2
24606826,92,2
24607233,25,1
24608079,89,4
24608115,36029,2
24609578,322,4
24612147,29,1
24612244,322,4
24615084,44821,7
24615095,44768,5
24616120,11399,5
24616416,515,6
24617146,97,7
24619793,51,7
24619946,50,1
24620951,11896,4
24621776,104,5
24623744,113,4
24624364,281,3
24625154,2779,1
24626204,24626,4
24628785,13174,5
24628858,51,2
24629728,51,1
24630283,55,2
24631553,50,5
24633618,14173,6
24636863,22777,6
24639185,61740,7
24639390,123,6
24639608,136,4
24639857,116,5
24640104,126,2
24642656,15117,4
24644774,118,3
24647392,27008,7
24648695,16315,4
24651501,11299,1
24656673,40,1
24661566,50,3
24665346,16039,2
24665355,17130,1
24666707,51981,1
24669618,24649,5
24670029,43,5
24670142,82,3
24670636,25,1
24670783,29,7
24670813,29,2
24671946,29,1
24674636,15791,6
24674872,16471,5
24674981,15555,5
24675059,40,5
24675426,39,7
24675582,36,6
24675677,33,4
24676369,327,6
24677122,860,4
24677457,24,2
24678099,156,4
24678190,24,4
24679398,236,5
24680071,234,3
24680402,243,6
24680727,243,3
24681408,243,1
24681780,15865,4
24681956,242,3
24682287,30,5
24682425,16259,4
24682564,30,7
24682660,561,4
24683014,15310,5
24683066,20121,3
24683146,25,4
24683942,556,5
24684531,30,6
24687189,30,3
24687292,30,6
24687580,29,1
24687735,40,3
24687860,30,4
24687885,243,5
24688007,49,2
24688011,24,1
24688211,24,3
24688868,29,1
24688953,31,2
24689025,32,3
24689028,115,1
24689059,18842,3
24689238,30,2
24689441,33,2
24689445,31,4
24689446,117,5
24689498,21019,6
24689511,34,5
24689572,32,5
24689577,24,4
24689600,29,2
24689630,17295,7
24689677,21040,5
24691276,32,6
24691283,444,1
24691312,43,1
24691349,662,6
24691655,22858,2
24691747,177,1
24691842,10829,6
24692302,33,3
24692356,32,5
24692430,31,1
24693738,111,2
24694107,115,5
24696775,329,7
24696912,56720,7
24696924,541,1
24697078,195,5
24697582,45,5
24697589,4833,1
24698057,14353,3
24698684,13522,5
24699441,32,3
24699555,41,6
24699775,39,3
24700270,39,2
24700516,39,7
24700921,54,6
24701113,358,3
24702581,41,3
24703471,40,6
24703801,257,3
24704418,8486,1
24704774,10830,3
24705544,64835,6
24711043,377,3
24717102,64831,7
24717323,6852,6
24717594,193,5
24717842,94,7
24717955,6289,2
24718398,1260,2
24718806,1234,5
24719236,771,1
24723944,29685,6
24724735,18412,1
24725190,9060,7
24726520,17041,6
24728583,42030,2
24728591,44315,1
24728601,47984,1
24728817,49114,6
24731224,14884,4
24732768,31,1
24732822,33,2
24732857,33,3
24732975,34,6
24733138,33,5
24733197,108,5
24733219,38,7
24737209,34,4
24737218,33,3
24737393,34,2
24737403,34,3
24737412,34,5
24740256,14131,5
24752154,15739,2
24753157,1166,4
24754801,1202,2
24756308,1196,3
24757701,2521,2
24758262,27685,1
24759843,64831,2
24760974,25363,6
24762481,12172,5
24763090,11495,7
24765641,21066,7
24766193,40,3
24766690,32,6
24766899,308,5
24767788,30,1
24767928,62010,6
24769288,33,4
24770099,33,1
24770371,33,4
24770517,32,3
24770718,217,2
24770740,65,3
24771148,177,1
24771339,84,3
24771473,70,6
24771552,195,6
24771989,119,3
24773184,55,4
24774859,47,4
24774951,21217,3
24775044,8950,1
24775133,5872,5
24775598,8968,1
24775731,3716,3
24775766,3705,5
24775788,3707,1
24775806,3707,7
24775894,76,7
24776670,17006,6
24777681,227,4
24778148,34,7
24779680,9183,2
24780774,1409,7
24780864,267,2
24782422,24450,7
24783423,289,2
24784886,70,7
24786083,274,6
24787116,64550,7
24787532,76,4
24788399,240,3
24788424,32,7
24788551,4231,5
24789783,36,6
24790113,126,2
24790392,33,5
24790640,41485,1
24790816,42592,5
24791008,41731,1
24791088,43308,1
24792708,208,3
24792720,9105,5
24792989,34,5
24793268,42,6
24793270,649,4
24794878,91,7
24809721,136,7
24809895,380,3
24810429,12968,6
24811072,428,7
24811273,405,5
24811901,210,2
24812600,206,2
24812916,191,1
24812993,40952,1
24813129,391,4
24816766,17044,6
24817798,33615,3
24818097,54542,3
24819464,12745,5
24828194,17312,2
24834485,7020,1
24835717,6555,4
24842349,6886,7
24843539,8858,4
24843867,9432,6
24844832,45,5
24844877,46,1
24844964,45,6
24845410,45,1
24845422,45,5
24845439,29,1
24846026,44,7
24847376,45,7
24847468,28,2
24847531,46,7
24847568,44,2
24847719,28,2
24847771,29,4
24847817,29,6
24847851,45,2
24847870,44,1
24848030,44,1
24848039,45,6
24848571,185,5
24848804,55,1
24849087,44,3
24849340,44,7
24850608,62,5
24850828,50,3
24851142,392,5
24851805,211,6
24852155,69,4
24852690,25021,3
24854138,64586,1
24856204,43864,1
24856421,77,2
24856611,307,5
24856627,1309,7
24857094,59016,3
24858867,5379,3
24859502,124,2
24862799,120,3
24862963,109,2
24863159,108,7
24863346,113,3
24863545,109,3
24863713,108,1
24863908,109,3
24863959,411,7
24864097,110,2
24864330,221,5
24864936,3053,7
24865002,405,3
24865017,10031,3
24865153,661,3
24865325,177,6
24868062,111,3
24868626,120,6
24868801,124,6
24868968,121,7
24869178,112,5
24869984,13817,2
24875420,12854,1
24876698,111,5
24886265,10702,1
24888313,2410,5
24889298,10053,4
24890457,659,5
24890523,1629,6
24890591,1608,6
24896566,24915,4
24897700,50038,3
24897737,9440,2
24899362,3412,7
24900169,12844,5
24906404,17348,1
24908021,12754,2
24916443,11547,2
24921878,17406,3
24928517,11804,6
24931040,646,7
24931045,766,3
24936112,7049,4
24941159,18033,2
24947906,586,1
24948374,17254,1
24948829,63,6
24948986,604,7
24949963,3633,3
24950469,341,4
24951330,340,4
24951564,418,5
24952077,796,7
24952899,1398,4
24953824,55,6
24953911,212,7
24953930,35,6
24953969,224,5
24954129,511,6
24954414,705,6
24954509,1069,6
24954843,3833,5
24955083,56,3
24955328,46,3
24955504,273,7
24955934,352,7
24959000,231,6
24959865,133,1
24960164,79,4
24962212,201,3
24962540,193,6
24963391,115,3
24963645,79,6
24964116,506,7
24965108,501,4
24965801,194,7
24966166,201,4
24966265,974,4
24966428,16992,4
24966439,18053,5
24966658,231,5
24967024,99,5
24967039,102,1
24967626,18040,2
24967639,16676,6
24967993,345,7
24969122,13658,5
24975110,29620,5
24975285,637,1
24975287,674,5
24975292,637,6
24975299,636,1
24975307,318,1
24975314,52,1
24975323,50,6
24975331,52,3
24975339,49,3
24975346,66,2
24975353,72,4
24975361,68,4
24975368,63,5
24975376,94,3
24975383,92,5
24975393,90,2
24975401,87,3
24975408,126,1
24975415,125,3
24975423,124,7
24975430,115,7
24975440,169,6
24975447,169,2
24975455,164,3
24975462,158,3
24975469,568,1
24975477,586,4
24975485,282,6
24975492,214,4
24975501,1,1
24975509,643,2
24975517,565,5
24975524,276,3
24975531,53,5
24975539,53,4
24975547,56,3
24975554,50,7
24975565,68,1
24975572,69,2
24975580,67,1
24975588,64,5
24975595,91,7
24975604,91,7
24975612,90,2
24975621,86,4
24975628,126,1
24975636,126,2
24975643,125,6
24975652,118,1
24975660,171,7
24975669,168,7
24975678,165,6
24975690,161,7
24975701,475,6
24975709,521,4
24975720,269,1
24975728,214,6
24975738,665,3
24975747,640,2
24975754,584,3
24975762,357,6
24975770,51,6
24975779,59,4
24975787,56,5
24975802,49,3
24975809,68,5
24975818,72,1
24975825,68,2
24975832,69,1
24975840,94,2
24975849,92,7
24975856,89,4
24975867,87,4
24975874,124,4
24975881,123,1
24975889,124,6
24975896,121,6
24975904,168,6
24975912,187,2
24975923,164,4
24975930,156,1
24975938,545,7
24975945,526,7
24975952,297,6
24975960,214,7
24975967,640,7
24975977,639,4
24975984,1,6
24975996,293,4
24976003,52,7
24976011,53,3
24976019,52,6
24976027,48,7
24976039,68,3
24976046,67,4
24976053,66,7
24976061,63,7
24976063,145,2
24976068,91,2
24976076,91,6
24976083,89,5
24976092,84,1
24976102,123,2
24976104,194,2
24976109,125,2
24976117,121,6
24976124,118,6
24976131,167,4
24976139,186,3
24976148,170,4
24976156,165,5
24976166,505,2
24976175,525,1
24976183,235,1
24976190,210,4
24976197,641,5
24976205,638,2
24976213,612,2
24976223,275,7
24976231,51,1
24976238,52,3
24976245,51,2
24976253,49,1
24976260,67,3
24976268,72,4
24976276,71,1
24976283,63,1
24976294,95,5
24976301,91,2
24976309,96,3
24976317,86,3
24976325,128,1
24976333,125,7
24976344,122,7
24976351,116,5
24976359,168,4
24976367,172,7
24976374,171,6
24976384,157,2
24976391,493,7
24976402,496,5
24976410,224,2
24976417,214,4
24976425,638,1
24976434,639,4
24976444,562,1
24976452,288,3
24976465,55,1
24976474,53,4
24976482,51,6
24976490,52,3
24976498,67,4
24976507,69,4
24976516,68,6
24976528,63,1
24976536,94,3
24976545,93,6
24976553,92,5
24976562,84,2
24976571,123,5
24976580,124,2
24976593,126,4
24976601,117,4
24976609,171,7
24976618,176,4
24976627,164,5
24976635,162,4
24976646,575,3
24976653,545,3
24976661,284,2
24976670,215,4
24976677,645,5
24976685,643,1
24976693,577,2
24976704,277,7
24976711,56,6
24976719,56,7
24976727,54,5
24976734,49,1
24976745,71,1
24976753,69,5
24976765,67,5
24976772,63,2
24976780,96,7
24976787,91,4
24976795,90,4
24976802,85,7
24976811,124,7
24976821,124,6
24976830,121,4
24976837,118,5
24976844,168,5
24976852,169,4
24976859,166,4
24976866,156,3
24976875,552,3
24976877,595,2
24976882,538,6
24976884,720,7
24976894,222,3
24976901,209,2
24977482,316,2
24978479,14468,5
24988935,42,3
24988998,37,4
24990975,62644,4
25001911,871,3
25004340,874,4
25007645,25650,5
25007679,18423,1
25012539,56872,1
25018828,96,5
25019556,43,2
25020669,14763,5
25023959,61901,5
25024580,43036,3
25024588,45648,6
25026197,343,6
25026754,74,6
25027060,407,1
25028296,980,3
25028662,199,7
25029336,488,3
25032006,2600,3
25032046,14968,6
25032397,26,7
25032679,25,3
25033026,5833,2
25033031,6336,7
25033033,6008,7
25033039,6400,6
25033043,5883,4
25033048,6503,3
25033050,5652,3
25033055,6410,3
25033057,5591,4
25033062,6518,7
25033066,5984,1
25033072,514,4
25033074,5954,6
25033116,26,6
25033412,24,6
25034079,25420,5
25036614,35,7
25036711,28,4
25040008,13960,3
25040017,497,1
25041129,40,5
25041207,32,3
25041830,26890,3
25043794,33,6
25045232,39,1
25045763,7813,1
25046438,582,7
25047163,103,4
25047280,4827,6
25048149,34771,3
25048410,1997,5
25049019,709,2
25049422,5911,7
25049772,47,5
25049935,199,4
25050872,205,3
25051915,36028,3
25055840,13371,2
25055949,1851,5
25056548,1603,3
25056957,14287,6
25057620,15905,5
25062205,40,5
25063222,38577,7
25066632,32,3
25067254,6523,4
25076487,16764,6
25092133,18034,4
25093961,17713,2
25106777,61056,2
25107459,14436,4
25107817,62,7
25107988,56,7
25108150,614,5
25109122,624,3
25110011,384,2
25110189,23683,7
25110813,16704,7
25110965,108,2
25111456,42688,3
25111478,45358,2
25112034,15429,1
25116188,31699,2
25116201,26148,4
25116236,2357,7
25117403,25,5
25117620,25,5
25117658,6707,5
25118184,32,6
25118232,8526,4
25118538,30,6
25118558,7642,7
25120600,17499,2
25121276,28,1
25121302,34,1
25122034,8953,5
25123250,37,5
25126719,38,3
25126981,49817,2
25129437,40,1
25132829,30,6
25133374,30,7
25133795,249,2
25134008,85,4
25134009,29,2
25134647,84,3
25134821,84,6
25134892,31,2
25135032,85,4
25135037,110,5
25135822,56,3
25136165,383,3
25136455,34,2
25136533,293,6
25136703,32,6
25136738,23545,4
25136821,77,2
25136860,2608,4
25136962,33,6
25137381,32,6
25137487,99,5
25138391,103,1
25139523,77,4
25139680,15360,4
25139785,7617,5
25141148,2663,6
25141952,33,1
25143351,32,2
25143679,2726,5
25143904,2735,7
25144461,316,4
25144550,79,1
25146320,15177,4
25146499,2763,3
25146866,112,4
25147049,2722,5
25148184,2356,1
25149319,2775,2
25151578,18057,6
25161375,18064,1
25163819,17853,3
25185294,2742,7
25185335,2748,6
25185609,84,3
25189153,2748,4
25189166,23532,5
25189211,2770,7
25189477,894,4
25192103,2730,5
25192487,356,2
25193896,371,4
25194414,553,7
25195030,294,2
25196275,282,2
25196638,56,2
25196946,31,2
25197136,393,1
25197399,25,6
25197486,240,3
25197540,25,6
25197598,384,5
25198165,36085,3
25198176,36098,3
25198703,18037,5
25198710,17525,7
25199103,64833,5
25199159,61231,7
25199222,61236,5
25199270,61230,6
25200299,28557,5
25201497,27,1
25201879,17473,7
25203481,7696,1
25204334,115,1
25208773,28,2
25211989,1111,7
25212327,19540,4
25214906,1106,1
25216746,10192,2
25216891,40,6
25217384,14937,7
25217513,1253,7
25217526,1252,5
25218299,182,4
25219347,107,4
25219507,106,4
25220099,35,3
25220275,105,6
25220730,28,3
25220903,39,5
25220917,27714,5
25222005,62,1
25222502,221,4
25222865,2366,7
25222891,122,1
25223426,221,5
25223497,1196,5
25223564,1338,1
25223616,1332,2
25223654,1338,1
25224080,1158,1
25224419,546,2
25224626,377,5
25225742,785,6
25225791,432,5
25227397,14896,5
25227629,17673,4
25229672,53,5
25231887,619,7
25237848,50,3
25238218,106,7
25238292,16580,6
25238499,39,2
25238797,32443,4
25241308,122,1
25241397,3042,6
25241482,12805,7
25242243,73,1
25242443,71,3
25242715,31684,6
25242841,103,2
25243460,1850,7
25246063,24,7
25246156,51,5
25246376,51,7
25246735,24,6
25246883,27,3
25247092,24,1
25247993,23,1
25248344,24,5
25248908,24,6
25249103,24,4
25249338,83,2
25249352,148,1
25249367,120,7
25249399,38,7
25249406,95,2
25249414,39,4
25249457,31,7
25249465,31,5
25249474,31,2
25249495,31,1
25249508,29,5
25249520,31,6
25249638,31,7
25249640,284,3
25249641,97,7
25249677,33,3
25249681,33,5
25249682,33,3
25252326,16690,1
25254758,18034,6
25268031,6300,5
25271493,309,2
25272488,58771,7
25272578,302,6
25272616,15081,2
25273016,63270,3
25275609,170,4
25276039,410,3
25277410,416,6
25278057,51,5
25278344,53,7
25278532,51,7
25278795,54,4
25278810,418,5
25279312,44,6
25279624,739,4
25279899,42,7
25280079,70,3
25280255,502,5
25280421,71,1
25284724,155,4
25285125,1147,2
25285391,24,1
25285542,24,6
25286264,23,4
25286371,25,5
25286504,26,6
25286669,27,5
25286948,27,5
25287270,7689,4
25288059,26,5
25288111,4535,4
25288417,27,5
25288657,23,6
25288980,25,4
25289401,64855,5
25289422,25,4
25290078,27,4
25290344,7695,4
25290806,72,6
25290878,28,7
25290889,23,2
25290998,34,5
25291014,25,4
25291415,27263,7
25292078,27,2
25292739,52,4
25294198,32,7
25295360,24661,3
25295529,31,2
25296095,31,5
25296294,31,6
25296325,1469,6
25297710,35,3
25299406,29,3
25300320,1544,4
25301301,28,6
25301959,30,3
25302381,24,7
25302515,49,1
25302790,37,2
25302859,28,6
25303135,293,4
25303350,283,3
25303609,292,3
25304549,43277,3
25304559,45743,6
25304726,294,1
25304921,705,2
25304973,57,7
25305145,292,2
25305520,292,5
25306225,25,7
25306368,24,3
25306647,514,2
25306688,25,5
25306893,24,1
25306941,294,7
25307440,292,1
25307915,977,6
25308023,53257,4
25308118,24,4
25308305,51,4
25308491,31,1
25308893,7694,3
25309265,292,2
25309473,33,2
25309500,84,6
25309621,31,7
25309637,293,5
25309774,31,1
25309973,13534,4
25310028,50,3
25310050,77,6
25310113,293,6
25310187,76,4
25310237,2029,5
25310646,292,3
25310735,36,6
25311033,30,4
25311656,491,6
25311661,46221,3
25311853,55,1
25312355,10833,4
25312981,953,3
25313526,46,1
25313715,39,2
25313819,39,5
25313998,43,5
25314283,38,1
25314409,42,6
25314602,40,1
25314652,49,5
25314806,43,2
25315189,50,2
25315192,92,1
25315248,61,5
25316442,64,7
25317221,18036,5
25321980,18684,1
25328510,45,5
25329644,53,3
25331057,18037,2
25331573,46,3
25336420,18036,1
25348929,18717,7
25365376,17717,5
25367708,4791,7
25368598,1078,3
25370426,60,5
25371516,13167,6
25372381,299,3
25374635,8923,3
25375523,43796,5
25375744,23,3
25376461,30,3
25376667,23,7
25378398,52,3
25379918,7140,4
25380025,688,5
25382304,1020,1
25382344,1038,7
25383521,37,7
25383625,32,7
25384243,43227,7
25384249,43230,4
25385002,34,2
25385175,32,2
25385332,32,6
25385925,58,6
25387490,16815,2
25387508,39,3
25387995,69,4
25388098,1008,6
25388235,1004,5
25388591,684,3
25389579,86,7
25390334,27698,7
25391042,450,4
25391940,33,6
25392101,632,3
25392288,14100,6
25392298,13801,2
25392327,86,1
25392330,1045,2
25392378,45836,3
25392440,28862,7
25392449,28856,1
25392543,19840,5
25393551,985,4
25393788,340,3
25394094,969,6
25394215,453,6
25394706,189,3
25394963,298,1
25396918,2540,4
25398049,48850,6
25398773,9261,1
25400157,6827,7
25400441,7331,6
25401288,466,2
25402300,469,3
25403082,460,1
25406361,26160,1
25406446,32435,2
25412559,17113,7
25415871,1192,1
25418322,332,5
25418324,334,1
25420523,328,3
25420687,67,2
25420809,74,6
25420894,332,1
25420999,333,5
25421272,335,6
25421284,333,2
25421552,85,7
25421620,1246,3
25421700,1240,1
25427545,61759,4
25428848,311,6
25429166,293,4
25429446,56649,7
25445795,10540,4
25445824,10179,7
25462081,5045,7
25462304,350,3
25462411,9326,1
25462827,633,5
25464141,67,2
25465103,66,7
25465481,64,7
25465923,45,3
25466042,66,5
25466323,71,4
25466452,66,6
25466697,221,3
25466813,66,7
25466850,67,6
25466864,333,3
25466867,334,6
25467147,92,5
25467163,45,6
25467169,236,6
25467616,1529,1
25467803,43,1
25467915,45,7
25467926,46,7
25467928,40,2
25467936,53,7
25467939,57,3
25467945,68,2
25467947,71,4
25468960,332,3
25468962,42,7
25469299,40,2
25469315,148,5
25469486,248,1
25469747,123,7
25469924,56,3
25469931,57,2
25472328,43,2
25476067,40,6
25476887,59,4
25477020,954,3
25477165,57,1
25477198,446,3
25477358,81,5
25477509,290,4
25477539,60,3
25477555,57,4
25477691,58,7
25477854,9235,4
25477917,43,3
25478165,214,3
25478220,41,2
25478563,40,4
25479648,1521,7
25479750,445,2
25479804,43,7
25479837,526,7
25479930,355,5
25480256,45,5
25480282,74,6
25480304,69,3
25480311,53,7
25480483,40,4
25480805,41,3
25480820,39,4
25480847,225,2
25480850,109,2
25480851,48,3
25480855,54,3
25480859,69,2
25481293,1871,7
25481322,868,1
25481371,864,2
25481391,45,2
25481732,3473,1
25481840,1793,6
25482036,39,4
25483732,42,4
25488991,106,7
25489536,19280,1
25492428,45656,4
25492709,44142,5
25493195,19220,6
25496507,3481,4
25496540,455,5
25496559,858,1
25496563,1054,4
25497418,19420,4
25497691,213,7
25497781,318,7
25498027,8427,5
25501244,151,7
25504432,48747,3
25505426,43353,7
25505434,46072,3
25512010,25648,4
25517279,6492,2
25525719,5999,4
25532943,140,5
25533116,139,3
25533293,142,4
25533464,135,1
25533633,133,7
25533800,139,4
25533966,142,1
25534140,136,3
25534309,136,1
25534474,137,2
25534643,128,7
25534788,59643,4
25534801,126,3
25534955,132,4
25535112,129,1
25535263,130,2
25535415,127,3
25535553,131,7
25535711,130,7
25535846,130,7
25536004,128,3
25536142,126,6
25536297,132,2
25536435,126,3
25537620,27673,3
25542693,8653,4
25542700,8015,3
25542967,16140,6
25549265,16322,5
25550822,71,4
25551185,7563,3
25552068,340,7
25553108,896,2
25553652,41,5
25554163,10163,2
25555775,44268,6
25555782,46446,5
25558351,133,2
25559148,32,6
25559156,39,1
25559202,32,7
25559211,31,4
25559226,32,5
25559291,32,5
25562257,36,4
25562825,40,4
25563182,13259,5
25564974,4788,1
25571530,9512,4
25581479,45848,4
25581580,45,3
25581605,51,7
25581660,64,1
25581685,112,5
25582332,42,7
25582351,17434,1
25584360,45031,4
25584403,45538,7
25588231,16559,1
25589112,4336,2
25593695,59,7
25594401,62,7
25596174,55,2
25596280,69,3
25596419,55,6
25596524,68,7
25596662,55,2
25596770,64,4
25596877,82,2
25597012,76,2
25597147,55,6
25597252,69,6
25597378,56,2
25597483,80,6
25597618,64,5
25597758,59,2
25597862,72,3
25597998,55,6
25598103,78,5
25598209,105,7
25598345,91,3
25598481,74,3
25598585,96,7
25598722,80,6
25598827,64,6
25598972,60,2
25599098,64,6
25599218,66,3
25599334,65,7
25599439,78,2
25599577,56,3
25599716,58,5
25599824,58,4
25599928,80,4
25600035,7271,2
25601630,50,6
25601806,39,6
25602040,48,2
25602613,38,5
25602643,37,2
25602708,112,2
25602767,109,4
25602818,15270,3
25602928,108,5
25603084,52,6
25603196,51,5
25603278,50,1
25606383,37,2
25606555,830,5
25607373,67,5
25607421,55,2
25607479,86,5
25607555,78,4
25607615,71,6
25607661,99,1
25607719,82,2
25607797,84,7
25607859,80,7
25607901,65,5
25607964,94,2
25608035,82,5
25608102,71,5
25608140,103,5
25608207,93,7
25608275,89,3
25608346,75,4
25608412,66,6
25608451,95,2
25608517,83,1
25608590,72,1
25608656,62,3
25608694,97,4
25608762,76,5
25608830,70,5
25608902,62,1
25608944,85,4
25609008,69,5
25609082,66,3
25609146,60,6
25609186,90,1
25609252,76,1
25609321,66,5
25609387,66,4
25609428,88,2
25609493,80,1
25609563,67,4
25609629,60,5
25609670,88,6
25609735,83,5
25609805,69,3
25609870,60,3
25609912,85,2
25609975,79,5
25610048,69,5
25610110,57,2
25613868,57,6
25613906,59,1
25615969,55,6
25615987,56,1
25616075,63,6
25616180,80,7
25616315,67,3
25616450,55,3
25616555,69,1
25616652,15692,7
25616690,56,5
25617618,27291,4
25623708,81,7
25623958,54,4
25624112,360,6
25624532,1227,4
25625167,1108,7
25625186,1122,3
25625278,762,5
25626297,13399,5
25628328,949,3
25629331,61,5
25629862,16852,7
25630739,695,4
25630788,1035,3
25630809,1033,3
25631249,8337,2
25632328,43873,2
25632944,10741,1
25633276,58670,1
25633832,36086,2
25633927,36168,1
25634199,7947,7
25640215,4129,6
25640470,31,5
25641131,132,5
25641510,122,2
25642475,33,7
25642656,157,4
25642677,171,7
25642752,32,1
25642834,286,5
25642851,197,2
25643491,1412,3
25644457,4031,5
25644533,18155,5
25645727,22,4
25645959,74,1
25646078,23,6
25646377,24,3
25646433,65,4
25646455,24,3
25646782,37,2
25646942,24,7
25647070,23,7
25647198,23,4
25647294,645,1
25648111,94,3
25648234,976,4
25649017,89,1
25649194,112,3
25649378,93,6
25649569,103,5
25649873,654,4
25650025,1304,1
25650031,371,3
25650120,981,5
25650961,12133,4
25651184,339,2
25651464,3473,5
25651814,12091,2
25651934,340,2
25651948,200,5
25651948,232,6
25652161,27712,5
25652429,938,7
25652492,30,5
25652584,48645,6
25652819,540,7
25653284,19536,5
25653394,41,5
25653586,38,3
25653943,951,6
25654488,4192,2
25655733,913,5
25656082,136,5
25656273,1832,6
25656586,46288,3
25656756,64822,3
25667876,94,3
25668153,105,6
25671353,40,6
25727931,6172,6
25729936,29,1
25735730,33,1
25735754,44,1
25737173,134,3
25739744,1915,3
25742611,2946,3
25743695,18035,1
25745131,49,4
25747249,43,4
25747589,7258,6
25747719,26,2
25748187,25,1
25749821,32,6
25750114,34,7
25750271,986,7
25751324,32,5
25752661,25,6
25753620,26,1
25754202,26,3
25754271,26,6
25754517,30,2
25755743,165,6
25758487,25,7
25762626,32,2
25764065,354,6
25773151,41,2
25783609,18356,3
25793354,27714,5
25796625,20419,6
25797420,8491,2
25797705,754,5
25798156,43915,1
25798267,43449,1
25798913,64841,6
25798927,64839,4
25798941,64841,3
25798954,64834,7
25799061,757,2
25799119,3445,5
25799705,707,1
25800715,461,6
25800715,3189,3
25800993,37,1
25801092,34,5
25801433,78,2
25802069,1173,1
25802447,461,5
25802909,33,2
25803161,26,4
25803163,32,1
25803354,2608,6
25803431,32,3
25803609,4231,4
25804123,32,1
25804514,31,7
25804842,24,2
25805172,24,4
25805218,461,5
25805416,24,1
25805651,24,7
25806004,24,6
25806081,467,1
25806560,24,6
25806680,26,3
25807229,2568,2
25807933,24,6
25808271,24,3
25808482,7297,7
25808490,156,5
25809143,109,4
25809572,108,4
25809681,469,1
25809839,2359,7
25810061,27,4
25810147,24,4
25810431,10109,6
25810717,109,4
25810723,779,6
25810926,109,1
25811121,162,7
25811247,26,7
25811908,34,7
25811935,106,6
25812018,25,4
25812089,34,4
25812145,24,5
25812319,24,2
25812468,34,6
25812503,780,6
25812803,1001,3
25812838,28,1
25812988,36,4
25813000,26,6
25813151,58858,2
25813236,25,1
25813324,26,1
25813685,780,5
25813757,36,7
25813977,118,4
25814284,40,3
25814361,27,1
25814495,49,1
25814600,27,7
25814694,26,1
25815094,109,1
25815583,33,6
25816905,34,1
25817349,163,5
25818113,24,3
25818219,48714,5
25818238,24,7
25818399,25,5
25818521,35,2
25818703,2594,6
25819342,41,1
25819648,42,2
25820760,42029,1
25820797,43689,2
25820978,33927,3
25822529,223,1
25822562,585,7
25822638,2334,5
25822857,14428,1
25824298,593,7
25824562,47,2
25824689,27727,7
25825186,43,2
25825538,1016,5
25826051,352,1
25826141,19729,5
25826254,32,4
25826665,111,5
25827246,358,1
25827281,38,3
25827438,38,3
25828029,351,3
25828467,588,4
25828546,43,2
25829152,78,5
25829660,77,1
25830042,77,5
25830189,4386,1
25830236,33,3
25831416,33,2
25831778,36,1
25832178,78,1
25833381,256,3
25834504,18056,6
25834946,115,5
25835423,26867,5
25835777,108,2
25835950,179,3
25840129,35,1
25840137,165,4
25840144,110,7
25840497,408,1
25840503,113,1
25840636,34,4
25840998,60,7
25841837,106,3
25841963,106,7
25842148,105,5
25842335,16875,4
25842704,2290,4
25842736,107,7
25843956,2245,1
25844427,24,7
25845425,3262,2
25845650,36,1
25846158,45376,2
25848979,106,6
25849153,106,5
25849378,344,7
25850163,343,6
25850859,644,6
25870681,102,6
25870681,18058,6
25876936,166,7
25877925,15736,5
25877926,238,6
25878533,27717,3
25879509,224,2
25880863,112,6
25883478,225,5
25883778,16882,2
25885061,351,3
25885161,28354,3
25886124,531,3
25886239,351,7
25886607,200,2
25886681,44299,4
25886742,139,3
25886868,189,4
25886947,43647,1
25887075,208,7
25887328,18034,2
25887402,205,1
25887840,170,4
25888117,18099,7
25888132,37,5
25888196,350,4
25888505,5670,5
25889029,109,3
25889134,346,1
25889497,173,1
25889671,107,3
25889735,581,1
25889736,72,3
25890293,328,3
25890326,62,7
25890418,581,7
25890680,55,2
25891000,55,2
25891519,106,3
25892553,768,5
25892570,48,5
25892736,33908,3
25892801,43646,1
25893549,729,7
25893805,126,7
25894092,34,7
25894205,8443,4
25894210,198,3
25894617,202,2
25894847,37,7
25896331,198,4
25897347,64862,5
25898076,76,4
25899065,24277,1
25900451,46,7
25900992,82,6
25901319,433,7
25901444,43,7
25901868,38,3
25903840,34,3
25904207,106,3
25904389,107,5
25904708,441,2
25905375,54,7
25905512,31,7
25905717,36,7
25905728,65,7
25906481,178,1
25907745,172,3
25908010,174,2
25908052,139,1
25908192,46792,3
25908328,211,5
25908436,106,7
25908693,171,5
25909465,165,1
25909864,170,6
25910370,2718,5
25910787,232,1
25911155,34,6
25911336,34,4
25911486,35,5
25911491,65,1
25911722,51,7
25911898,51,4
25911977,63,3
25912153,193,4
25912801,513,6
25912845,18100,5
25913669,53,6
25914857,66,2
25916652,28830,4
25917041,6833,1
25917045,6622,5
25918058,67,7
25918235,68,7
25918434,66,4
25918673,68,4
25918837,68,7
25918976,70,2
25919192,70,2
25919577,68,2
25919850,67,7
25920027,66,2
25920368,67,6
25920572,67,7
25920681,68,4
25921224,67,4
25921415,67,5
25921712,67,3
25921805,67,5
25922048,186,1
25922153,68,4
25922267,68,6
25922605,67,4
25922699,67,4
25923081,147,1
25923349,32,4
25923748,31,7
25926184,32,3
25928899,8031,1
25929372,33,2
25929576,471,3
25930098,93,3
25930317,22,7
25930813,200,4
25931233,76,6
25931616,2659,5
25934063,33,7
25934219,30332,7
25935538,8541,3
25935659,222,7
25936680,22782,3
25937116,6520,7
25956372,62314,7
25965744,27707,2
25966532,60421,3
25968722,43720,7
25968746,33951,4
25973996,44172,4
25974260,43764,2
25977353,10057,3
25977695,34,2
25980171,48675,2
25983576,45,4
25984915,70,3
25986499,959,6
25987695,71,5
25987745,36877,5
25990625,64859,6
25991486,10344,3
25992147,5138,6
25993144,268,2
25994768,184,2
25995955,2546,6
25996508,799,7
25997240,145,2
25997674,974,1
25997697,27834,2
25998075,27854,5
25998515,17341,6
25999771,1675,4
26000051,64829,6
26001195,345,2
26001476,65,6
26001658,25,6
26001837,68,5
26001882,64868,7
26001974,67,4
26002019,706,3
26002084,68,3
26002211,30,6
26002211,67,1
26002346,68,4
26002457,67,3
26002614,67,6
26002713,68,2
26002849,67,3
26002983,67,7
26003106,67,1
26003226,67,6
26003369,67,5
26003499,66,7
26003623,67,1
26003745,67,3
26004326,68,5
26004341,2722,4
26004499,30,2
26004556,31,3
26005388,72,1
26005820,30,6
26006161,29,6
26006190,29,2
26006222,29,4
26007082,8101,2
26007091,51,7
26015241,58,3
26015346,85,3
26015485,73,2
26015591,66,7
26015719,54,1
26015824,76,5
26015962,64,6
26016069,86,4
26016204,78,5
26016234,322,5
26016313,109,2
26016334,56596,7
26016485,64,3
26016498,109,2
26016568,46,3
26016630,53,4
26016713,49,3
26016757,137,2
26016796,48,6
26017215,118,7
26017404,137,4
26017571,153,4
26017765,140,2
26017933,3704,4
26018733,48,2
26020591,42,4
26020597,38,6
26020611,39,3
26021660,3391,2
26021802,3248,1
26022414,68,4
26022873,55,1
26022881,65,2
26022892,65,7
26025348,784,2
26029036,47,6
26029141,51,5
26029247,68,6
26029373,63,2
26029477,77,2
26029614,64,2
26029719,88,7
26029854,73,1
26029959,45,1
26030036,54,4
26030142,91,6
26030301,63,1
26030440,62,5
26030566,63,6
26030703,72,1
26030838,150,2
26031066,71,5
26031200,171,7
26031427,146,3
26031659,85,6
26031814,54,7
26031920,79,4
26032026,64,4
26032154,53,3
26032261,39,4
26032359,39,7
26032456,58,2
26032565,38,7
26032641,81,3
26032747,39,6
26032853,72,7
26032989,72,2
26033096,71,1
26033226,72,5
26033356,72,7
26033411,6805,5
26033475,71,6
26033585,72,4
26033714,71,5
26033853,113,7
26034026,119,6
26036037,19558,7
26041974,12728,6
26056166,4818,7
26061229,3221,6
26063132,45755,1
26064594,417,7
26067599,5061,4
26070198,10427,5
26072728,105,4
26073405,479,6
26073932,10021,7
26074410,31,6
26074414,29,4
26074418,30,5
26074423,37,3
26074427,30,3
26074431,31,4
26074434,30,1
26074438,36,6
26074442,47799,1
26074447,47777,3
26074449,48206,7
26074452,48615,3
26074455,49030,2
26074458,49491,4
26074461,124,7
26074464,113,2
26080175,679,7
26080306,130,4
26082066,322,3
26083336,131,3
26083962,590,7
26084832,348,2
26085745,54778,7
26086316,59282,5
26089200,10085,6
26090223,11894,1
26091348,48797,4
26102058,40262,4
26131451,15537,4
26140741,11669,3
26143590,19767,1
26150676,7411,5
26151064,10007,1
26151141,1822,2
26151774,67,2
26151785,49,1
26151793,55,1
26151807,51,7
26151815,48,4
26153413,4585,6
26155832,12974,3
26158064,2032,3
26159684,12565,5
26159710,12752,3
26159710,8463,5
26160520,90,4
26160995,57,1
26161349,2032,2
26161537,48,1
26161719,64844,3
26163750,19463,5
26164349,33,6
26164397,9266,6
26168364,90,6
26170295,25,1
26170376,25,4
26170412,463,2
26170964,34,2
26171034,35,1
26171244,181,2
26171251,40,3
26171291,319,4
26171509,110,1
26172755,34124,4
26172784,33967,1
26173273,40654,7
26173345,337,5
26173706,6456,1
26174052,90,7
26174238,90,7
26174465,88,5
26174652,88,6
26174747,32,7
26174817,95,5
26175345,34,4
26176417,37072,2
26184157,109,7
26189286,32,3
26225455,33609,2
26230838,27719,3
26245671,51,5
26245780,53,1
26245943,50,5
26246745,542,5
26248074,517,6
26248333,1946,4
26248927,525,2
26252443,38770,6
26254913,35,5
26255015,26,5
26255105,9027,3
26257170,560,6
26261844,3634,4
26270546,64834,2
26270646,9632,7
26270714,5072,6
26273999,1193,1
26274032,1150,6
26274042,1248,2
26274055,1257,2
26281726,616,1
26315691,25,5
26316110,24,5
26316466,26,6
26316576,36077,7
26316786,45,4
26317013,24,4
26317087,46,3
26317156,46,3
26317737,46,3
26317879,855,3
26318358,24,5
26318834,381,6
26318840,30,7
26319294,34,5
26319426,33,7
26319751,34,4
26319903,2898,6
26320128,100,5
26320475,406,5
26320481,32,4
26320535,10828,3
26320844,39,4
26321076,34,3
26321315,347,4
26321434,330,1
26321441,30,7
26321797,709,6
26321936,25,3
26322157,27,3
26322185,348,6
26322193,30,5
26322247,233,2
26322756,448,4
26322762,30,2
26322840,90,4
26323430,91,2
26323663,91,4
26323676,2788,3
26323837,25,5
26323840,29,6
26323842,51,3
26323845,36,7
26324054,89,2
26324125,241,5
26324180,31,5
26324557,89,2
26325565,336,5
26326314,58848,1
26326632,456,1
26326638,30,5
26327784,509,2
26327790,31,3
26327803,2735,1
26328642,90,6
26328910,97,5
26328984,369,5
26328991,164,6
26329628,593,6
26329640,90,5
26329698,460,1
26329704,37,3
26329958,90,2
26330942,5359,3
26331440,7836,1
26331447,8246,1
26331788,7229,5
26331803,32,3
26331924,43686,1
26331935,31,3
26331942,44229,1
26331961,44563,5
26331973,45416,2
26331978,45403,6
26331982,45800,3
26331998,46748,7
26332003,46726,2
26332016,47152,3
26332033,47601,5
26332049,48378,5
26332059,48325,2
26332070,48761,7
26332091,49224,5
26332109,50114,6
26332123,50139,7
26333724,18029,1
26333997,5131,5
26334280,64872,1
26334816,43,3
26335628,729,7
26336446,3150,7
26337847,2764,1
26338070,27689,2
26338488,39457,5
26339091,430,3
26339219,36,1
26339451,36,7
26339660,18032,1
26341544,7449,1
26341570,18811,2
26341911,8332,1
26342477,130,3
26342935,25,3
26343162,26749,1
26343827,108,7
26344046,34,6
26344395,2895,1
26344953,48845,3
26345031,37,7
26346697,24,1
26349707,302,3
26350500,5076,4
26353734,39926,7
26354559,40374,5
26355627,44125,1
26359105,3316,4
26360081,32,7
26361722,41631,7
26362964,53,4
26363290,3270,1
26368722,3264,7
26392664,27675,2
26398681,40,5
26400679,1842,1
26402604,33543,5
26402653,43814,6
26411091,5308,1
26413742,1225,1
26414008,62149,6
26414696,62265,4
26416542,63585,7
26417092,271,1
26417764,1129,6
26417848,297,4
26420515,3161,7
26422654,1224,7
26422795,262,3
26424978,58,7
26425706,4969,3
26426730,2159,7
26426841,2140,3
26426851,36,2
26430243,47,4
26430951,64834,7
26431087,580,2
26431328,4966,4
26432101,578,5
26433257,36210,2
26433576,544,1
26433687,37,1
26433860,5285,6
26434349,42,7
26434518,64853,6
26434733,45,7
26438926,7782,2
26440448,18038,6
26443509,3236,7
26447057,3332,1
26448810,5354,3
26451324,61089,2
26452563,3160,2
26453837,56715,4
26456642,56,1
26456738,69,2
26456811,1528,1
26456846,58,3
26456971,78,1
26457075,103,6
26457211,56,6
26457338,77,5
26457443,65,4
26457579,54,3
26457687,72,4
26457821,115,7
26457987,131,4
26458184,112,3
26458349,132,5
26458546,114,4
26458712,128,3
26458909,109,7
26459077,122,1
26459276,109,7
26459450,737,2
26460237,2710,2
26463168,63,4
26463319,48,6
26463455,50,1
26463560,67,3
26463695,49,2
26463800,69,2
26463909,93,3
26464044,79,7
26464156,124,5
26464343,105,2
26464480,98,2
26464617,65,3
26464753,95,4
26464919,65,3
26465058,94,2
26465194,95,3
26465331,75,7
26465437,107,1
26465576,95,3
26465713,45,6
26465822,47,4
26465930,60,4
26466037,78,3
26466143,45,3
26466222,62,4
26466351,49,2
26466459,71,3
26466596,3683,6
26470317,42,5
26470420,51,1
26470524,111,5
26470695,146,3
26470892,62,6
26470998,79,2
26471134,63,7
26471242,85,5
26471349,50,1
26471458,49,5
26471562,67,7
26471666,69,1
26471771,40,7
26471848,53,3
26471954,41,4
26472059,40,3
26472134,40,6
26472210,53,6
26472317,40,6
26472422,40,7
26472496,39,6
26472570,93,3
26472709,53,3
26472818,73,3
26472955,67,3
26473059,91,5
26473197,71,3
26473300,92,2
26473435,78,3
26473540,65,3
26473677,54,2
26476318,27727,1
26483799,8044,1
26483807,30,2
26483813,31,7
26483820,29,7
26483827,45,5
26483833,37,3
26486368,43744,4
26486400,33633,4
26490380,24493,7
26490456,2216,3
26491216,10664,5
26493565,3334,1
26494511,18176,3
26494645,18187,7
26497813,87,1
26499574,50,2
26499903,309,2
26500421,59124,3
26500675,31,3
26500800,304,1
26501610,14277,7
26501700,64840,6
26501766,58963,2
26502152,36,6
26502858,13986,6
26502879,28981,4
26503424,7302,5
26503944,3207,1
26504542,27740,3
26505735,530,7
26507743,9468,2
26510427,28980,3
26510433,28981,6
26510439,28980,6
26510445,28978,4
26510452,22269,6
26510461,22264,3
26510468,22258,7
26513239,41,4
26513440,1,7
26514435,48395,3
26514515,36,1
26515351,34,1
26515525,37,1
26515567,414,6
26516134,37,6
26518096,47314,3
26518256,64822,6
26520296,436,1
26520302,31,2
26520836,24,2
26520960,3172,7
26521673,349,7
26521680,36,5
26522987,331,7
26523572,9192,3
26523600,26,5
26523713,26,1
26524286,234,2
26525508,340,3
26526668,3184,5
26526814,354,6
26528104,349,1
26529395,319,6
26529826,38,6
26530112,330,7
26530573,646,7
26531605,184,7
26532062,339,5
26532513,570,1
26532697,9811,7
26532880,4990,1
26532948,4922,7
26533601,19466,1
26542152,153,7
26542529,60,5
26561252,330,7
26561694,362,6
26565349,46,4
26565370,51,6
26565403,380,6
26566197,45,4
26566428,49,6
26567241,31,7
26567295,31,1
26567499,31,7
26567675,33,1
26567714,32,2
26567894,82,4
26567901,50,2
26567947,33,6
26568021,259,1
26568032,97,1
26568127,56,1
26568130,39,7
26568269,32,7
26568353,240,4
26568487,37,3
26568569,51,3
26568717,76,4
26568750,30,4
26568774,34,3
26568783,40,6
26568955,31,2
26568965,34,2
26568972,40,1
26569370,33,6
26569381,32,2
26569428,34,5
26569430,36,2
26569431,42,3
26569596,37,5
26569834,53,3
26570001,52,3
26570140,50,7
26570146,64,5
26570189,93,5
26570735,37,2
26570887,44,3
26571007,150,1
26571056,47,3
26571057,48,7
26571058,61,6
26571058,101,7
26571161,32,5
26571201,30,2
26571272,33,4
26571320,31,2
26571362,32,2
26572055,31,4
26576193,26,4
26576528,87,4
26576885,21781,3
26579665,27687,3
26581217,63,6
26583278,3180,2
26584523,72,7
26586653,59202,1
26587875,4290,5
26589365,62055,7
26589578,19627,4
26594317,10828,7
26594881,778,6
26598154,64836,1
26600169,27090,7
26602494,404,7
26604465,455,4
26604514,87,4
26604794,357,1
26605029,440,2
26605281,25,6
26605389,24,2
26605526,206,4
26606145,36045,6
26606321,36035,7
26606462,36033,5
26606487,3864,5
26606631,6532,3
26607754,107,6
26608027,33,2
26608089,141,3
26609380,32,6
26609646,691,3
26610910,423,3
26611523,48,3
26611895,36,4
26611999,24,4
26612502,24,7
26612551,23,3
26612564,23,5
26615112,24,1
26615550,34,4
26615653,47,7
26616371,198,7
26616746,43,7
26616857,594,5
26618218,21780,2
26620284,33,4
26621397,1834,1
26622635,32,7
26622704,32,2
26656979,26919,4
26664401,117,6
26665158,6074,6
26665824,33583,5
26665848,43807,2
26667511,170,5
26667814,44,7
26667918,44,2
26668157,44,3
26668670,45,2
26668855,45,1
26669091,928,3
26669756,32,1
26670152,1832,6
26673317,27718,2
26674264,6075,7
26676900,10269,3
26677509,33,2
26677803,11587,2
26678860,21636,6
26679231,64828,1
26680295,6055,1
26682336,25,3
26682477,23,4
26682570,23,2
26682714,86,2
26684671,146,2
26685108,212,3
26685266,64846,7
26685303,3838,1
26686382,6052,3
26690042,142,4
26690163,1769,1
26691452,1874,7
26691693,1235,4
26692433,648,4
26693775,7662,4
26695055,3383,6
26699694,307,1
26699793,59302,7
26700669,59130,6
26702823,1370,3
26703887,3298,1
26705329,643,1
26705446,6058,7
26707242,438,1
26710095,889,2
26713588,6055,2
26720154,6186,2
26726351,6060,7
26748260,26131,4
26751882,3182,3
26755992,3182,4
26757414,735,4
26759652,632,1
26760084,10534,5
26761019,420,6
26761546,1127,6
26761819,559,4
26762198,604,7
26763493,47,6
26765348,42,3
26765377,3286,7
26765388,6075,6
26765392,36,5
26765432,388,1
26767023,419,5
26767534,441,6
26768081,376,3
26768517,352,5
26769536,203,5
26769969,190,7
26771023,182,1
26771385,43735,4
26771395,209,7
26771411,33532,3
26771997,33,3
26772191,76,6
26772255,93,7
26772635,93,5
26772918,93,2
26773172,161,3
26773222,101,5
26773768,92,1
26774198,94,5
26774951,39612,5
26776870,825,3
26778572,58,2
26778789,421,4
26780067,10536,4
26794164,27722,6
26794325,24,3
26794580,24,1
26794717,24,2
26794944,23,6
26795225,23,2
26795521,7620,3
26797650,36039,6
26797694,36046,4
26802350,300,3
26802979,61668,7
26803053,58969,3
26822032,17670,7
26825888,9502,6
26825894,14205,6
26825900,10867,7
26825906,12059,4
26825912,11689,6
26834050,33849,2
26834094,43622,1
26834931,35,2
26835018,6678,7
26836530,10543,4
26839152,64832,1
26839229,506,5
26839360,4005,4
26840163,64831,2
26840488,36,4
26840709,35,3
26841007,3338,1
26841662,5698,6
26841665,27704,1
26841938,37,4
26842921,64839,7
26843325,12156,6
26845062,108,2
26845339,9841,3
26846232,3700,6
26846302,7272,1
26847640,639,5
26850269,44039,1
26850272,44431,4
26850274,44819,2
26850276,45270,1
26850279,45592,6
26850281,46113,2
26850284,46434,4
26850286,46821,1
26852342,3852,7
26852794,109,5
26853324,107,6
26855629,805,2
26857262,3832,2
26857430,46529,5
26857468,46454,6
26857553,47091,2
26857669,46653,2
26857798,5771,7
26857820,10562,3
26857964,628,5
26859271,154,2
26859574,33,3
26859704,169,2
26859770,7229,7
26860128,571,2
26860649,150,6
26860985,7233,5
26861018,18760,4
26861474,105,5
26861819,7235,2
26862010,184,4
26863479,401,7
26863855,42,5
26864033,907,6
26864050,44,3
26864192,61,2
26864301,73,4
26864359,168,2
26865318,501,1
26865905,792,3
26867634,38,2
26867793,983,5
26876674,61888,3
26878187,2593,7
26880493,137,4
26883889,59669,6
26885164,465,6
26885284,295,5
26885348,215,4
26885385,262,2
26918969,43682,1
26918995,33598,5
26925043,757,1
26925288,50246,5
26925294,50290,2
26926011,650,1
26926348,2309,7
26926569,14441,4
26926611,18040,2
26927781,2938,2
26927998,28828,4
26928947,23,2
26928953,24,7
26929199,48,5
26929205,24,2
26929814,108,2
26931807,10206,4
26931821,25,2
26931827,68,7
26931832,25,1
26931836,89,1
26932223,651,7
26932552,108,1
26933052,64846,2
26933585,108,3
26933881,24,1
26934108,35,5
26934246,37,1
26935794,58684,3
26935943,58993,3
26937607,37,1
26937609,88,2
26937612,35,3
26937614,108,1
26939517,2012,6
26939908,6313,4
26939912,3413,6
26940999,943,6
26941200,3632,6
26942604,2043,4
26942899,18648,1
26944708,50,7
26944995,49,5
26944997,70,1
26945000,50,2
26945002,91,5
26945185,1224,4
26945426,1218,2
26945493,830,4
26945639,580,5
26945646,50,2
26945650,74,2
26945653,126,7
26945657,218,7
26945661,340,6
26945665,50,1
26945669,93,2
26945673,136,2
26945677,232,5
26945681,340,4
26945685,49,5
26945689,90,7
26945693,138,5
26945697,243,4
26945701,361,1
26947095,10308,6
26948119,19903,4
26951268,73,7
26952666,2138,5
26953820,38,1
26956514,34,2
26957126,27714,6
26957162,896,2
26957257,10829,6
26958290,28806,3
26960688,25,4
26961255,23,5
26967461,20637,3
26971464,118,7
26975006,18826,3
26985110,4035,2
26985155,4045,3
26986058,4054,1
26995394,342,5
26995400,32,1
26995853,730,4
26996673,661,6
27001355,33460,3
27001379,43777,4
27011346,2138,3
27011574,608,3
27012405,9485,3
27012420,5027,7
27013973,34043,6
27014963,10625,4
27015982,9578,1
27016111,40916,6
27016659,11735,6
27017120,64833,2
27019308,59081,7
27019371,1582,4
27019617,59258,6
27019792,10963,3
27020656,1569,6
27021924,33,6
27021970,7232,2
27022829,2223,5
27023542,39088,5
27023919,9556,2
27023924,4982,7
27024762,107,5
27025443,14428,1
27025786,211,1
27026734,106,1
27027044,208,3
27027567,9554,5
27027573,9666,7
27027590,9556,5
27027600,9465,5
27027610,8916,2
27027620,9559,6
27028377,4785,5
27028752,36032,6
27029417,165,7
27029677,319,4
27030512,321,7
27031177,13278,2
27031648,88,3
27031771,946,5
27032435,6874,4
27034736,8439,4
27035342,204,1
27035573,202,5
27035807,202,7
27036015,959,3
27036108,201,3
27037449,4866,2
27037516,15298,3
27038670,209,3
27039569,61963,2
27042198,31,5
27042692,64863,3
27042731,60822,3
27043390,28784,7
27043770,64844,7
27046482,33809,3
27046508,43790,1
27050228,637,1
27051750,220,3
27053662,37927,5
27055564,125,4
27059931,4085,4
27061950,517,1
27062594,876,5
27063588,673,3
27064391,595,5
27065067,600,1
27066489,446,3
27066495,31,1
27067045,933,3
27068076,650,5
27084443,7390,5
27084449,6685,7
27084454,8425,2
27084460,8114,3
27084466,7561,2
27084472,7005,5
27086521,37,3
27086603,64831,4
27091730,506,2
27092340,913,2
27093552,8249,3
27094276,65,4
27095727,30,5
27095881,31,5
27095937,11482,7
27096138,5530,1
27096728,120,3
27098195,17658,7
27099050,10800,7
27099056,10803,7
27099062,10717,6
27099070,10156,7
27099091,10805,7
27099099,10810,4
27099105,10806,6
27099114,5605,3
27100159,21664,3
27100339,31,1
27100953,30,4
27100976,31,3
27101244,30,2
27101687,30,3
27102568,236,5
27102964,1724,6
27105016,30,5
27105218,38,7
27106340,309,4
27106795,25,2
27106962,58831,1
27107446,64831,6
27108330,9915,6
27109490,39,7
27111241,43833,7
27111304,33321,5
27114756,667,4
27114991,61754,3
27115054,62859,3
27115304,707,4
27115776,36,5
27115873,871,3
27116184,83,3
27116964,35,7
27117857,7740,6
27118160,75,2
27118387,821,3
27118457,582,7
27118544,1251,6
27118562,428,4
27119484,2536,7
27120959,106,2
27121902,781,2
27122859,972,5
27124963,5507,1
27131808,2777,5
27135707,479,1
27136293,783,3
27137576,47284,6
27141152,1275,6
27149021,607,2
27152230,579,6
27163026,24704,5
27178332,104,6
27179184,23,2
27179762,636,1
27179790,24973,2
27180358,34402,7
27181718,64831,2
27182326,33343,2
27182359,43688,5
27183493,64833,1
27183924,64834,5
27183969,18543,1
27184453,53137,6
27185524,64835,3
27186912,60601,4
27187264,31,4
27188926,25,2
27188933,68,5
27188942,106,6
27189010,107,3
27189723,25116,2
27189808,60,6
27190072,97,4
27190370,106,5
27191164,3149,1
27191298,581,2
27191716,64834,6
27192152,35827,5
27192543,24,3
27192996,4564,2
27193410,7743,1
27194263,39856,6
27194781,4736,6
27198744,1832,3
27200156,5238,7
27200669,31,7
27201100,1564,1
27201518,32,7
27202276,31,4
27202616,32,7
27203099,110,2
27203551,1831,3
27203896,600,5
27205669,18978,1
27206349,99,5
27207130,300,2
27207496,59158,1
27207584,72,7
27207706,302,1
27208805,9126,4
27209038,35,7
27211323,69,2
27213603,4485,6
27213696,4390,7
27218589,58,5
27218624,76,5
27218647,133,4
27218665,62,6
27218684,45,7
27218687,54,3
27218690,58,2
27218693,82,4
27222033,13380,5
27224189,3176,2
27224447,35,7
27224604,3087,6
27224825,3130,1
27225635,301,7
27225721,64834,4
27226477,62076,4
27226518,59107,6
27250272,575,3
27265167,313,3
27269940,1138,2
27281911,58,7
27282387,34,3
27282512,433,5
27282925,358,6
27283848,106,7
27285469,103,5
27290910,59042,7
27291220,310,3
27291621,58764,5
27292383,320,1
27292491,3441,7
27293162,106,1
27294313,62060,4
27297202,66,7
27297639,111,5
27298777,23877,5
27304489,7148,2
27306385,394,6
27306391,33,7
27306404,32,3
27306867,753,2
27307709,103,2
27308114,72,1
27308120,7834,6
27308184,7830,6
27308253,7830,3
27308272,565,1
27308326,7834,7
27308450,7835,1
27308687,64844,1
27308757,64836,7
27308810,64848,3
27308864,64849,1
27308918,64857,6
27308969,64835,4
27309031,64836,3
27309085,64865,7
27309652,335,2
27309663,31,2
27309678,31,5
27310084,735,6
27310680,118,7
27310791,735,7
27310926,626,5
27311263,632,2
27311709,531,1
27312810,4916,7
27313679,4561,5
27313758,4464,4
27317076,634,2
27317756,732,4
27327597,42,1
27327603,46,6
27327606,57,3
27327607,91,1
27329870,57,2
27329884,75,4
27329898,99,3
27329935,66,6
27344521,10675,1
27344788,10983,4
27344796,133,4
27344804,132,6
27344811,14280,4
27344818,13029,5
27344827,7137,6
27352827,79,5
27358390,1136,7
27359098,18977,3
27361720,581,1
27363774,590,1
27367799,474,2
27368896,58,1
27368909,67,3
27368952,64,3
27368970,65,1
27368982,67,6
27369004,58,5
27369012,149,2
27369053,92,6
27369270,317,2
27369716,436,3
27369965,66,1
27369966,53,5
27369967,87,1
27370039,192,3
27370659,46,6
27370941,59120,6
27372370,309,7
27372814,75,5
27372822,52,6
27372826,71,4
27372827,101,6
27373295,62132,5
27373583,299,3
27373911,64831,2
27374096,58613,7
27374395,8434,6
27379155,109,7
27384160,47180,3
27390004,43970,5
27390085,33577,4
27397477,111,2
27398324,110,3
27398361,55,5
27398828,110,2
27398940,55,7
27398951,60,5
27398966,97,7
27398982,56,1
27398996,50,4
27399014,59,3
27399023,154,7
27399030,55,1
27399150,39,7
27399501,114,4
27399953,107,6
27399955,166,4
27399956,120,5
27399959,195,2
27402020,49,1
27402125,31,4
27402208,34,4
27402250,69,3
27402341,46,5
27402356,61,4
27402512,153,5
27403891,3088,5
27413616,3629,5
27419296,1033,1
27420388,66,5
27420494,73,4
27420600,79,4
27420707,68,1
27420844,67,5
27420948,79,4
27421086,87,5
27421192,65,3
27421330,65,3
27421435,85,1
27421561,77,7
27421665,80,5
27421772,45,7
27421879,45,1
27421987,56,4
27422092,85,4
27422197,44,4
27422303,43,6
27422398,62,1
27422506,89,7
27422642,48,5
27422748,80,6
27422885,83,1
27423021,59,5
27423125,86,4
27423261,51,1
27423368,74,1
27423503,71,6
27423608,94,1
27423743,59,7
27423852,85,6
27423988,80,3
27424115,75,1
27424222,98,1
27424358,65,2
27424465,85,5
27424604,76,2
27424709,71,7
27424844,57,6
27424949,84,1
27425085,73,2
27426994,13930,7
27427000,14955,2
27427006,11388,3
27427012,11712,5
27427018,10059,2
27427024,17606,2
27434709,33443,5
27434791,43895,2
27435800,310,5
27436364,59142,1
27436424,59374,4
27437202,59033,6
27444483,70,6
27445514,113,3
27446160,64839,3
27447133,108,1
27447308,22796,4
27447724,16507,6
27451247,62134,7
27455150,54,1
27455177,51,4
27455197,60,2
27455217,136,4
27460049,533,6
27460285,64871,5
27461636,646,4
27461698,4531,2
27462556,843,1
27462712,443,5
27462760,1248,3
27463425,3114,5
27464880,22351,7
27466775,14523,3
27467292,992,6
27471521,36,3
27472814,79,3
27472946,36030,1
27473071,24701,7
27473400,125,3
27482071,1790,3
27482246,2479,3
27483087,35,2
27483472,43,6
27483775,64,7
27485330,64863,1
27485425,42424,4
27485465,45584,1
27485987,34,7
27490425,34643,2
27490669,132,4
27490843,64823,4
27497349,24598,4
27517746,338,7
27518280,273,4
27518573,43,4
27518641,83,3
27519041,336,4
27519423,228,5
27519653,44,3
27520117,83,3
27520463,83,5
27520580,52,3
27520740,53,5
27520854,60,1
27520966,54,2
27521073,87,2
27521215,78,7
27521330,332,3
27521495,44002,1
27521631,33295,4
27521742,333,1
27522154,333,5
27522539,338,4
27522972,119,7
27523118,61,3
27523386,98,7
27523527,54,6
27523631,92,7
27523766,83,1
27523901,74,5
27524012,68,5
27524118,94,1
27524256,88,6
27524362,84,4
27524500,75,4
27530373,342,4
27530508,44,2
27532272,50,2
27533451,64835,4
27540186,47311,4
27541086,56,7
27541260,50,7
27541274,52,2
27541284,62,1
27541296,129,5
27541380,62051,4
27542356,473,6
27542877,60,6
27543082,38,6
27543252,32,2
27543405,31,7
27543499,32,5
27545261,31,5
27545700,128,5
27547193,118,3
27547203,30,6
27547209,86,1
27547447,61,2
27547785,569,3
27548528,58694,1
27548938,59170,4
27548986,155,1
27552926,11304,6
27555443,51,3
27555451,47,3
27555457,64,5
27555464,87,4
27557874,4173,2
27558733,30,1
27559535,4750,7
27560625,558,4
27561278,38,1
27561520,160,3
27561847,53,3
27562064,58,2
27562068,56,6
27562070,52,7
27562072,51,2
27562501,511,3
27562973,36,5
27563331,63335,4
27564545,111,2
27568815,70,4
27569038,1131,5
27570651,907,7
27572677,12573,2
27586728,3643,6
27586953,145,1
27587032,164,7
27587974,58,4
27588012,38,6
27588044,81,3
27588046,102,3
27588074,134,2
27588134,108,4
27588155,158,4
27588236,63,1
27588252,108,5
27588519,167,3
27588522,92,5
27604507,17600,5
27604513,16945,4
27604519,9143,4
27604525,8094,1
27604531,9902,4
27604537,8120,2
27610459,310,1
27610942,1588,4
27610996,61906,7
27611176,59047,7
27611335,311,2
27611940,61798,6
27611952,37193,5
27612072,300,2
27613068,62395,5
27613127,43875,4
27613154,33431,3
27614617,34236,3
27614682,14631,6
27619298,4178,1
27620318,64846,2
27621878,110,2
27622536,59,6
27623412,98,6
27623851,3245,1
27624021,2491,3
27625595,169,3
27625810,106,5
27625812,147,1
27626429,642,7
27629205,109,1
27629212,42,7
27629873,1243,2
27630021,3084,4
27630194,126,2
27630194,99,1
27630198,134,3
27630269,55,5
27631061,3112,5
27631332,3127,6
27631406,574,6
27631491,3152,2
27631508,64834,4
27631820,435,7
27632274,14481,3
27632495,3484,6
27632609,6501,6
27633564,4888,6
27633848,220,3
27634133,95,3
27634144,201,4
27634840,2446,2
27636053,3100,2
27636131,3630,3
27636171,3097,3
27636192,181,4
27636219,3089,4
27636251,153,1
27639081,50,2
27639096,54,4
27639107,58,7
27639118,86,1
27640180,3219,7
27640705,14770,4
27641176,4174,5
27642090,7233,7
27642349,23208,4
27642503,6945,5
27642641,51827,4
27643317,52760,3
27643373,1031,3
27644342,9275,3
27648474,167,6
27648971,138,7
27649202,61,5
27649467,62,1
27650343,81,1
27650800,31,3
27651527,86,4
27651687,21064,3
27651962,34,7
27652316,36,4
27652377,33,7
27652531,81,4
27654667,226,7
27655310,468,4
27656606,25231,3
27656728,535,1
27657462,68,4
27657476,116,2
27657490,94,1
27657504,56,7
27659934,1823,4
27665868,328,1
27668106,24,3
27669853,3119,7
27681629,24,4
27690588,46,6
27690824,57,6
27691156,79,5
27691198,1610,6
27691372,56,4
27692094,246,6
27692342,35,6
27692485,332,3
27692829,21824,7
27693050,333,2
27693673,41,2
27693895,60,4
27694121,65,6
27694535,50,7
27694645,332,1
27697100,23,7
27698701,33643,3
27698729,43836,6
27699141,19866,5
27703039,544,1
27705049,8411,1
27705057,8302,6
27706561,196,1
27708936,303,7
27709604,59128,4
27709743,29,1
27709850,301,1
27710398,58727,3
27710519,299,7
27710862,34,7
27710978,108,1
27711000,58,7
27711054,11308,5
27711098,58647,7
27711222,59176,2
27712020,58,7
27712106,62,4
27712123,76,3
27712552,12636,6
27713189,1724,4
27713673,40,1
27713799,32,1
27714275,18925,7
27714378,9494,2
27714385,746,1
27714800,3300,2
27714810,117,3
27715349,2181,2
27715545,4872,4
27715660,4979,7
27716257,4893,1
27716450,9800,5
27717027,6744,4
27717236,90,4
27717243,88,1
27718318,1031,4
27718405,1043,3
27718474,1033,4
27718554,1042,7
27719558,115,7
27720052,26,6
27722816,23112,2
27724117,2396,5
27724781,107,2
27725419,39,7
27725497,39,1
27725573,39,4
27725858,61,7
27725976,1831,5
27726117,2369,7
27726123,30,5
27726130,31,5
27726137,32,2
27726456,1082,1
27728612,6731,7
27730070,540,6
27730077,510,3
27730153,24,7
27731311,107,3
27731494,487,6
27731500,483,1
27731525,36,4
27732865,547,6
27733750,2062,4
27734352,491,6
27735693,462,6
27738230,3630,3
27739972,3630,2
27744545,24,7
27744645,147,5
27745327,23,6
27746317,18170,4
27747932,24,2
27748525,33,6
27748603,38,4
27748639,24,5
27748642,53,5
27748647,41,3
27748698,137,1
27748784,54,5
27748993,33704,7
27749049,56,3
27749091,55,5
27749601,23,6
27749671,31,7
27749782,1953,5
27749798,55,6
27756809,60338,6
27758118,629,2
27758993,92,6
27759354,86,5
27759674,83,5
27760056,87,6
27760444,82,3
27760659,85,4
27760892,84,1
27761010,461,3
27761553,628,1
27761828,89,4
27762226,84,4
27762707,85,5
27762852,84,2
27763017,82,6
27763053,23,4
27763151,23,7
27763462,82,3
27763622,82,4
27764343,24,4
27764516,23,2
27764781,1938,4
27778768,18966,4
27780236,54644,1
27780716,43933,2
27783710,32,7
27784050,9270,1
27785561,33497,2
27788840,25,3
27792882,4950,5
27793190,299,1
27793433,64835,6
27793527,52,4
27793609,60743,3
27793923,9923,4
27794016,792,2
27797122,112,4
27797326,49,6
27797751,19037,7
27798623,123,5
27798856,5665,4
27801132,28831,7
27801183,159,7
27801429,83,4
27802142,58823,5
27802300,59084,2
27802707,58939,7
27802769,25,5
27803012,6970,4
27803195,7027,4
27803216,99,2
27803223,3646,3
27803231,101,2
27803307,6975,2
27803416,6970,6
27806150,41908,2
27806551,3260,1
27806556,3534,1
27806740,778,3
27809532,49,5
27810643,34,7
27810911,18784,2
27811622,62055,2
27811782,36,6
27811939,32,4
27812015,31,2
27812227,1964,5
27812397,31,1
27816216,30,3
27816284,1529,5
27816829,1982,3
27819890,10843,3
27822458,35182,2
27823828,478,1
27823834,478,1
27824411,798,1
27825324,121,5
27825565,656,7
27826981,658,4
27827639,9070,1
27833579,6973,7
27833594,7031,7
27841138,15876,3
27871734,27693,1
27884194,301,2
27884393,59361,2
27885451,58759,6
27885549,9549,2
27885564,12477,6
27885575,11678,3
27885589,11869,2
27885605,10552,6
27885620,10175,6
27885798,300,3
27886298,61977,1
27888489,36,3
27888753,56,1
27889065,84,2
27890146,25581,5
27891389,105,7
27892530,9847,3
27894476,7152,7
27894646,2160,6
27895596,432,3
27896833,59,7
27897151,215,1
27897421,10235,3
27897805,41184,4
27898400,26262,5
27899003,26499,4
27899170,62380,4
27899744,60,6
27900347,26395,1
27901728,5375,7
27903059,9707,3
27905762,1251,5
27907096,5163,6
27911633,64864,2
27913067,64835,1
27914023,144,4
27914030,41,1
27914035,56,1
27914042,148,6
27914053,34,3
27914058,38,1
27914064,48,2
27914070,91,5
27921312,24,1
27921417,25,1
27921748,25,5
27921869,25,6
27922064,25,6
27922127,25,1
27922297,25,1
27922455,2652,7
27922464,26,3
27922576,25,2
27922657,25,6
27922793,25,1
27922866,25,7
27922985,24,4
27923057,25,1
27923197,24,3
27923273,25,5
27923314,25,1
27923386,25,7
27923484,25,3
27923569,25,3
27923603,24,7
27923654,25,4
27923825,25,2
27923882,24,7
27924029,24,6
27924215,24,5
27924639,25,6
27924705,25,7
27924782,89,1
27924943,122,2
27925219,39,7
27925449,24,5
27925639,27688,6
27945593,1525,4
27955135,21424,7
27955853,61,4
27956012,105,3
27956207,34,2
27956215,61,2
27956353,667,2
27957104,5146,7
27957138,755,7
27957182,113,7
27967237,12209,6
27967253,8583,7
27973351,8929,1
27974731,27702,6
27974948,64,7
27975871,189,7
27976120,779,5
27977099,34,4
27977256,220,6
27977558,610,1
27978228,124,6
27978423,125,3
27978722,124,4
27979349,119,6
27981128,49,3
27981731,126,3
27982488,53,5
27982989,111,3
27983274,8851,4
27984564,192,6
27986273,420,1
27986385,722,5
27986687,396,2
27995113,54304,2
28005773,252,2
28006543,477,2
28007176,8141,6
28007884,8892,1
28016736,124,1
28035342,58353,5
28038414,681,3
28041253,20875,2
28043981,111,3
28044150,56,6
28055326,25497,5
28060608,35,7
28060741,1527,2
28062254,6043,5
28062676,1519,7
28063257,16236,6
28063545,3139,2
28063969,54031,7
28064542,110,3
28064553,78,1
28064568,87,1
28064580,105,5
28064753,162,7
28064768,126,5
28064781,111,7
28064793,128,2
28065345,55,1
28065358,52,6
28065369,59,1
28065393,7059,2
28065406,96,7
28065422,7067,3
28065451,7033,7
28065470,6982,2
28065921,111,4
28066168,66,4
28066754,3007,1
28066758,3296,6
28067539,101,5
28067539,81,7
28067539,190,5
28067540,76,1
28067651,228,7
28067904,54,3
28067905,65,3
28067905,126,4
28067905,51,6
28067947,59035,6
28068537,52,4
28068649,167,3
28068970,350,1
28069315,58860,3
28069347,617,6
28070035,38316,2
28070075,47001,1
28070105,46409,1
28070260,14590,5
28070540,58726,4
28071040,46,2
28072578,48,2
28076035,148,6
28076037,146,6
28076039,146,4
28076126,91,4
28076135,36,7
28076247,148,6
28079574,4835,1
28088336,25329,5
28094212,5158,7
28096397,33668,3
28103276,563,4
28103941,830,6
28109678,682,6
28110463,592,7
28115721,6508,2
28115732,6508,4
28115738,35,7
28122320,5166,3
28123937,162,1
28127273,24,4
28127999,24,4
28128161,102,6
28129195,2684,6
28129226,35687,3
28129389,58999,5
28129865,59365,5
28130147,59220,2
28131082,1491,1
28132801,15385,4
28135766,10822,5
28136421,8856,2
28138075,3115,2
28138556,1475,6
28138588,89,4
28138597,82,5
28138601,73,7
28138606,90,4
28138930,146,4
28138936,119,6
28138941,112,1
28138946,129,3
28139805,3132,6
28139995,26,2
28140166,1490,6
28140499,2694,4
28141857,33846,6
28141938,64866,4
28143332,24,1
28143383,24,2
28143477,23,6
28143691,23157,6
28143740,109,7
28144782,33662,1
28144808,43928,2
28145462,38,4
28145541,108,1
28145765,34,3
28145773,43233,2
28146002,32,2
28147443,35,3
28148638,638,2
28149362,374,1
28149951,26,6
28150071,62648,5
28150360,33,7
28150450,58798,1
28150653,47,2
28150691,47,6
28150713,59356,4
28150770,25239,2
28150992,58824,6
28151001,46,5
28151310,54,7
28151313,62,3
28151332,49,1
28151447,246,1
28151480,49,2
28151481,166,6
28152214,50,4
28152685,146,2
28152704,4172,7
28152752,65,4
28153068,85,1
28153142,864,3
28154465,997,6
28156011,117,3
28156711,46,5
28157891,5968,2
28158020,36,4
28161781,455,6
28162347,117,4
28163278,58,3
28163652,117,7
28164995,11169,5
28170791,48,3
28170797,57,5
28170802,121,1
28170808,124,6
28171982,58,7
28173309,117,1
28173412,117,3
28176016,146,5
28176317,554,6
28176836,25679,4
28189752,64,2
28208726,22337,4
28208912,55,3
28208977,333,3
28209609,342,5
28210417,94,1
28210605,50,3
28210742,172,4
28210977,63,4
28211087,90,6
28211322,115,4
28211458,88,2
28211594,57,5
28211700,74,1
28211837,75,1
28211944,334,3
28212327,337,2
28212715,341,2
28213111,334,4
28213500,335,5
28213788,43960,6
28213849,33699,1
28213882,334,2
28214262,336,6
28214642,270,3
28214644,16514,6
28214961,133,2
28215160,336,4
28217442,59112,6
28221098,26046,6
28222249,16023,2
28224997,23169,1
28225553,25916,3
28228806,815,1
28229334,61232,4
28230465,313,2
28230871,59156,5
28231188,101,6
28232245,313,4
28233332,61907,5
28238349,61311,1
28238478,311,5
28239209,61755,3
28239612,107,7
28242766,785,7
28244556,171,7
28245587,2665,5
28249278,24,3
28249362,635,4
28249631,24,3
28249722,24,7
28249850,24,1
28249948,24,2
28250085,25,1
28250170,106,3
28250415,107,7
28250608,30,2
28250745,29,1
28250934,30,7
28251061,30,3
28251456,31,7
28251735,29,2
28251817,29,5
28251963,30,5
28252588,29,4
28252663,29,3
28252813,35,3
28252864,30,6
28253154,30,5
28253296,30,1
28257057,561,7
28259676,688,4
28261080,6043,1
28269182,129,3
28269310,94,2
28270219,59,1
28270234,57,5
28270516,57,1
28270583,67,5
28270605,62,3
28270608,63,5
28270609,86,7
28271153,64,3
28271154,58,2
28271154,55,2
28271154,193,5
28271397,56,3
28271398,57,2
28271403,67,5
28271406,72,1
28271411,97,5
28271411,94,3
28271415,143,6
28271417,146,4
28272211,36,2
28272261,130,3
28272323,84,7
28272401,93,3
28272457,75,4
28272580,200,6
28272658,280,2
28272663,133,2
28272956,62,2
28272957,61,5
28272959,74,1
28272961,75,7
28272962,110,3
28272962,104,5
28272968,54,6
28272977,73,3
28272982,96,5
28278911,7055,3
28295354,333,7
28295759,336,7
28296168,335,4
28296592,338,3
28297237,934,2
28298424,628,2
28299608,289,7
28299927,337,3
28300310,138,5
28300526,1314,2
28302840,42486,5
28304152,25784,5
28305305,21631,3
28307685,33493,6
28307765,44130,3
28309848,3754,6
28310179,38,5
28311552,2330,3
28311561,1194,6
28312858,33,4
28314017,33,6
28314495,23183,6
28316648,64845,1
28316666,31,5
28316705,185,5
28317911,2684,6
28317912,357,7
28318434,50,3
28318904,5211,7
28320068,34,7
28320083,32,3
28320423,2330,7
28320432,1188,1
28321912,320,4
28322112,26120,4
28322378,327,2
28322401,1178,6
28322442,58879,6
28322779,58942,7
28322824,58757,7
28322886,574,1
28323845,2298,5
28323852,1192,1
28325780,3948,6
28326941,8504,4
28327097,467,6
28327914,2205,3
28328451,6694,6
28328841,3639,3
28329293,43,1
28329513,36,4
28329527,248,1
28330345,35,1
28330620,294,4
28330755,1174,1
28330765,2294,7
28332571,35,7
28332662,32,2
28332688,35,3
28332783,34,5
28332997,32,4
28333104,36,7
28333125,2720,5
28333270,31,4
28333412,36,3
28333545,36,3
28333618,50,7
28333902,30,7
28335607,812,5
28335852,39,4
28336689,41,2
28337076,39,5
28337086,1494,7
28337289,27,4
28337642,39,6
28337796,29,7
28337933,30,6
28338022,31,1
28338100,9606,6
28338177,30,2
28338253,29,2
28338307,38,2
28338366,30,7
28338445,33,4
28338963,79,2
28340132,1079,4
28341303,349,2
28341852,258,6
28341975,86,2
28342351,81,7
28342608,333,3
28342691,59,5
28347843,110,3
28347932,114,4
28348042,86,1
28349350,113,1
28351792,33602,6
28352771,59,4
28353387,30,2
28354783,34,7
28355070,29,4
28355726,75,5
28357188,135,3
28357192,170,4
28357714,50,4
28357754,49,3
28357842,64,6
28357856,79,6
28358345,152,4
28383195,330,5
28387737,43903,1
28388004,33450,6
28389311,12501,3
28389930,54,5
28395988,58964,4
28396298,14434,3
28397173,298,3
28397823,654,3
28399869,63667,5
28402279,1110,4
28403138,25350,4
28403146,25779,2
28403976,33,1
28404031,35,6
28404285,32,1
28406332,30,6
28406467,2866,1
28406580,35,4
28406608,2293,4
28406613,1175,2
28406720,36,3
28406810,43,7
28407055,53,7
28407256,16219,4
28407281,57,6
28407423,132,7
28407937,35,7
28408149,37,5
28408753,58743,3
28409009,58693,7
28409126,59050,6
28409621,4933,1
28409625,9466,4
28410315,41,4
28410907,23175,7
28411348,334,3
28411629,470,1
28414056,54,5
28414870,333,7
28415989,134,7
28416388,332,4
28416556,333,1
28416731,41,2
28417834,4973,3
28419205,215,2
28419256,87,1
28419323,88,2
28419550,326,1
28419834,43,6
28420046,294,2
28420222,245,6
28420314,46,7
28420626,366,6
28421301,1837,5
28428290,10357,7
28429742,36037,5
28432363,64846,5
28433008,377,4
28436202,38,1
28436430,37533,1
28471278,23189,5
28484799,37,2
28491858,246,7
28492238,27190,6
28492467,32990,6
28492470,33897,4
28492473,34185,3
28492482,34741,4
28493853,25273,1
28494081,1527,5
28494156,26094,4
28494160,26764,2
28494163,27239,4
28494166,27859,5
28495505,26,2
28495539,382,7
28495712,4714,2
28495721,4683,4
28495854,4554,7
28495992,4627,1
28496057,383,2
28496087,1153,3
28496151,4572,3
28496219,39806,5
28496450,382,3
28498583,382,2
28499463,45668,2
28500615,34,5
28508482,333,5
28513568,241,6
28513736,332,4
28514177,44363,3
28514283,332,3
28514709,327,3
28515052,278,3
28515274,333,4
28521368,455,3
28528259,25,6
28528469,103,4
28528691,332,4
28529060,59093,7
28529143,58694,6
28529229,58459,4
28529304,27,6
28529440,34,5
28530143,33,3
28530245,24,6
28530275,35,7
28530415,34,5
28530488,295,6
28530492,37,3
28530741,33,4
28530859,34,3
28531012,34,1
28531125,34,3
28531215,106,7
28531303,105,5
28531467,106,4
28531648,106,2
28531739,105,1
28531745,287,2
28531898,34,6
28531993,254,4
28532198,52,5
28532225,58699,3
28532390,49,6
28532486,289,6
28532562,165,1
28532736,105,7
28533040,59004,4
28533085,332,6
28533952,47749,5
28533996,127,7
28534027,46029,2
28539965,332,3
28540003,333,7
28540106,121,1
28540147,752,6
28540212,753,7
28541213,332,3
28544308,632,5
28566108,27033,3
28568347,31,7
28568478,70,4
28569434,1155,5
28569443,63668,3
28569816,632,7
28570346,252,4
28570630,567,5
28570752,451,2
28570883,326,4
28571104,235,7
28571106,89,7
28571109,72,3
28571111,1011,7
28571114,52,6
28571116,102,7
28571477,632,5
28571493,633,5
28571500,72,5
28573222,24077,3
28580305,633,5
28585301,30,3
28585483,30,4
28585669,30,2
28585991,33,3
28586314,30,2
28586423,30,3
28587533,30,3
28587601,26,3
28587935,93,3
28587985,428,5
28588452,332,4
28593760,55566,4
28594944,79,4
28595634,78,5
28595968,82,5
28596141,78,2
28596505,332,5
28596589,263,3
28596746,95,4
28597455,217,3
28597563,127,7
28597689,333,7
28598145,130,7
28598278,140,6
28598471,121,3
28598557,332,2
28598674,329,5
28598965,30,3
28599488,158,6
28599668,332,6
28600132,179,3
28600317,364,7
28600742,325,5
28600849,40,7
28601064,864,2
28601423,111,4
28601534,260,1
28601641,340,5
28602585,318,4
28602802,332,5
28603386,333,1
28603495,332,6
28604241,181,5
28604407,332,1
28604630,168,3
28604807,332,5
28611796,1859,2
28613771,62,5
28622910,112,6
28624187,33,5
28624619,32,3
28624777,31,3
28624911,315,3
28625215,34,1
28625485,699,4
28626151,715,2
28630647,34,6
28630913,332,4
28631752,186,3
28631990,367,2
28632654,80,4
28632786,73,2
28632973,229,2
28633224,632,1
28648079,59310,4
28649106,16159,7
28651405,4088,1
28652813,61239,2
28654854,7266,1
28656294,112,2
28656359,105,1
28657531,53,3
28658441,384,7
28666376,13380,4
28666389,13396,1
28666399,13418,6
28666416,13393,2
28666432,13395,1
28672235,68,1
28675177,16108,2
28675426,3674,7
28676236,3558,3
28679956,24,2
28681901,1067,6
28681910,52443,7
28683104,625,4
28683805,604,2
28684432,255,4
28686073,1696,2
28687658,31,6
28687884,863,4
28697539,1945,5
28698002,4574,1
28698256,13419,1
28698266,13436,1
28698276,13443,3
28698284,13445,7
28698293,13381,7
28698300,13546,4
28698308,13522,1
28704883,7237,7
28716754,35,3
28719057,33,4
28727498,69,2
28727683,63,7
28727794,83,1
28727899,107,2
28728042,68,7
28728150,96,3
28728287,76,5
28728322,44,2
28729622,66,6
28729729,87,2
28729863,83,1
28729969,112,7
28730106,89,6
28730242,59,7
28730350,84,3
28730485,66,7
28730600,58,5
28731236,49,7
28731311,68,7
28731446,68,4
28731582,56,5
28731690,79,7
28731825,68,1
28731932,82,2
28732041,75,3
28732177,71,2
28732304,64,3
28732410,89,6
28732547,80,1
28732675,76,3
28732783,66,2
28732918,67,4
28733042,52,6
28733726,16258,4
28734756,50,2
28737230,59013,7
28742575,3663,7
28743095,47,3
28743177,1238,4
28743256,267,7
28743709,92,6
28744165,754,6
28744548,24,1
28744989,24,6
28745240,46,5
28745282,1240,4
28745402,86,4
28745435,270,7
28745803,3098,4
28745806,92,5
28745879,2745,4
28746017,754,5
28749256,34,7
28749317,34,7
28749801,29,2
28751256,3157,5
28754392,46,3
28754421,1236,2
28754584,266,3
28755085,93,3
28755297,753,1
28759779,182,1
28760812,2605,7
28762529,175,7
28763698,196,7
28763803,332,4
28763944,3059,1
28764269,332,6
28764706,136,7
28764824,332,5
28764960,6842,6
28765471,548,6
28766295,633,4
28766892,633,1
28767615,632,3
28769532,192,6
28770954,3510,5
28771260,1962,5
28771805,26,3
28772530,3664,2
28777339,178,7
28783237,16109,7
28783646,1601,7
28784990,4525,4
28785641,266,3
28785826,187,4
28786241,266,1
28786689,229,2
28787049,234,7
28787556,160,1
28787804,30,5
28788060,29,7
28788151,30,4
28788260,30,7
28788387,1672,4
28789563,34,7
28789726,1082,4
28799149,550,1
28799518,161,7
28800291,633,2
28800910,204,4
28801083,394,5
28801231,238,2
28801428,142,3
28801568,323,7
28801849,68,1
28801991,72,4
28802665,82,1
28802827,72,5
28803006,68,6
28803224,569,2
28803377,412,1
28803826,392,5
28804505,243,5
28804582,68,7
28804705,257,7
28804914,37,5
28804994,393,7
28805352,129,5
28805466,171,1
28805616,65,2
28805803,308,1
28806078,242,4
28806270,211,7
28806441,63,2
28806915,309,5
28807184,531,3
28807425,370,4
28807758,319,2
28807943,921,1
28808725,38,1
28809040,221,5
28809239,128,3
28809332,62,5
28809456,111,5
28809801,111,2
28810463,59,3
28810570,60,7
28810677,94,1
28810814,84,4
28810950,63,5
28811058,59,2
28811428,57,4
28811544,68,4
28811655,68,2
28811790,65,1
28811905,86,1
28812012,97,1
28812163,65,6
28812276,54,1
28812384,88,4
28812584,63,1
28812695,58,3
28812802,82,6
28812940,88,4
28813077,58,1
28813182,66,5
28813288,83,6
28813425,74,6
28813531,69,4
28813669,66,1
28813775,102,4
28813912,83,2
28814021,53,2
28814129,52,4
28814235,84,2
28814465,85,5
28814591,332,7
28814990,48,4
28815099,66,4
28815204,85,6
28815331,82,6
28815461,132,4
28815505,35,6
28815631,53,5
28815736,89,3
28815877,79,6
28816006,80,7
28816116,65,2
28816245,58,4
28816352,81,1
28816487,68,7
28817189,48,5
28817296,55,6
28817401,99,4
28817444,37,4
28817537,67,1
28817673,49,3
28817726,34,2
28817777,55,2
28817885,90,2
28818022,52,1
28818128,80,6
28818265,70,5
28818868,74,3
28818974,98,4
28819113,58,6
28819220,88,6
28819363,79,1
28819471,60,1
28819790,31763,5
28819868,60,6
28819974,65,3
28820085,56,4
28820190,88,2
28820327,63,7
28820432,89,1
28820576,75,4
28820682,99,4
28820811,47,3
28820820,113,5
28821768,35,2
28822372,34,6
28823193,35,4
28823718,34,7
28824237,35,5
28824852,33,4
28825474,114,7
28825679,240,5
28825716,181,4
28825886,76,1
28825888,42,4
28826118,38,6
28826323,50427,5
28826350,43855,7
28826771,38,2
28827186,35,5
28827979,35,2
28828223,61234,2
28828374,33,7
28828847,34,4
28829874,66,5
28829968,36,7
28831690,813,1
28832322,3681,4
28832681,4681,6
28833253,63675,1
28837293,304,4
28837855,72,6
28838041,1318,4
28839005,60,2
28839946,51,4
28840791,6337,6
28840814,84,3
28841217,90,5
28842895,27,7
28847465,2809,1
28847631,19690,1
28850379,982,7
28851391,6916,2
28851767,332,6
28852052,63,2
28852181,119,3
28852427,464,5
28852620,269,7
28852798,107,5
28852926,331,3
28852959,42066,6
28853034,401,4
28853221,114,2
28853442,291,1
28853659,632,6
28856470,332,3
28856592,49386,1
28857992,33541,3
28858016,33489,3
28858041,33489,6
28858059,33507,5
28858076,33496,7
28858099,5562,4
28858130,33561,2
28858714,332,1
28859025,204,4
28859184,191,6
28859328,333,4
28859379,37,2
28859509,6277,1
28859556,333,7
28865835,1231,6
28866824,18031,2
28870586,355,5
28874906,255,4
28875093,332,6
28875569,188,6
28875741,300,2
28876041,332,3
28876487,332,5
28877130,34,3
28877242,39,4
28877485,624,5
28878074,47,3
28879066,34,7
28879241,31,6
28879305,31,5
28879673,31,2
28879776,31,4
28880385,30,5
28880805,31,1
28881154,33,7
28881505,32,3
28882194,135,6
28882445,115,7
28882744,32,4
28882825,228,3
28883006,58,2
28883248,45,6
28883488,289,3
28883847,398,1
28883866,141,6
28884275,305,7
28885048,332,7
28885847,249,3
28886067,212,4
28886246,144,4
28886356,50,7
28886422,322,1
28886486,33509,7
28886512,33468,6
28886529,33511,5
28886546,33567,4
28886562,33497,7
28886580,33815,4
28886597,33494,2
28886752,279,3
28887006,332,2
28887321,332,2
28888130,332,1
28888613,332,3
28888770,36,4
28889533,31,2
28889913,32,4
28889986,333,2
28890035,34,5
28890472,35,3
28890608,324,4
28890754,34,1
28890902,133,1
28890988,149,7
28891107,332,7
28891550,36,1
28891561,329,1
28891778,35,2
28891790,328,7
28891901,48,4
28891915,236,3
28892046,265,5
28892265,130,5
28892367,169,5
28892402,48,6
28892495,218,5
28892656,332,4
28892872,226,1
28893059,333,1
28893192,333,4
28893434,47,5
28893531,203,1
28893657,46,5
28893720,332,3
28894102,45,7
28894140,351,7
28894354,333,3
28894509,97,7
28894767,454,7
28895052,332,7
28895149,332,5
28895643,332,1
28895825,332,4
28895865,313,4
28896304,332,4
28896383,46,5
28896567,90,2
28896574,332,4
28896704,80,4
28896810,45,2
28896895,38,7
28896973,120,4
28897146,67,7
28897475,125,7
28897512,72,6
28897614,914,1
28897619,54,4
28897627,55,4
28897725,83,6
28897861,61,4
28897966,87,5
28898105,88,4
28898148,303,5
28898243,76,2
28898275,74,1
28898382,54,2
28898450,32,5
28898479,67,5
28898550,632,2
28898748,379,1
28898939,633,5
28899241,52,4
28899309,604,3
28899315,61,5
28899459,51,3
28899545,384,5
28899571,94,3
28899704,47,1
28899712,59,5
28899816,89,1
28899865,156,5
28899950,64,1
28900056,84,5
28900070,52,3
28900162,84,5
28900220,52,2
28900303,59,4
28900409,82,7
28900545,63,7
28900584,45,3
28900670,59,7
28900719,211,7
28900776,77,2
28900900,333,6
28900914,79,5
28901149,70,4
28901284,343,6
28901495,123,2
28901662,61,5
28901767,88,4
28901908,152,4
28902108,71,2
28902257,87,2
28902394,150,7
28902579,61,6
28902686,94,4
28902771,52296,1
28902820,72,7
28902992,72,7
28903158,109,1
28903295,61,7
28903400,78,7
28903466,37,6
28903616,58,5
28903721,82,6
28903828,96,6
28903877,33,6
28903967,90,6
28904044,34,1
28904103,64,1
28904209,81,5
28904308,34,5
28904607,52,4
28904714,64,1
28904819,57,2
28904925,83,7
28905063,56,2
28905169,84,2
28905305,64,4
28905410,87,6
28905546,77,2
28905708,54,1
28905811,54,3
28905917,71,6
28906052,61,7
28906157,78,1
28906293,59,3
28906660,58,1
28906771,75,3
28906876,98,6
28907015,89,3
28907150,51,6
28907255,76,2
28907331,59068,6
28907390,62,2
28907499,85,2
28907634,80,3
28908177,10746,4
28908441,45072,4
28908989,43992,4
28909011,50427,6
28909474,119,5
28912156,106,3
28912326,36,1
28917079,39,7
28920270,53,7
28920743,10333,1
28923504,106,6
28923563,66,1
28923584,40,1
28923894,96,7
28923949,38,5
28924368,103,2
28924388,39,5
28924743,61,3
28924753,52,6
28924989,57635,4
28925082,74,7
28925270,65,7
28925404,355,2
28925516,173,4
28925526,165,7
28925776,47,6
28925789,38,5
28926645,38,2
28926818,38,7
28926956,27,3
28927835,1469,7
28927940,193,7
28930488,33434,2
28931137,1841,2
28931335,180,4
28931351,148,6
28932304,26,3
28933280,2581,3
28933420,158,4
28933437,142,6
28933720,171,3
28933733,141,3
28935016,1601,4
28938241,18037,7
28939479,34,6
28940031,35,7
28942135,28,3
28942284,44,7
28942402,43,4
28942533,36,5
28942656,57,3
28944594,725,1
28944600,726,4
28945523,698,1
28945529,697,4
28946168,27,7
28946432,27,7
28946758,28,7
28947453,673,3
28947459,673,3
28948252,341,3
28948258,342,6
28949387,32,4
28949539,56,3
28956240,123,4
28956550,84,1
28956767,81,5
28957018,82,5
28957269,83,2
28957356,81,5
28957505,86,3
28957594,85,5
28957716,84,4
28957825,84,5
28957940,83,4
28958013,82,5
28958151,84,5
28958286,83,1
28958438,83,2
28958495,82,5
28958659,84,2
28958751,83,6
28958845,82,6
28958930,82,2
28959012,83,1
28959125,85,3
28959292,81,6
28959478,81,3
28959570,86,3
28959775,85,3
28959876,85,1
28959946,83,3
28960025,85,7
28960110,86,3
28960173,85,7
28960281,86,2
28960648,88,6
28960770,89,1
28960967,85,2
28961042,85,5
28961217,332,7
28961923,85,3
28962083,84,2
28962224,85,2
28962424,83,1
28962531,86,7
28962637,332,5
28962681,86,3
28963106,85,3
28963339,85,2
28963471,328,5
28963752,331,7
28963766,325,7
28963873,333,7
28963922,336,2
28964208,328,5
28964710,29,4
28964835,329,5
28964962,332,2
28965026,328,5
28965688,81,6
28965707,332,7
28965902,83,3
28966100,328,5
28966124,332,2
28966342,85,3
28966531,80,1
28966660,85,5
28966819,333,7
28966891,328,5
28966971,84,5
28967161,31,5
28967245,84,3
28967445,328,6
28967550,329,4
28967733,83,3
28967798,329,5
28968460,30,3
28968483,285,7
28968517,230,2
28968677,225,1
28968724,42,5
28968731,316,2
28968908,332,5
28969403,332,7
28969539,84,1
28969614,305,6
28969810,106,2
28970169,48,4
28970290,269,4
28970483,332,2
28970949,59,6
28971079,247,6
28971295,112,4
28971473,332,1
28971866,267,3
28972327,156,1
28972517,140,6
28972676,316,1
28972817,478,1
28973251,174,1
28973409,715,4
28974356,568,5
28975168,752,3
28976147,299,4
28976651,539,4
28976991,345,6
28977057,324,7
28977970,301,4
28978274,746,6
28979056,288,5
28979350,1237,5
28979534,490,1
28981040,43,2
28981165,441,7
28981510,90,5
28981587,151,2
28981727,197,7
28981921,253,3
28982229,672,2
28982860,274,4
28982970,61,6
28983158,755,3
28983182,53,3
28983808,31,7
28984110,2127,1
28984551,127,5
28984649,173,2
28984798,413,6
28985044,64833,6
28985148,296,3
28985220,66,6
28985407,146,6
28985532,329,6
28985872,788,5
28986041,655,4
28986252,71,3
28986382,67,7
28986509,100,6
28986661,294,1
28986669,71,4
28986793,70,6
28986934,59,3
28986939,7953,2
28987041,38,1
28987189,3933,5
28987274,80,3
28987391,62,3
28987396,3932,6
28987531,61,1
28987641,68,4
28987756,87,7
28987879,61,3
28988001,83,1
28988111,92,7
28988255,58,1
28988387,53,7
28988499,54,6
28988609,63,6
28988725,84,4
28988854,70,3
28988983,61,7
28989091,56,3
28989200,76,3
28989340,60,2
28989451,86,4
28989451,49529,2
28989592,57,5
28989703,79,7
28989812,101,7
28989951,55,1
28990061,80,4
28991342,94,4
28991550,73,4
28991662,64,3
28991770,74,1
28991910,69,6
28992018,93,3
28992165,67,4
28992283,71,7
28992394,58,4
28992520,61,3
28992636,65,3
28992744,83,7
28992885,64,7
28992993,80,1
28993132,62,2
28993247,931,4
28993436,50428,3
28993473,44128,2
28994424,20809,3
28994733,6469,4
28998313,470,2
28998629,64836,7
28999080,33,7
28999295,2127,7
28999622,46,6
29000559,33,3
29000835,48,4
29004183,34,3
29005746,37,6
29005793,48,2
29006406,44,2
29006455,60,6
29006473,409,5
29006949,56,3
29007476,1052,4
29011477,64842,7
29012605,44845,3
29013167,5336,4
29017302,529,6
29017311,536,2
29018157,497,4
29018170,497,4
29019169,185,1
29019178,186,2
29019225,63677,1
29019472,785,6
29019478,785,1
29020387,352,7
29020393,349,7
29021573,688,1
29022368,706,1
29022374,700,1
29023187,352,1
29023195,351,5
29024439,585,3
29027449,18926,1
29037325,28,2
29050574,618,2
29050580,610,3
29051311,333,1
29051317,329,4
29052446,568,5
29056223,1003,3
29056230,980,6
29057393,1207,4
29057400,1169,4
29063644,5121,4
29068858,942,3
29068865,927,2
29069931,471,7
29069939,64533,3
29079262,20528,5
29085122,2127,5
29089124,44492,1
29096413,58824,1
29100511,1881,5
29101851,6615,7
29102154,60,7
29102264,48,1
29102374,78,7
29102458,3105,4
29103261,2438,4
29103393,51316,5
29105205,53,1
29105577,883,4
29105694,54,1
29105794,498,6
29106815,7055,3
29110165,20472,4
29113917,10214,1
29124201,54067,2
29124803,6150,3
29133830,44448,1
29138593,60,1
29139094,54,5
29139696,55,1
29170184,1734,7
29171155,174,5
29171891,518,6
29172729,3254,3
29176032,11993,3
29182743,44,5
29186703,75,2
29187367,64840,5
29187858,39,4
29187929,44,7
29188158,47,4
29188466,43,7
29188987,39,5
29189146,42,5
29189317,52,2
29189842,82,7
29189929,43,6
29203097,159,2
29205461,20716,3
29219416,16697,4
29226171,20817,2
29242195,54,5
29242325,66,5
29242436,87,4
29242565,73,1
29242705,79,1
29242826,64,5
29242937,79,7
29243063,75,1
29243210,101,3
29243382,125,7
29243559,72,1
29243668,97,1
29243838,124,5
29244005,116,7
29244165,974,7
29245203,40,1
29246011,73,5
29246130,1261,2
29246585,48,3
29246888,20587,5
29247431,114,2
29247640,993,7
29248688,984,7
29249736,127,7
29249904,126,5
29250097,78,6
29250208,46,1
29250239,125,1
29250445,95,2
29250615,107,1
29250768,122,5
29250938,138,7
29251158,132,5
29251344,99,1
29251499,117,4
29251521,44,6
29251662,338,5
29251868,37,3
29252190,148,3
29252239,41,1
29252352,50428,4
29252381,964,1
29252387,43910,3
29252858,38,1
29253400,952,7
29253903,35,4
29254024,12530,5
29255277,35,5
29256040,33,7
29256791,64837,5
29256811,43262,6
29257235,34,4
29258001,34,3
29258232,106,5
29258909,47090,1
29258991,26538,5
29259007,26553,1
29261697,5220,7
29261708,4431,3
29264489,87,4
29264803,29,2
29265132,161,2
29267112,64841,5
29267808,20705,6
29269959,105,4
29270266,69,6
29270270,59,2
29270472,56,6
29273384,5298,6
29273391,4492,4
29273747,37,2
29273754,127,6
29276877,25606,2
29280812,5291,5
29280845,3943,1
29281296,3938,3
29281950,57,5
29283147,555,2
29283166,274,2
29283178,197,4
29283192,155,4
29283203,113,7
29283218,91,5
29283226,88,4
29283614,5290,6
29285689,11474,6
29287764,314,3
29289208,56,6
29289464,43756,4
29290713,53,1
29302326,32,3
29302976,32,3
29328638,58,5
29328753,83,3
29328860,933,4
29329862,934,2
29330656,20559,5
29330847,934,6
29333123,54,4
29333206,69,4
29333319,64,5
29333445,76,5
29333592,68,5
29333702,59,7
29333820,82,7
29333932,79,7
29334061,75,7
29334172,72,7
29334316,81,4
29334428,64,3
29334539,94,6
29334681,57,4
29334794,87,6
29334964,44012,1
29335362,50428,4
29335711,67,3
29335838,60,4
29335947,87,1
29336088,67,5
29336218,60,5
29336327,89,1
29336465,49,7
29336575,115,3
29336732,45,1
29336809,87,4
29336957,48,5
29337066,68,6
29337197,77,6
29337305,75,6
29337445,74,1
29337664,91,3
29337806,55,1
29337920,84,2
29338038,88,2
29338181,60,6
29338295,85,5
29339655,92,4
29341346,55,1
29342275,57,3
29342389,66,2
29342501,60,5
29342612,92,2
29342753,55,3
29343295,14437,4
29347663,32,3
29347881,46,2
29347977,26,1
29348036,795,4
29349314,46,6
29355595,37,3
29355847,64,5
29356371,58,1
29357780,28,4
29357833,1054,2
29357841,1046,6
29358170,24,1
29359208,1222,6
29359214,536,6
29359215,29,5
29359861,30,2
29359875,20647,1
29360992,32,1
29361436,11324,6
29361635,31,1
29363805,30,5
29364236,223,1
29366301,30,4
29366757,30,7
29367252,30,2
29367596,205,7
29367740,155,4
29367836,37,7
29368000,29,6
29368240,30,5
29368344,29,6
29368656,38,2
29369095,29,6
29369139,51,5
29369464,48,5
29370857,68,6
29371225,21793,6
29371895,64,2
29372042,30,4
29372328,65,5
29372444,29,4
29373209,203,3
29374744,72,1
29376061,917,1
29376110,901,1
29376209,119,1
29377202,1061,1
29377208,1046,4
29378587,1088,5
29378594,1058,5
29381204,20659,1
29384529,33,2
29385134,2630,2
29385229,208,1
29386630,75,3
29388632,1454,1
29388638,1428,4
29388645,1427,5
29390398,1221,7
29390404,1223,5
29390410,1218,5
29397125,1443,2
29398718,555,5
29398724,549,4
29398730,550,4
29399586,340,1
29399592,314,6
29399598,313,6
29401229,696,6
29402105,562,2
29402112,533,1
29402119,531,5
29403014,311,2
29403021,310,5
29403027,284,1
29404643,593,6
29405406,40,3
29405420,91,7
29405768,469,5
29405782,459,1
29407173,20532,1
29407567,542,6
29408298,53,6
29408304,91,6
29408692,840,2
29408699,833,2
29415025,5144,2
29415088,56,6
29415202,53,6
29415314,60,1
29415426,64,2
29415542,87,4
29415656,88,7
29415797,56,7
29415913,71,7
29416025,71,2
29416144,72,4
29416269,67,4
29416385,63,4
29416513,63,6
29416624,95,1
29416769,56,6
29417082,51,3
29417192,74,6
29417304,72,1
29417412,108,4
29417548,76,6
29417688,76,7
29417793,87,1
29417902,85,1
29418043,54,7
29418155,93,3
29418305,55,7
29418420,49,5
29418531,78,4
29418662,71,3
29418774,68,6
29420147,55,3
29420258,63,2
29420359,888,7
29420360,60,5
29420472,97,3
29420616,75,7
29420729,111,3
29420831,107,4
29420896,89,3
29421137,138,1
29421315,87,5
29421358,143,7
29421457,56,3
29421552,1091,1
29421569,84,6
29421672,158,7
29421713,55,6
29421946,117,1
29422106,105,5
29422254,70,6
29422374,163,3
29422405,51,6
29422513,73,3
29422623,50,6
29422734,83,5
29422876,56,1
29422986,78,1
29423095,66,5
29423225,65,2
29423337,98,7
29423476,55,5
29423585,96,1
29423726,56,4
29423835,81,6
29423945,83,3
29424085,933,4
29424637,29,1
29424768,30,1
29425504,196,6
29425677,33,4
29426065,22109,4
29426097,11124,3
29427692,20300,3
29427902,2632,7
29428012,482,1
29435641,77,7
29436675,76,6
29437803,76,3
29437840,75,4
29438626,2672,1
29438836,82,6
29441630,1252,3
29448000,20209,6
29448159,21974,6
29448161,5129,7
29448257,204,7
29453492,1495,3
29453499,1504,5
29453917,241,4
29455349,1243,7
29455357,1254,2
29455851,666,3
29456999,1144,3
29457715,76,2
29458236,10829,4
29458422,532,4
29462218,2625,4
29465001,613,7
29465924,355,7
29467583,550,6
29468306,20341,6
29469059,589,2
29469065,582,3
29469958,339,4
29470135,22202,1
29471610,690,3
29472194,10666,3
29483294,601,3
29484213,340,4
29485824,582,5
29486569,648,7
29487494,99,4
29487551,328,7
29488092,6669,4
29489229,546,3
29489923,1519,3
29489994,20284,5
29492349,22056,4
29492553,294,5
29492801,29,6
29493491,106,7
29494028,29,5
29494200,29,3
29494333,36,5
29495853,117,4
29496487,108,6
29496550,76,7
29497353,35,2
29498945,29,2
29499289,29,7
29499738,29,1
29500287,29,7
29501463,62,1
29501571,77,1
29501628,5126,3
29501703,78,3
29501817,86,2
29501957,56,1
29502071,74,3
29502182,60,6
29502294,87,3
29502438,53,5
29502546,85,4
29502675,82,7
29502773,44,5
29502789,86,5
29502928,82,1
29502960,203,5
29503037,78,5
29503160,957,6
29503179,70,2
29503288,63,3
29503406,55,6
29503520,85,2
29503648,88,5
29503774,84,2
29503886,80,5
29504014,70,7
29504132,69,3
29504259,60,3
29504377,60,1
29504492,90,1
29504638,52,5
29504738,666,2
29504750,85,1
29504865,82,1
29505016,55,6
29505131,63,4
29505239,59,6
29505347,91,4
29505413,588,1
29505486,66,7
29505615,56,3
29505660,336,4
29505727,85,1
29505857,74,5
29505966,113,2
29506137,91,4
29506276,61,3
29506336,135,2
29506385,83,1
29506514,83,6
29506624,82,7
29506766,74,1
29506876,931,4
29506933,1213,5
29507022,137,4
29507876,54,6
29507987,89,7
29508127,53,1
29508238,75,4
29508352,65,3
29508468,63,2
29508500,1115,2
29508580,85,6
29508712,79,6
29508826,74,3
29508956,70,3
29509070,70,1
29509198,66,6
29509309,90,1
29509451,62,6
29509565,85,2
29509677,81,6
29509816,79,2
29509927,71,3
29510038,104,6
29510177,72,3
29510307,56,1
29510676,51,4
29510786,75,2
29510897,80,1
29511037,69,4
29511146,76,4
29511286,62,2
29511398,58,2
29511509,84,6
29511618,87,2
29511758,84,4
29511867,293,2
29514299,1647,4
29514343,72,3
29514790,196,5
29515130,1584,4
29516842,10695,4
29520300,13512,1
29520640,319,4
29524085,87,3
29524417,122,4
29524653,1680,2
29524728,37,4
29526045,126,4
29526888,1466,2
29529397,76,3
29530879,632,1
29531899,344,2
29532121,42,1
29532496,20258,1
29533613,742,4
29533751,22006,7
29534549,552,3
29535868,6729,3
29535880,9057,7
29540530,50060,3
29548742,63672,6
29549840,63672,1
29552585,17841,4
29552913,20205,1
29555933,22463,2
29566357,6788,2
29572568,28866,5
29587623,305,2
29587883,334,1
29588389,104,4
29588534,58,2
29588645,57,4
29588758,90,5
29588900,58,3
29589017,78,1
29589413,52,3
29589522,61,7
29589623,55,1
29589735,85,1
29589865,78,4
29589994,70,2
29590107,71,2
29590235,66,5
29590348,62,5
29590460,84,6
29590600,54,2
29590711,78,7
29590839,80,1
29590968,74,6
29591080,73,4
29591220,58,3
29591329,53,7
29591426,6836,6
29591432,6211,5
29591438,6349,6
29591438,83,6
29591444,5105,5
29591567,84,7
29591695,77,3
29591824,72,7
29591934,71,6
29592049,64,7
29592180,65,6
29592305,59,5
29592416,84,6
29592545,83,7
29592659,86,1
29592801,55,4
29592912,86,1
29593052,47,5
29593162,64,2
29593274,59,6
29593382,97,5
29593525,103,3
29593695,94,5
29593835,51,7
29593948,76,1
29594060,932,6
29595064,51,2
29595179,52,1
29595292,67,3
29595403,70,3
29595534,65,6
29595647,95,2
29595778,52,1
29595891,80,6
29596002,84,2
29596144,78,3
29596256,72,1
29596367,100,2
29596510,65,7
29596624,64,5
29596754,57,1
29596867,82,3
29596998,48,7
29597106,76,3
29597237,80,6
29597342,49706,4
29597376,55,4
29597485,76,1
29597613,58,3
29597722,57,2
29597830,93,3
29597955,9944,1
29597967,83,7
29598071,49,3
29598179,49,7
29598281,83,7
29598392,75,3
29598520,65,5
29598630,580,1
29599256,86,6
29599371,71,7
29599482,77,7
29599623,65,2
29599737,62,5
29599848,84,2
29599983,81,6
29600096,74,3
29600209,76,1
29600351,65,6
29600467,63,3
29600580,92,2
29600723,61,1
29600836,84,7
29601277,25498,4
29601282,25568,6
29601288,5294,6
29601293,5218,4
29601297,4499,1
29601823,42,2
29602426,1827,5
29604840,40817,4
29605556,1827,6
29608713,32,6
29609391,112,7
29610804,98,5
29611363,661,2
29614593,80,7
29614958,101,1
29615624,75,1
29615645,118,3
29615996,90,4
29616791,121,3
29617166,74,5
29618015,663,5
29618179,115,5
29618375,3632,1
29618582,75,4
29618595,101,6
29623061,32,4
29625269,68,4
29625376,7195,5
29625478,17322,3
29625531,94,6
29625599,338,4
29626276,338,6
29629928,22523,3
29630292,168,6
29630323,103,3
29630449,405,3
29632406,9913,3
29634349,126,1
29634915,139,6
29635642,88,5
29638282,32,1
29638404,31,2
29638541,32,3
29638613,32,2
29638739,32,4
29638898,32,5
29639065,32,2
29639185,32,4
29639262,32,1
29639409,33,4
29639567,32,3
29639667,32,2
29639793,33,5
29639922,33,7
29640000,32,1
29640097,33,1
29640210,31,5
29644358,61833,5
29644422,56796,7
29644476,58845,1
29644526,61045,3
29647369,17374,3
29669795,22348,1
29686817,118,2
29689896,107,6
29692480,43248,7
29706568,70,3
29706595,102,3
29709015,35,3
29709565,22356,1
29711270,36,6
29711395,35,5
29711467,52,1
29712305,65,7
29712465,3629,1
29712944,32,6
29713037,32,6
29713043,32,4
29713047,32,1
29713050,31,4
29713315,33,2
29713319,32,5
29713323,32,7
29713326,33,4
29713330,32,3
29713891,31,3
29713906,33,1
29714037,32,4
29714206,32,3
29714211,33,6
29714214,33,1
29714218,32,5
29714221,32,6
29714224,33,5
29714228,32,6
29714231,33,6
29714235,33,5
29714238,33,3
29715040,39,5
29715318,30,4
29715572,31,1
29715757,31,2
29715782,32,6
29715853,32,6
29715920,32,6
29716152,43,5
29716276,33,3
29716355,58,1
29716561,57,5
29716594,31,2
29716659,32,1
29716722,33,2
29716799,40,5
29716819,33,7
29716861,56,2
29716889,33,2
29716908,33,4
29717003,30,2
29717046,33,3
29717108,33,3
29717205,55,7
29717263,40,7
29717313,33,1
29717463,36,5
29717469,31,7
29717527,32,4
29717587,33,4
29717648,35,5
29717666,40,5
29717736,34,7
29717983,35,4
29719694,3628,5
29720930,68,4
29720935,92,6
29720941,115,2
29720946,100,3
29721704,17418,5
29723459,1377,1
29724902,944,7
29726019,54,7
29726068,20488,5
29726908,35,5
29727090,35,6
29728817,82,5
29730351,38,6
29731228,20331,6
29732057,185,3
29732095,22315,2
29772115,22314,5
29779467,122,7
29781349,43874,6
29786702,134,2
29786705,144,4
29786707,239,2
29786710,172,6
29793396,62419,5
29793791,551,5
29793797,520,5
29794457,330,6
29794463,331,3
29794470,21958,2
29795592,572,7
29799290,712,1
29799293,538,7
29799295,1206,4
29799749,50725,1
29812350,50,4
29812399,51,2
29812440,51,2
29812469,49,5
29812499,49,1
29814436,111,1
29815131,20420,6
29816162,551,2
29816172,550,5
29816844,312,3
29816850,312,4
29816916,22040,3
29817968,548,1
29818597,3525,4
29818604,39,2
29822254,2260,1
29822260,39,5
29829405,5120,7
29831775,57060,4
29834618,1457,5
29834626,1456,5
29836200,1199,5
29836206,1197,3
29839114,22032,3
29842249,2631,3
29843886,165,2
29844117,9589,5
29844124,7988,5
29844982,1170,3
29846253,1187,1
29852130,1454,7
29852156,83,3
29857050,26005,3
29859222,117,5
29859269,5216,4
29859275,5308,7
29859283,4506,1
29862104,64832,6
29862652,38,5
29862699,45,2
29864146,82,2
29867346,7258,5
29868025,10221,7
29868874,12218,1
29871086,632,6
29871294,17331,3
29872491,5003,1
29872545,5015,6
29872583,5011,3
29872597,5028,3
29874398,90,3
29876150,21967,7
29878298,14432,4
29878333,14433,3
29880981,756,1
29881906,376,2
29883100,698,3
29883888,581,6
29883894,576,4
29884592,341,5
29884600,307,4
29885804,698,2
29886602,588,2
29886608,573,6
29887314,332,6
29887322,32,4
29887336,393,5
29888529,552,5
29888787,251,6
29889164,1004,7
29889171,985,1
29890279,1094,2
29890286,1058,6
29890630,58873,5
29893656,2027,7
29893670,2038,1
29893684,2034,6
29893696,2029,1
29896408,5247,5
29900157,60508,3
29907747,32,3
29908402,485,3
29908481,1317,1
29915782,3029,3
29918978,1119,7
29918985,1086,4
29924888,2625,2
29927605,1757,5
29927613,1752,4
29929490,3137,3
29929862,1618,6
29931556,333,3
29932521,334,5
29937537,1436,6
29939062,581,3
29939761,352,2
29940917,698,7
29942059,64835,1
29942064,21973,3
29942602,1617,4
29946391,246,7
29947495,25405,7
29947714,26236,6
29948703,4435,3
29948708,5308,3
29948712,5223,6
29950882,38241,5
29950903,37756,4
29950922,37940,6
29950934,37903,1
29956999,2026,4
29957083,2025,6
29957092,2137,2
29957100,2124,5
29957966,171,4
29960222,703,2
29960366,17376,3
29962857,100,6
29962904,36,7
29962957,34,4
29962990,38,2
29964599,71,2
29965088,675,2
29966027,143,2
29966784,97,4
29966859,68,3
29966901,57,4
29969568,61,6
29971799,145,4
29971977,114,7
29972391,10439,2
29972428,2195,6
29975530,31895,1
29980296,141,6
29983276,1007,4
29983285,975,7
29984707,419,4
29984715,413,4
29985995,620,3
29986594,51,5
29986601,644,1
29986699,84,4
29987219,85,2
29987847,180,1
29988835,14941,7
29988978,17493,4
29999675,6889,3
30000902,5161,4
30003388,906,3
30004729,354,4
30004737,352,4
30004745,342,4
30006053,633,1
30006788,1310,1
30006795,1309,7
30006801,1280,2
30008547,1091,4
30008555,1091,4
30008561,1060,3
30014723,5109,1
30016109,229,1
30016228,2111,3
30017418,823,4
30017618,61749,7
30017986,42,3
30018270,609,7
30019212,963,7
30019917,1326,7
30019925,1320,1
30021656,962,7
30021657,1112,6
30021664,1078,5
30022714,2276,1
30024166,963,6
30025018,2380,4
30025714,342,3
30027778,526,2
30027805,65035,5
30028640,30696,2
30029486,50439,5
30029721,47646,7
30029789,283,1
30032442,26144,1
30032530,26373,2
30032605,26675,7
30035503,147,3
30035672,2,1
30036486,40,2
30036917,3270,2
30036930,3272,3
30036945,2506,5
30036960,62,7
30037053,26,6
30037380,257,5
30037918,1,5
30038905,454,6
30039796,366,4
30040608,85,5
30041563,254,4
30041916,4443,3
30042066,257,4
30042166,157,5
30042584,67,5
30042877,256,4
30043639,22711,2
30043823,332,1
30044777,57274,6
30045832,10945,4
30046357,151,5
30046909,2343,1
30048145,34,3
30048421,33,5
30048463,43,1
30048506,6466,4
30049175,147,3
30049662,258,1
30049688,24,3
30050600,737,1
30051202,146,3
30051614,41,4
30051625,54,1
30051866,31,2
30051935,1232,7
30051977,34,7
30053260,2700,1
30055991,2772,1
30056010,352,6
30056914,20582,2
30057111,235,1
30057160,332,5
30058051,33,2
30058255,474,7
30058562,4346,4
30058855,2332,5
30060682,438,4
30061936,14055,7
30061965,14027,3
30062003,14014,2
30062024,42,3
30063513,358,1
30066502,5069,5
30067581,63672,6
30071941,6109,6
30074918,14148,4
30076782,8866,6
30077311,2283,4
30077967,5824,5
30081880,4983,5
30081892,4975,5
30081897,4988,7
30081903,4995,2
30082657,2477,4
30082824,7723,3
30085169,2385,1
30088868,7136,6
30091300,6337,5
30091586,2617,6
30095693,773,6
30095699,797,1
30095705,771,7
30096986,2169,2
30097000,2135,3
30102687,5429,7
30103186,6524,4
30103429,1069,2
30106411,968,1
30106763,2631,7
30108160,3188,1
30110148,8126,1
30111392,2328,2
30111723,51,5
30113108,4838,6
30113771,2289,4
30113796,239,5
30114033,1964,2
30114687,30806,6
30116027,34,2
30116117,24,4
30116123,2,6
30116196,2561,3
30116391,37,4
30116785,30,7
30116800,64836,1
30117478,76,6
30117688,100,4
30118201,4807,5
30118261,4388,1
30118282,4806,3
30118303,4806,1
30118443,113,4
30118718,48,5
30118978,232,7
30119096,32,5
30119328,7128,1
30121229,32,2
30122137,348,4
30122756,901,6
30123357,1841,7
30123730,73,7
30123817,2115,3
30123824,2113,1
30123925,5694,5
30125377,62,3
30125509,2129,1
30125684,61,3
30126040,39,2
30126054,59,5
30126179,38,7
30126184,56,5
30126595,38,5
30126730,37,2
30126922,37,7
30127361,38,4
30127405,57637,7
30127423,57639,2
30127434,57633,1
30127472,38,3
30127713,40,1
30128081,3405,7
30128934,38,5
30129744,36,6
30130320,38,7
30130326,57,1
30130603,38,6
30130658,6716,1
30130670,6390,1
30130875,38,5
30130916,1465,5
30131951,32,5
30132108,38,7
30132124,41,5
30132739,263,2
30133335,29,6
30133341,38,6
30133443,30,2
30133687,4259,2
30133752,30,1
30134157,37,1
30134384,59,7
30134647,200,3
30135762,440,4
30137004,440,5
30137727,557,2
30140541,56,4
30140675,46,4
30141037,47,1
30141061,106,5
30143167,1125,3
30144711,1081,3
30144810,5002,5
30145419,5417,3
30146286,91,4
30150730,1480,6
30150926,276,4
30151025,46687,1
30155620,107,1
30155682,644,2
30156521,509,2
30157470,7242,6
30157845,63669,6
30161784,17323,2
30162264,3618,1
30162403,32,3
30162465,7239,1
30163527,11032,3
30164526,60,6
30167046,8383,4
30169818,1342,3
30172487,8102,4
30176721,7896,4
30180955,7465,4
30185173,6729,4
30188788,5986,3
30188959,6456,6
30188966,252,6
30188972,6841,4
30189043,2368,1
30190156,923,7
30191437,2555,2
30191966,1339,1
30194045,3629,6
30196212,368,1
30197738,2103,1
30199894,2291,7
30200967,6132,2
30201549,2238,3
30202221,2398,2
30202763,65,7
30204274,7290,7
30204496,4752,6
30204605,8266,3
30204678,2200,5
30204712,69,5
30206047,214,5
30208053,175,2
30208174,482,2
30208659,1271,7
30209506,22093,3
30210177,163,1
30210223,1368,5
30210376,2298,6
30212789,733,5
30213596,7587,5
30214503,36,3
30214795,4733,3
30214966,56,7
30215574,1106,7
30215906,9129,4
30216232,8136,5
30216385,4922,5
30217135,1506,7
30217158,436,5
30218434,934,4
30218848,6648,3
30221880,46,4
30222448,1046,5
30222456,46398,7
30222574,763,3
30223307,954,1
30223913,457,4
30225380,554,7
30225654,1431,4
30226019,638,7
30226660,445,5
30227061,437,1
30227212,1507,2
30227564,324,7
30228571,580,5
30228700,322,2
30229173,42,3
30229265,3090,7
30229270,727,6
30229863,323,4
30230642,968,7
30231778,8245,2
30231978,987,4
30231994,3544,7
30232525,209,3
30232825,2109,3
30233292,18042,5
30234074,671,4
30235604,3630,2
30236126,185,6
30236737,77,7
30239296,3633,2
30240898,5113,1
30241173,373,3
30241663,30660,2
30242963,3629,4
30243556,34,6
30244249,33,5
30244889,7116,5
30244918,635,5
30245199,88,4
30246117,1339,6
30246666,3627,2
30247144,127,6
30247853,1248,3
30249843,76,6
30250360,2096,3
30250564,7551,7
30250577,7562,5
30250582,7551,5
30250590,7546,1
30250652,22416,1
30252488,2378,6
30254861,18848,5
30254906,3627,4
30255055,2647,4
30257590,124,4
30266611,911,6
30267110,306,5
30267350,31,6
30267386,30,7
30267389,29,4
30267830,485,6
30267885,27,1
30267890,28,4
30267922,470,6
30268266,34,6
30268274,31,4
30268278,47,5
30268483,48,3
30268500,35,2
30268507,34,1
30268622,31,1
30268626,35,3
30268628,49,3
30268631,142,2
30269005,1022,2
30269608,3023,2
30269668,2249,4
30270061,180,6
30270070,1538,1
30270077,3023,2
30270291,155,7
30270293,401,3
30270296,157,4
30270412,158,7
30270425,1679,4
30270740,45,6
30270743,135,7
30270745,759,6
30270964,62,6
30270967,230,6
30270971,29,7
30271187,1244,1
30297220,52,3
30306792,1449,1
30322879,57,1
30331267,311,7
30337130,58,6
30337186,237,5
30337766,102,3
30337801,54,6
30337912,55,7
30338097,68,7
30341519,333,3
30342319,25,4
30342609,332,1
30343003,313,1
30343206,332,7
30343453,181,4
30350182,25,1
30350306,26,2
30350379,286,1
30350628,31,3
30351206,11237,5
30352658,17293,5
30352770,34,5
30352773,41,1
30352834,40,1
30352837,53,1
30371025,7971,5
30371027,7976,7
30371030,8067,7
30371032,8040,2
30371035,8040,4
30371037,8086,1
30371040,8017,3
30371043,58,1
30376619,63,3
30377949,1032,2
30379322,59,3
30382519,33,5
30382655,30,1
30382856,31,4
30383158,36,3
30383265,30,3
30383458,30,2
30383546,30,4
30383634,82,1
30383672,106,7
30383775,106,7
30383817,31,4
30383922,30,2
30384083,31,6
30384266,29,3
30384368,31,1
30384437,333,1
30384747,31,5
30384982,332,4
30385490,932,3
30385493,1233,5
30385496,1794,2
30385498,399,2
30386602,51,1
30388494,9189,3
30390372,485,1
30391360,354,6
30392503,59,4
30394196,1059,4
30394607,333,3
30394682,15488,4
30394737,327,7
30395005,89,7
30395075,111,4
30395170,303,6
30395268,213,4
30395434,315,7
30395648,424,7
30400542,2432,3
30400650,319,1
30403864,38,2
30403989,37,3
30404330,223,7
30408236,332,1
30410105,232,4
30410210,299,5
30410836,256,1
30411314,200,7
30411461,213,7
30411595,243,4
30411884,333,4
30412216,214,2
30414869,401,2
30414874,7232,1
30415163,332,7
30415256,182,7
30419309,54,7
30420065,44,3
30426413,108,7
30428521,149,4
30428576,11648,2
30432401,18935,7
30432584,24,2
30433010,24,1
30433520,23,4
30433525,26,5
30433529,25,4
30433535,27,2
30433539,26,2
30433544,29,2
30433550,28,6
30433560,25,5
30433565,24,3
30433572,24,6
30433576,25,2
30433580,27,1
30433584,25,5
30433591,28,3
30434071,24,2
30434083,26,2
30434089,24,6
30434097,25,7
30434107,26,3
30434115,25,3
30434126,25,2
30434136,26,4
30434142,25,3
30434147,27,5
30434154,24,3
30434160,25,4
30434165,27,7
30434173,29,2
30438228,43,2
30438265,44,2
30438308,44,1
30438320,45,6
30438346,44,6
30438404,44,4
30438426,45,4
30438434,44,5
30442558,34,3
30442887,3920,1
30443778,31,1
30443784,33,5
30443787,32,6
30443791,36,1
30443797,38,6
30446887,78,4
30447429,1438,3
30447627,220,2
30447645,5672,7
30448271,59,2
30448379,59,4
30450334,167,4
30451873,252,5
30452063,37,2
30452141,72,1
30452554,85,5
30452878,32,5
30453168,37,4
30453421,190,4
30453552,139,2
30453811,61,4
30454393,55,7
30454415,1039,6
30455854,3629,4
30459514,67,6
30459557,8825,2
30461817,81,7
30461946,3210,3
30463596,30636,1
30467220,60,5
30471864,62,5
30471867,56,3
30471870,61,6
30471872,50,4
30471875,56,6
30471878,51,2
30471880,54,2
30471883,53,7
30472176,47,1
30473900,46833,3
30474650,50,6
30474794,57,6
30475678,105,1
30475779,10943,4
30476044,62,1
30476101,58,3
30476300,57,4
30477553,211,6
30481975,104,1
30482209,631,1
30482415,61,4
30482867,887,4
30484120,107,4
30484494,319,6
30487093,45,1
30488158,2843,7
30488209,309,5
30488757,1169,2
30490655,58,6
30492446,245,2
30493024,170,5
30535374,679,4
30536290,153,4
30536544,153,5
30536618,120,5
30537405,40,7
30537515,61,4
30540383,112,2
30541002,62319,6
30541072,56616,1
30541136,58736,5
30541201,35,2
30541276,92,1
30541307,60482,5
30541414,48,3
30541518,76,1
30541645,76,1
30541752,3630,4
30542424,536,3
30542484,359,3
30543210,3628,6
30544495,46535,7
30546241,12123,6
30546885,53,6
30546990,73,5
30547119,270,4
30547670,102,7
30548196,64835,6
30548286,51,1
30548811,50696,2
30553095,296,6
30557285,2577,3
30557523,46533,1
30557581,46538,5
30557618,46592,2
30557655,46531,4
30557926,369,6
30558387,31807,3
30558759,7546,2
30558811,7543,7
30559473,24503,4
30559491,24513,2
30560341,43,7
30562998,18248,7
30563014,11725,2
30567239,34,7
30569022,32784,3
30570266,62,7
30571011,44,2
30571040,34,3
30571273,26674,3
30572562,16688,2
30573907,223,7
30581529,61,3
30581543,60,1
30581673,60,2
30581746,59,2
30581842,65,6
30581910,70,3
30581982,75,6
30584481,80,7
30584502,87,3
30584593,67,3
30584611,65,4
30589575,233,3
30590123,30,2
30590193,199,1
30590352,633,3
30590479,632,5
30591408,91,4
30591571,232,3
30591572,33,2
30591789,189,5
30591942,113,2
30592026,345,1
30592348,128,7
30592448,200,2
30592609,134,7
30592706,632,1
30593821,332,4
30594129,540,2
30594282,1432,1
30594637,129,2
30594725,632,6
30595221,34,7
30596883,3629,6
30597670,56738,1
30597830,2253,6
30597850,34,3
30599461,36,4
30599855,58877,7
30600129,3398,3
30600815,632,1
30602019,259,4
30603312,62492,2
30603472,565,4
30603561,1141,6
30603839,850,7
30603949,754,1
30603978,3627,2
30603999,5427,2
30604276,44,4
30604666,441,7
30605098,266,1
30605330,287,5
30605600,948,2
30606374,240,5
30606500,528,3
30607055,200,7
30607243,235,1
30607427,328,1
30607646,3628,7
30607719,401,2
30608110,279,3
30608363,144,1
30608481,479,6
30608939,191,3
30609080,202,1
30609265,675,1
30609691,5123,2
30609919,631,5
30610532,240,2
30610732,205,4
30610896,332,2
30611259,175,5
30611403,148,6
30611515,121,2
30611601,175,6
30611750,258,1
30611986,376,5
30612320,104,4
30612398,234,2
30612618,158,7
30612757,1511,6
30614241,1049,5
30615747,320,5
30616046,331,5
30616337,7532,7
30617863,3932,5
30618751,3932,7
30621053,3231,4
30622220,333,5
30623234,2881,2
30623643,921,1
30624324,3627,7
30627988,3313,5
30631098,13816,2
30631344,3629,7
30632008,3628,3
30633904,310,7
30638168,36,7
30638616,45922,4
30640582,11520,4
30641098,63,4
30641257,79,3
30641396,243,1
30641826,262,2
30642028,18225,7
30642044,21659,6
30643680,18031,5
30645575,53,6
30645600,46,2
30645618,42,3
30645630,61,4
30645675,57,1
30646699,39759,3
30647297,2328,5
30647544,173,5
30648360,31754,1
30648526,64835,3
30648604,14685,1
30649379,789,7
30650721,106,2
30650856,26,7
30650858,495,4
30650932,16573,6
30651036,3322,6
30651310,310,4
30651639,32,5
30651853,31,5
30651939,1774,1
30652657,1961,5
30653993,10356,2
30654166,39,7
30654337,756,3
30654589,363,1
30654675,2631,2
30654727,379,2
30655054,287,4
30655362,615,6
30656254,858,1
30656458,24502,2
30656479,24682,2
30656876,965,6
30656880,3732,3
30657854,885,3
30658013,86,3
30658019,828,5
30658029,830,6
30658226,155,1
30659019,4792,7
30659851,125,2
30660035,25,5
30660504,40,1
30660676,39,3
30661854,3703,6
30661890,555,7
30662359,347,6
30662785,561,7
30663220,62,2
30664377,376,6
30665791,375,5
30666504,206,5
30666656,3727,3
30666680,32,1
30666757,149,6
30666876,156,3
30667003,252,6
30667228,222,4
30667417,1030,3
30668476,552,1
30668794,168,2
30668941,6633,6
30676069,49,4
30676176,42,7
30676191,41,2
30676206,58,7
30676222,72,2
30677331,60350,4
30678038,64846,5
30678465,64847,3
30678918,15222,4
30684282,342,2
30684561,7242,7
30684587,2472,7
30685287,3470,2
30685294,3439,3
30685423,1161,3
30685429,2780,6
30685435,5008,1
30686668,1984,3
30686675,3657,1
30686680,657,4
30686686,1669,4
30686691,355,5
30688962,554,7
30688970,1132,7
30688977,1603,7
30688986,6657,5
30689252,1425,1
30689262,1039,1
30689268,1074,3
30689275,6656,6
30703845,150,3
30707371,699,4
30707696,32,7
30708119,728,7
30708908,642,2
30708994,360,1
30709448,769,3
30709609,1122,3
30710777,743,1
30711621,93,7
30711786,94,6
30712110,94,1
30712914,119,2
30712926,135,6
30712939,184,7
30712985,290,1
30713358,507,6
30714235,582,1
30714531,874,1
30714977,645,7
30715078,408,2
30715338,373,7
30717648,133,6
30720822,693,5
30720837,891,3
30720848,1585,2
30721076,21004,6
30721230,976,3
30721460,946,6
30726165,57,3
30726236,44,2
30728196,3779,4
30731021,33,1
30731466,186,2
30731587,64849,4
30731921,36,2
30732809,54,5
30733066,2842,5
30735634,11611,2
30735987,47,5
30735990,1609,5
30736657,116,5
30736700,143,7
30737792,39,4
30740539,32,4
30740620,30,2
30740630,30,3
30740898,95,6
30741496,82,3
30741592,1297,2
30742088,1159,6
30742177,65,5
30742265,7222,5
30742656,66,2
30744771,1145,6
30745468,545,6
30745478,321,4
30745908,210,1
30745938,1437,7
30745949,1839,5
30745990,70,2
30746011,215,2
30746205,87,2
30746512,1832,2
30746774,38,6
30747040,61,1
30747393,32,5
30747865,76,4
30747869,30,5
30748012,32,4
30748483,5919,1
30749497,14273,2
30749506,14302,6
30749510,14284,7
30749516,14259,5
30750818,896,1
30750988,818,4
30751717,170,5
30751835,463,6
30752061,1833,3
30752101,428,5
30752867,1291,7
30760292,1437,4
30760969,32,7
30762897,1037,6
30763894,1839,7
30765897,1366,6
30766021,11656,6
30766042,18253,4
30781217,1164,5
30783307,28,1
30783954,31,2
30785291,60525,7
30786846,29,4
30789152,1406,7
30791017,1512,1
30797680,1476,3
30800728,1154,6
30801883,8561,7
30802309,546,2
30803878,707,6
30804695,1120,5
30805444,241,5
30806269,524,5
30807808,701,6
30808677,6355,1
30810032,1331,3
30811482,6788,3
30811704,527,2
30812791,8068,5
30813226,688,4
30813366,12339,6
30813770,36,5
30813837,36,6
30813961,49,7
30813969,31,4
30813985,1954,3
30814456,40,3
30814861,34,6
30814958,393,1
30815106,38,5
30815470,392,1
30815596,35,3
30816110,100,3
30816654,106,3
30817085,392,7
30817413,65,2
30817589,102,5
30817634,2754,4
30818542,45,6
30818602,393,2
30818793,49,5
30819891,402,1
30821344,47,4
30823461,64837,2
30826658,113,3
30831419,103,4
30832563,1263,2
30833407,44,6
30834491,38,7
30835584,39,4
30836748,1317,6
30837235,1858,1
30837597,106,5
30839723,163,5
30844700,552,3
30844876,359,3
30845053,203,1
30845269,933,3
30845310,932,7
30846074,13570,1
30848933,3032,4
30854175,11588,1
30854187,18465,6
30857739,2454,5
30858369,3633,3
30860060,3873,4
30865388,650,4
30865583,31,1
30865960,424,7
30866150,236,7
30866299,333,4
30866345,334,4
30866554,572,4
30866643,415,4
30866658,394,5
30867256,2732,6
30867373,786,4
30868877,942,3
30868882,959,7
30868926,3033,3
30868930,3029,1
30868932,1366,1
30868935,3057,1
30868979,3646,2
30868985,3659,5
30869081,933,7
30869141,5125,2
30874116,39,4
30879283,48,2
30880683,2386,5
30880690,2356,7
30883467,1468,6
30893001,2620,1
30896764,62331,6
30898639,876,6
30898856,2733,4
30898859,1179,3
30899434,636,6
30899927,332,4
30900278,358,1
30900285,357,5
30900290,946,7
30900296,970,4
30900553,2733,4
30900573,2752,5
30900584,2754,6
30904577,34,3
30905590,37,7
30908242,29,6
30908394,32,1
30909490,83,4
30909829,82,7
30909833,92,5
30910212,81,4
30910738,32,3
30910908,394,5
30910942,605,4
30910968,966,5
30912578,1774,5
30912673,32,7
30912709,3425,2
30913874,29,6
30914238,33,5
30914691,22172,2
30914712,30,7
30914720,30,2
30914860,25,2
30915555,545,5
30917624,575,6
30918308,63669,7
30918465,3882,3
30920938,79,7
30925064,940,5
30926271,41832,7
30926762,31,1
30926885,52,7
30927175,2088,4
30934438,1460,7
30936133,8476,7
30937811,932,2
30937831,935,3
30938746,1101,5
30938749,851,6
30938854,102,1
30938863,332,4
30939150,208,6
30939152,220,1
30939155,633,2
30939157,933,2
30939160,938,4
30947344,935,2
30947401,632,7
30947406,934,1
30947411,934,1
30947610,951,6
30947616,3032,2
30947619,3040,5
30947622,3052,6
30947823,1840,4
30947891,27,1
30947897,29,1
30947902,24,6
30947907,24,4
30947912,27,5
30947917,27,4
30947925,26,7
30947941,23,2
30947948,23,4
30947953,24,2
30947957,27,2
30947964,26,1
30947969,25,4
30947974,25,3
30948474,81,1
30948822,969,5
30948824,81,4
30949851,1425,6
30950051,23,2
30960197,35,4
30960200,36,7
30960203,33,7
30960205,32,1
30960208,7992,7
30960210,37,1
30960213,8019,5
30960216,8012,1
30976115,90,6
30976157,89,4
30976401,96,4
30976587,1198,3
30976660,96,6
30978507,96,2
30981925,1289,6
30982621,96,6
30984434,52185,5
30987275,34,5
30987714,106,4
30992896,58,5
30994298,138,3
30994479,25,7
30994605,59,7
30994731,139,6
30994887,213,5
30995072,165,3
30995342,77,2
30995763,25,6
30995872,24,4
30996130,37,4
30996360,59,3
30996505,66,7
30996686,76,2
30997325,40,5
30997482,40,5
30997814,41,7
30998006,72,4
30998450,46211,5
30998467,41,1
30998721,40,4
30998862,68,7
30998968,240,3
30999528,49,4
30999561,190,6
31000211,69,2
31000735,178,6
31001178,352,1
31001594,100,3
31001788,493,4
31001943,395,3
31002374,179,4
31002393,24679,5
31005023,31770,1
31011151,172,5
31011409,183,5
31011695,144,7
31012448,92,5
31013128,159,3
31013581,1230,2
31014084,285,4
31014113,31,1
31014143,31,1
31014642,21288,2
31014685,32472,2
31014718,45586,3
31016252,110,6
31016527,157,1
31016837,359,7
31017419,1244,5
31018633,402,4
31019260,366,1
31019711,1276,7
31020639,107,4
31020880,107,3
31021040,106,1
31021213,45,6
31021379,510,3
31022866,97,7
31022968,196,2
31023212,25,3
31023763,194,2
31024118,197,6
31024567,24070,2
31040339,53,4
31041743,35,1
31041748,33,6
31043596,33,7
31047200,1284,4
31051424,26501,4
31060513,58811,5
31060611,56700,7
31060785,7201,4
31062524,513,1
31064651,269,5
31067074,12340,2
31068131,62,5
31068311,34870,6
31069885,175,6
31069891,17552,6
31070680,2004,1
31071022,52117,6
31071311,169,6
31071585,290,7
31072757,54402,1
31072767,53617,2
31072775,33371,1
31073676,62292,5
31078110,59684,6
31079620,11086,5
31081317,11529,5
31083336,301,3
31083578,94,7
31083637,87,6
31083863,84,3
31083928,77,6
31083957,80,2
31083990,76,7
31084019,84,3
31084049,84,4
31084554,1040,2
31084767,8739,2
31086054,499,5
31086547,1321,2
31087540,713,1
31088405,1061,3
31088902,64832,1
31088999,3574,6
31089886,25977,6
31089938,438,1
31090595,164,7
31091330,556,5
31092031,983,6
31093364,408,1
31093431,655,1
31093711,1219,6
31094214,145,3
31094475,274,3
31095084,555,4
31095708,1629,1
31096777,88,2
31096792,60524,3
31097005,3450,5
31097753,1246,1
31098323,9200,3
31098810,101,3
31099317,106,1
31099798,50,4
31099807,328,2
31099810,344,7
31099815,349,5
31099820,356,3
31099825,359,1
31099976,51,7
31100506,79,6
31100664,7699,2
31101099,78,2
31101292,78,7
31101560,69,2
31101753,76,6
31101839,62,3
31102114,64,2
31102489,157,5
31102687,2918,5
31102863,68,2
31102988,1229,2
31102991,1235,5
31102995,1232,7
31102998,1238,4
31103129,68,3
31104246,5132,2
31104887,300,4
31105147,993,4
31105245,61,6
31106086,110,6
31106175,3172,7
31106237,174,4
31106580,61,5
31115070,28872,4
31115552,5835,6
31117477,62348,2
31118670,51,2
31118719,34,6
31118820,142,7
31119972,250,1
31120354,2644,1
31120802,253,6
31121148,146,1
31121579,51,1
31121978,240,7
31122055,32,4
31122536,51,1
31122544,144,3
31123141,2019,1
31123148,2001,1
31123343,181,1
31123350,72,5
31123654,61,2
31123660,76,7
31125591,1636,7
31125599,1605,6
31125790,634,4
31125820,665,3
31131815,1077,1
31132436,1460,6
31133999,1138,2
31134006,1139,7
31135587,520,2
31135593,518,1
31135907,17047,2
31137047,693,4
31137846,1178,5
31137853,1211,6
31139443,1000,3
31139450,1018,1
31141366,550,4
31142016,638,3
31142022,11477,6
31143164,3629,6
31146857,3629,4
31150516,51,6
31152216,65,6
31152679,231,6
31153818,6710,4
31194200,397,2
31194387,1603,2
31194757,646,4
31194783,1444,3
31195249,1047,6
31195278,806,4
31195376,811,7
31196236,1047,1
31197299,808,6
31197362,1034,1
31198970,107,5
31202746,38,4
31202753,41,3
31208689,33509,4
31208699,53665,4
31208708,55193,1
31218751,199,2
31218761,182,4
31218767,178,6
31220376,7975,7
31220379,8001,7
31220542,7962,3
31220544,7937,4
31220547,8012,6
31225390,21386,4
31233082,2386,4
31233132,119,5
31233416,98,4
31233779,999,3
31233804,174,3
31233809,180,7
31233814,152,4
31236683,596,4
31237441,7223,6
31238205,348,4
31239542,285,2
31241273,86,2
31241376,16905,6
31241927,3441,1
31242411,12245,5
31244733,33821,7
31245182,229,2
31245275,9229,3
31245454,263,7
31245650,4584,5
31246170,11498,3
31246860,2416,6
31248101,884,4
31250263,84,1
31252918,116,1
31252923,161,1
31252927,168,5
31253656,114,2
31253817,31661,3
31254250,221,6
31254337,827,2
31255889,226,1
31255957,196,6
31256748,216,3
31257383,11582,1
31257420,212,1
31257594,12346,6
31258980,26,3
31259316,25,3
31260093,59,3
31260805,17291,2
31261169,77,3
31261483,61,4
31261496,40,6
31261512,34,2
31261693,76,5
31261917,11500,5
31261944,240,4
31261948,61216,1
31262254,629,5
31263054,56,1
31263073,143,4
31263237,33,2
31263292,25178,7
31263363,33,5
31263656,37,4
31264301,101,1
31264636,49,6
31265388,206,2
31265453,159,5
31265875,230,1
31265947,278,1
31266205,101,7
31266230,168,6
31266282,1233,1
31266872,149,5
31266930,2255,3
31267303,143,5
31267696,149,5
31267719,147,6
31267727,184,2
31267733,139,7
31268007,149,3
31268304,146,4
31268676,144,5
31269105,1829,3
31269134,155,1
31269166,181,1
31269914,277,3
31269977,152,6
31271348,181,7
31271664,157,5
31271988,145,2
31272258,145,3
31272656,151,2
31273137,180,2
31273406,157,7
31273758,145,7
31274275,2328,5
31275599,444,2
31276873,420,4
31280262,24594,4
31281168,294,4
31281699,48,5
31281719,492,3
31281758,490,6
31281775,24864,5
31281777,486,4
31281782,488,7
31282206,706,1
31283369,391,1
31284939,29,2
31285104,28,1
31285162,28,4
31285269,28,3
31285359,68,7
31285485,392,3
31285934,392,2
31286367,394,3
31286794,61,3
31287212,24072,3
31287227,60,4
31287578,55434,7
31288579,28,3
31288737,28,1
31288861,29,6
31288961,29,3
31289053,29,7
31289160,79,7
31289249,81,4
31289358,80,3
31289542,81,5
31289889,80,1
31290375,27,3
31290428,28,2
31290487,27,6
31290567,28,5
31290629,27,2
31290813,56,4
31290873,56,3
31290966,55,3
31291070,56,7
31291278,28,5
31291282,58,1
31291304,27,2
31291333,27,1
31291381,27,4
31291428,28,5
31291470,66,2
31291538,66,2
31291631,65,4
31291738,68,5
31291812,65,6
31292122,27,5
31292128,28,5
31292190,27,2
31292199,28,1
31292245,28,7
31292251,27,4
31292288,28,6
31292293,29,3
31292369,28,4
31292374,29,5
31292505,55,3
31292511,68,6
31292578,57,2
31292585,66,5
31292689,54,1
31292693,55,6
31292699,66,7
31292966,55,7
31292972,68,1
31293104,57,3
31293109,69,4
31293688,28,1
31293692,28,5
31293787,27,1
31293791,28,6
31293872,28,5
31293877,27,2
31293963,31,5
31293967,30,6
31294085,28,5
31294090,28,6
31294326,56,1
31294332,66,5
31294478,55,2
31294483,67,5
31294609,68,1
31294621,55,7
31294717,66,6
31294724,58,2
31294906,68,7
31294912,55,5
31297327,114,2
31297329,188,7
31297333,264,7
31297336,119,2
31297342,157,6
31297345,118,1
31297350,113,4
31297352,248,5
31297357,393,3
31297547,47,3
31297550,133,6
31297553,122,3
31297557,121,7
31297560,71,7
31297730,194,3
31297755,277,1
31297780,179,1
31299114,119,5
31299117,120,5
31299119,121,1
31299250,112,1
31299253,121,1
31299255,120,3
31299460,71,4
31299618,65,6
31299685,99,5
31299691,103,6
31299743,73,3
31300508,112,1
31300572,85,6
31305872,7936,6
31305876,7962,6
31305880,7963,7
31305883,7975,7
31305887,7989,7
31305891,8009,7
31310534,3819,2
31315414,185,4
31315467,236,3
31315480,132,7
31315511,194,1
31315516,170,5
31315525,117,4
31315981,204,5
31315985,226,1
31315989,181,4
31315993,209,4
31315996,144,1
31316001,177,7
31316014,550,5
31316017,789,3
31316020,807,4
31316030,778,2
31316048,218,3
31316052,168,3
31316059,140,7
31316317,88,6
31316448,61,7
31316561,83,3
31316701,76,7
31316813,64,6
31316924,88,7
31317325,60,3
31317426,49,2
31317536,75,7
31317645,98,4
31317784,63,5
31317892,89,2
31317986,711,6
31317989,983,4
31317991,798,1
31318032,57,3
31318143,75,2
31318255,134,1
31318455,64,6
31318564,91,7
31318703,60,1
31318813,91,7
31318952,61,2
31319083,57,6
31319193,68,1
31319302,58,1
31319431,57,6
31319542,85,5
31319680,79,4
31319791,78,3
31319920,78,4
31320050,72,5
31320158,68,2
31320299,60,6
31320409,88,5
31320542,52,3
31320651,86,7
31320790,56,5
31320902,86,7
31321046,47,2
31321163,47,5
31321270,59,6
31321383,64,5
31321509,61,2
31321641,53,1
31321751,84,7
31321880,78,5
31321991,932,3
31323586,187,2
31323655,279,5
31323821,382,7
31324215,686,2
31324886,25984,3
31325002,38,6
31325288,11618,5
31325390,12351,7
31325547,55,6
31325743,25651,3
31325963,64,3
31326756,69,4
31326919,96,5
31327061,77,4
31327174,74,1
31327305,79,2
31327434,67,7
31327547,71,3
31327678,60,2
31327789,86,6
31327898,89,3
31328038,94,7
31328173,55,3
31328280,83,4
31328422,53,7
31328531,91,2
31328615,391,4
31328672,62,7
31328782,75,2
31328892,63,4
31328923,53,1
31329002,46,2
31329163,58,3
31329266,63,7
31329396,59,1
31329428,46,4
31329513,59,7
31329563,58733,2
31329615,57,1
31329644,59,2
31329791,89,4
31329954,53,5
31330063,68,4
31330331,144,4
31330475,39,2
31330585,36,2
31330622,146,7
31330793,1229,5
31330962,143,2
31331129,50,5
31331226,144,5
31331490,146,1
31331755,155,6
31331823,294,5
31332328,179,5
31332390,2433,3
31332487,1285,1
31332911,205,6
31333126,336,1
31333237,336,6
31333286,294,7
31333826,288,6
31333879,69,2
31334322,38471,1
31334384,44,7
31334695,6721,4
31334978,243,7
31335598,145,7
31335744,66,7
31335985,291,7
31336313,223,5
31336456,58,5
31337261,11605,2
31337478,31,5
31337535,3665,3
31339716,41888,3
31339891,665,6
31340172,290,5
31340839,44,6
31342708,11638,5
31344361,63583,7
31344963,59,2
31345236,56,5
31345330,64833,5
31345484,58,6
31345524,445,7
31345688,56,2
31345961,2313,4
31345990,62,2
31346196,57,1
31347339,36,2
31348308,9751,1
31349061,20393,5
31349175,54404,5
31349184,56639,7
31349195,33972,2
31349255,593,7
31349422,36,5
31349716,39,5
31351469,29039,7
31351678,41,1
31352699,6023,5
31352706,4074,2
31354926,42,4
31354951,39,3
31355807,1570,4
31355830,711,2
31359718,29,1
31359778,28,1
31359827,29,7
31359883,28,3
31359922,28,1
31359952,28,3
31360027,42,4
31360121,42,2
31360180,42,7
31360249,49,6
31360259,42,6
31360313,41,1
31360376,51,1
31360529,25,6
31360551,45,3
31360588,24,3
31360626,23,6
31360667,25,2
31360687,48,6
31360703,25,2
31360933,47,5
31360966,30,2
31361068,26,2
31361082,44,3
31361117,25,4
31361147,26,2
31361177,26,5
31361287,24,1
31361303,24,4
31361338,44,6
31361473,48,5
31361489,25,2
31361601,23,3
31361618,24,5
31361899,58,4
31361904,25,3
31361934,24,1
31361961,24,1
31361996,24,2
31362033,24,5
31362056,50,7
31362097,25,1
31362135,26,5
31362164,25,2
31362184,26,2
31362186,43,2
31362220,26,6
31362307,43,1
31362332,24,6
31362379,24,2
31362412,24,1
31362443,2199,6
31362444,24,5
31362450,2260,5
31362453,47,6
31362475,25,3
31362539,25,1
31362586,50,5
31362594,25,1
31362646,25,2
31362718,25,3
31362872,25,5
31363226,28,5
31363296,28,7
31363331,27,2
31363379,29,1
31363408,29,6
31363495,28,6
31363606,41,4
31363692,41,7
31363731,41,7
31363788,42,3
31363863,41,3
31364060,28,3
31364093,27,7
31364140,28,2
31364213,28,5
31364343,28,1
31364378,28,7
31364489,28,6
31364551,29,5
31364619,28,1
31364677,27,7
31364737,28,4
31364799,28,3
31364929,725,5
31364944,33,2
31365067,28,6
31365155,68,1
31365160,62,1
31365397,68,3
31365405,61,4
31365486,67,3
31365493,62,5
31365509,2521,3
31365514,2520,3
31365558,66,1
31365568,62,2
31365654,66,7
31365661,62,6
31366022,27,2
31366029,29,2
31366056,27,4
31366060,28,7
31366081,27,3
31366088,28,4
31366143,29,4
31366151,30,6
31366191,27,5
31366198,30,3
31366280,55,6
31366284,67,5
31366343,66,5
31366349,57,2
31366415,67,4
31366420,57,4
31366525,69,5
31366529,55,3
31366621,68,5
31366627,56,3
31368089,29,3
31368093,29,3
31368146,30,3
31368154,28,4
31368200,29,3
31368206,37,1
31368250,31,3
31368255,30,3
31368319,29,6
31368325,29,2
31368407,83,4
31368411,62,4
31368512,82,7
31368519,61,3
31368615,81,5
31368621,61,7
31368701,80,2
31368706,62,2
31368991,6562,6
31369111,82,3
31369117,62,2
31374222,1454,5
31378723,11479,1
31386269,57261,1
31396083,17134,1
31403502,31064,5
31404307,392,6
31404567,72,4
31404891,119,4
31409070,2493,6
31411980,12354,4
31412134,11616,4
31414167,221,5
31414276,38469,7
31414320,2113,7
31414528,27298,3
31415253,728,4
31415564,54878,1
31415573,33937,2
31415690,330,6
31415811,666,1
31417009,45,6
31418600,47,4
31418702,52,1
31418843,42,2
31418977,45,3
31419113,51,4
31419304,41,1
31419491,44,4
31419660,43,4
31419785,42,5
31419944,49,1
31420099,46,1
31420260,49,2
31420367,44,5
31420474,44,4
31420591,45,2
31420708,48,7
31420854,46,2
31420984,44,4
31421219,45,7
31421402,44,7
31421533,162,2
31421545,176,7
31421553,204,5
31421562,258,6
31421563,48,1
31421573,375,2
31421591,645,6
31421683,10247,4
31422405,47,6
31422663,38,6
31426358,11575,1
31426361,56131,3
31426394,11651,5
31427155,254,4
31427423,46893,6
31428141,31840,4
31428868,35,6
31428984,12354,3
31431271,81491,6
31431854,302,5
31433165,326,2
31433732,3039,4
31433739,3038,3
31436208,9148,4
31436502,4273,3
31437144,178,6
31438501,60,1
31439555,221,2
31439702,11087,4
31440074,671,1
31442350,161,2
31443146,45975,7
31445089,2635,4
31447440,2585,7
31447998,55145,3
31448131,596,2
31448573,18049,4
31449533,436,7
31450032,28198,4
31450321,368,1
31450709,201,7
31451229,632,3
31451439,223,2
31451788,568,6
31452004,237,5
31452107,233,3
31452200,328,6
31452500,363,7
31452831,1233,6
31452836,241,4
31452842,264,5
31452853,4155,7
31452899,1232,5
31452905,2732,4
31452922,932,4
31452969,933,6
31452974,632,7
31452980,939,6
31452993,1474,3
31452999,2733,2
31453004,2733,5
31453012,2733,2
31453471,1261,3
31453476,961,2
31453484,2759,1
31458064,1668,3
31458070,1665,7
31459617,84,3
31465253,632,4
31465989,5224,5
31466939,95,6
31466942,110,7
31466945,135,5
31466949,187,2
31466952,324,2
31466954,540,5
31467732,122,4
31468646,120,5
31468748,709,7
31469484,349,3
31469557,120,5
31469674,369,7
31470469,119,2
31471381,120,1
31471602,1565,7
31472292,120,2
31473203,121,6
31473841,784,7
31473844,1074,3
31473848,786,4
31474022,2047,7
31474115,120,2
31475030,119,5
31475942,120,6
31476854,118,1
31477769,120,1
31478681,119,4
31479593,119,5
31480504,118,2
31481417,119,5
31481980,1004,4
31481985,1520,5
31481990,973,5
31482328,123,1
31482435,2636,7
31483240,123,3
31484152,128,1
31484348,1444,3
31484350,1409,7
31484353,1394,4
31485064,119,1
31485975,118,2
31486199,1356,2
31486889,120,5
31487800,119,3
31488400,24984,4
31513317,655,3
31513317,125,7
31516073,973,4
31516079,973,4
31516085,632,3
31516091,932,3
31516098,977,1
31516104,977,5
31516212,3034,2
31516218,3032,7
31516225,3044,2
31516231,3045,1
31516239,3182,1
31516344,3162,1
31516348,3639,7
31516352,3662,4
31516694,3035,3
31517087,374,4
31519027,1444,2
31525171,34,6
31531651,31269,6
31532045,11542,5
31532086,11647,1
31536173,33,3
31536637,609,5
31536649,377,6
31537144,933,6
31537341,138,3
31537349,368,6
31537905,939,2
31538044,934,6
31539436,42619,7
31554078,3792,6
31560946,31769,1
31565660,8006,4
31565663,7990,1
31584047,32,2
31584192,31,2
31584414,31,6
31584630,31,4
31584753,31,3
31584846,31,4
31585135,30,2
31585238,30,6
31585331,31,2
31585512,31,5
31585652,31,6
31585753,31,2
31586105,31,6
31586681,31,3
31586743,31,3
31586886,31,7
31587104,31,3
31587187,31,1
31587275,33,6
31587387,36,1
31588461,32,5
31588590,31,5
31588707,33,1
31588792,39,2
31588949,42,1
31589027,38,5
31594610,61074,2
31595769,3039,1
31595776,2794,5
31595781,3032,6
31599244,47641,7
31599741,3640,6
31601735,34391,3
31601742,57733,6
31601750,54919,3
31614746,39,2
31614782,49,1
31621293,1161,5
31621295,1225,5
31621298,1035,2
31622647,44,6
31625754,929,6
31625895,341,4
31626066,864,7
31626070,787,2
31626073,43,4
31626099,540,7
31626101,38,1
31626103,330,1
31626221,633,4
31626733,53,7
31626736,50,6
31626738,74,7
31627579,1829,5
31629732,278,6
31629880,121,6
31630013,1828,1
31630049,1829,6
31634975,68,7
31635033,1827,2
31639172,1173,3
31640832,206,3
31644440,33,5
31644872,32,3
31645265,32,4
31645331,687,3
31645806,31825,4
31648507,163,1
31648697,869,4
31648985,17057,3
31649752,687,1
31649908,788,5
31650154,1343,3
31650161,1832,3
31650165,1833,1
31650171,1838,2
31650176,2756,4
31650900,1191,7
31651269,138,2
31651390,172,7
31651576,428,4
31651992,959,7
31652905,834,6
31653795,3633,3
31656181,972,3
31656187,774,1
31656193,953,5
31656498,61661,2
31657340,1320,7
31657343,1214,3
31657345,1251,3
31659959,69,6
31665711,125,1
31670022,64835,3
31670873,12244,2
31673283,124,7
31673559,37,1
31675877,34,6
31676960,31,4
31677848,31,1
31678217,31,4
31678672,32,2
31679156,31,1
31683420,1944,1
31684933,60584,7
31686132,49480,7
31686245,11598,3
31686288,11639,3
31686832,37735,1
31687286,12237,6
31687908,31684,5
31691776,678,4
31692451,1404,3
31693226,32,6
31693304,70,7
31693895,1983,1
31694665,761,5
31695792,68,6
31696360,11946,5
31696408,31,2
31696552,702,1
31696720,465,3
31696726,464,2
31697144,1422,1
31697875,86,7
31698958,1461,4
31698988,767,5
31700237,4197,1
31701535,772,3
31701544,742,5
31702806,3633,6
31702824,3634,7
31702905,3643,5
31702936,3642,7
31703092,441,3
31703098,441,1
31705271,633,1
31705349,592,1
31705813,61,2
31706058,633,5
31706324,61,5
31706680,61,7
31707291,60,1
31707569,3639,7
31707610,3659,4
31707670,493,2
31707692,200,4
31707982,3632,5
31708031,2433,4
31708463,174,2
31708679,286,7
31709108,285,2
31709946,87,7
31714005,1249,5
31714012,1250,1
31715874,24648,6
31715883,438,7
31716054,465,2
31716060,465,7
31716539,2914,2
31718325,558,7
31718976,2830,7
31719066,28,3
31719144,27,7
31719158,29,4
31719163,28,7
31719219,2348,5
31719225,2316,5
31719274,28,5
31719305,27,1
31719427,56,6
31719438,7232,3
31719507,56,3
31719634,56,1
31719712,55,6
31719782,56,2
31719861,2433,3
31719911,37,5
31720774,58915,3
31721062,34,4
31721124,37,2
31721161,37,1
31721259,35,1
31721391,41,6
31721490,40,5
31721534,41,3
31721590,41,2
31721665,41,2
31721793,40,3
31721863,37,2
31721921,37,6
31721987,36,7
31722058,36,2
31722123,36,3
31722169,38,1
31722219,38,2
31722298,40,5
31722307,2432,3
31722341,1899,7
31722344,41,3
31722418,7233,6
31722468,9032,4
31722477,7233,1
31722515,9041,3
31722564,55,7
31722981,6217,5
31723842,54,6
31723846,43,6
31723849,53,2
31723853,50,1
31725188,29,3
31725199,28,5
31725208,29,6
31725218,26,2
31725229,29,4
31725238,28,2
31725323,28,3
31725327,482,7
31725338,29,4
31725348,28,3
31725360,26,3
31725369,30,4
31725386,29,2
31725415,30,6
31725431,30,2
31725457,30,3
31725469,30,6
31725488,31,1
31726397,31905,4
31727028,25,1
31727032,26,1
31727037,28,5
31727042,27,5
31727048,25,4
31727052,26,4
31727060,25,3
31727067,26,2
31727101,27,3
31727106,26,1
31727109,30,7
31727114,28,4
31727119,27,3
31727124,28,1
31727152,27,3
31727156,28,3
31727161,28,7
31727323,788,4
31729601,37,3
31729604,32,1
31729606,56,2
31729610,187,4
31730479,5107,3
31730960,56746,5
31734358,84,2
31742763,5268,6
31749031,73,6
31749475,33,4
31758173,12347,4
31758290,11622,4
31758724,27654,4
31759758,2639,5
31760248,93,4
31760260,92,5
31760890,49,7
31760938,64833,7
31763229,2728,5
31764265,7233,5
31767516,2428,2
31767833,222,6
31767953,1087,2
31768088,19333,5
31771345,37,1
31771480,47419,7
31771724,60,6
31771944,280,4
31773302,178,6
31773645,3759,4
31774086,161,3
31774388,806,5
31776075,157,4
31776460,158,4
31776923,234,7
31776965,72,6
31777259,105,5
31777457,882,1
31777698,105,3
31778329,74,3
31778491,62,3
31778843,77,7
31778990,782,7
31779044,81,6
31779197,92,7
31779355,107,6
31779627,100,5
31779690,160,1
31779732,157,7
31779782,98,4
31780050,70,3
31780186,70,6
31780308,112,7
31780437,756,6
31780494,11868,2
31780545,67,5
31780694,66,6
31780828,63,7
31780940,60,1
31781425,61,5
31782317,66,4
31782621,26,3
31782629,25,2
31782812,21658,4
31783007,60,1
31783185,60,3
31783256,1512,4
31783359,70,7
31783475,58,7
31785130,2728,2
31785144,3629,6
31785160,3630,5
31785174,3638,6
31785276,320,1
31785365,3492,7
31785379,3026,7
31785398,3058,1
31785419,3389,5
31788552,46,5
31788622,45,5
31789064,1829,5
31789446,431,3
31789484,837,3
31789538,811,4
31789750,398,4
31790289,396,5
31790605,310,1
31790903,96,2
31791031,2572,6
31793556,2427,7
31793707,1829,4
31793778,3629,2
31794089,7261,1
31794238,7232,3
31794282,9032,3
31794369,10221,7
31794441,14441,5
31794448,16258,3
31796630,79,1
31796743,70,4
31797790,24,3
31799019,42,3
31799470,107,3
31799478,42,7
31800289,112,2
31800295,121,3
31800299,114,4
31800307,112,2
31800312,112,1
31800315,112,3
31800447,113,2
31800450,112,2
31800454,112,2
31800457,113,1
31800462,112,2
31800465,113,3
31800566,111,5
31800570,112,2
31800574,112,3
31800577,113,4
31800580,111,5
31800584,111,4
31800819,41,2
31800826,43,2
31801450,35,1
31801759,393,7
31801773,856,4
31801782,318,5
31801790,834,6
31801799,349,4
31801809,457,2
31801978,252,7
31801986,3660,6
31802302,102,3
31802358,44,4
31802606,39,5
31802742,34,5
31803214,31,2
31805909,303,2
31806627,36,5
31806757,81,7
31806932,299,7
31807043,34,3
31807049,42889,2
31807581,64829,2
31807654,382,3
31807886,239,5
31808186,7228,6
31808215,9033,2
31808737,10836,2
31808816,110,2
31808830,609,2
31809173,14442,4
31809394,30149,5
31809447,9033,2
31810063,32,2
31810237,232,1
31810422,145,4
31811540,332,1
31812172,327,3
31812624,199,1
31812994,206,1
31813704,232,4
31814058,233,4
31814576,235,4
31815247,7233,6
31815253,7232,7
31815258,9037,5
31815263,7241,1
31817434,5623,6
31825507,165,5
31825874,160,1
31826377,29,7
31827445,162,7
31828889,160,6
31830507,162,1
31831002,165,4
31831368,40,5
31831470,161,5
31833016,161,7
31834319,161,3
31839735,165,7
31840811,6410,7
31840840,389,6
31840843,689,2
31840847,334,3
31840850,695,5
31840853,346,6
31840856,695,3
31843281,12236,5
31843438,11519,7
31843601,64,6
31844343,327,3
31844417,310,6
31845156,1193,2
31845162,1193,3
31845851,21652,2
31846733,38,5
31847146,482,5
31848046,708,7
31848716,1759,2
31849005,1475,4
31849396,707,6
31850353,3633,2
31850445,3637,3
31850598,54,1
31850935,43,4
31851518,1914,5
31852982,176,1
31853000,62,5
31853172,333,7
31853281,38,7
31853466,41,3
31853506,25,2
31853565,296,2
31854078,31,7
31854248,38,1
31854282,2586,4
31854440,63,3
31854450,69,5
31854625,475,5
31854669,235,2
31854795,9036,5
31854925,25,3
31855372,4498,5
31855735,475,4
31856413,34,6
31856520,12632,3
31856631,475,3
31859183,298,4
31859250,234,6
31859278,254,6
31861954,241,6
31862689,313,5
31863719,175,4
31863723,12228,1
31863990,294,3
31864082,600,2
31864089,182,2
31864129,244,4
31864140,11625,5
31864162,229,2
31864307,64,1
31864334,74,5
31864454,90,2
31864550,65,3
31864596,303,7
31864711,115,7
31864752,57,6
31864847,143,1
31865003,171,7
31865010,198,1
31865135,241,7
31865233,225,3
31865290,187,6
31865484,253,5
31865601,282,6
31866129,638,6
31866210,60,3
31866276,303,2
31867222,302,7
31867982,135,7
31868417,102,3
31868420,1706,6
31868795,135,2
31869359,98,5
31869833,100,2
31872566,1828,6
31873911,35,7
31874657,34,6
31875996,34,6
31876120,30,5
31876340,96,6
31876346,73,1
31876351,76,7
31876482,24,5
31876925,24,3
31877021,24,2
31877234,24,7
31878116,3948,4
31878334,322,5
31880265,34,6
31880511,31,2
31881282,384,6
31881958,319,2
31882634,25,1
31883308,56510,2
31883566,100,2
31884315,104,1
31885490,260,3
31885920,1372,1
31887634,1401,1
31889686,95,3
31889699,74,1
31889710,80,7
31890097,490,5
31890113,488,2
31890830,11630,5
31891114,963,4
31891129,967,1
31891470,34,7
31891705,34,4
31896032,23,1
31896077,24,4
31896143,25,4
31896183,25,1
31896219,26,7
31896263,61,5
31896583,61,6
31896588,62,3
31896592,63,7
31896744,62,3
31896866,63,6
31896993,28,4
31897062,62,7
31897298,339,7
31897683,34,7
31897731,339,4
31898029,35,5
31898060,34,1
31898084,34,6
31898094,339,6
31898106,54,1
31898118,36,5
31898156,33,7
31898251,35,6
31898283,34,5
31898289,53,3
31898322,35,1
31898372,33,4
31898375,36,4
31898430,78,6
31898452,339,5
31898457,35,3
31898547,41,7
31898632,106,7
31898668,40,5
31898753,437,6
31898772,35,5
31898808,42,5
31898813,36,3
31898828,338,3
31898841,35,2
31898850,41,7
31898893,41,5
31898914,36,3
31898959,39,7
31898971,851,1
31899028,35,2
31899130,35,6
31899153,36,5
31899225,42942,7
31899285,35,5
31899300,299,2
31899367,36,6
31899690,34,4
31899709,35,3
31899881,38,3
31899951,38,7
31900009,31,6
31900015,39,4
31900133,37,5
31900178,38,6
31900253,1914,4
31900658,33,6
31900841,33,7
31900878,44,7
31900940,41,6
31900944,41,3
31901312,24,2
31901318,2505,4
31901348,24,1
31901363,25,4
31901401,24,3
31901430,24,4
31901517,25,6
31901560,26,5
31901603,26,6
31901615,26,5
31901680,26,2
31901745,25,3
31901846,34,4
31901873,32,2
31901881,3312,1
31901910,32,5
31901949,34,1
31901973,33,3
31902076,33,4
31902211,107,2
31902229,107,5
31902283,558,2
31902297,506,3
31902809,391,3
31902818,686,5
31902834,1280,7
31902849,389,6
31902948,486,4
31903496,748,4
31903513,852,6
31903892,34,2
31903965,33,5
31904003,35,4
31904026,34,6
31904061,34,1
31904137,34,7
31904165,33,6
31904220,748,1
31904345,905,5
31904373,222,7
31904603,2062,5
31904906,107,2
31905661,2563,5
31905746,14445,3
31906073,12601,1
31907320,1758,1
31907452,1440,7
31908566,53,6
31908845,33,6
31908889,33,5
31908916,37,5
31908960,32,3
31909111,289,2
31909165,207,2
31909676,272,1
31909795,21642,4
31909858,33,1
31909940,32,3
31909971,32,6
31910041,33,5
31910065,32,3
31910162,33,5
31910270,34,1
31910391,36,4
31910496,10828,3
31910554,34,5
31910804,162,4
31911307,756,1
31911451,757,7
31912640,759,6
31912661,180,1
31912701,176,6
31912892,396,2
31913846,267,7
31914371,1531,3
31914797,1839,3
31916934,110,4
31916951,162,4
31917025,212,7
31917204,798,6
31917926,4195,2
31918450,81,2
31918865,38,4
31919217,79,6
31919443,35,7
31919585,36,4
31919643,78,4
31919986,2903,3
31920518,1836,2
31920604,211,7
31920944,1776,3
31920969,288,1
31921430,1264,4
31921499,564,7
31921781,1935,3
31922352,3632,1
31922471,1257,1
31922642,605,3
31922928,37,3
31922966,3632,1
31922989,73,5
31923000,373,7
31923008,1074,4
31923009,296,1
31923039,264,1
31923339,1862,5
31923785,633,7
31923811,1956,6
31923966,34,2
31923993,34,5
31924094,34,2
31924137,34,6
31924496,620,2
31924544,1269,4
31924726,312,3
31924768,57,1
31924902,356,2
31925023,43,5
31925178,318,5
31925206,319,1
31925264,252,4
31925342,447,4
31925458,713,7
31925589,1839,5
31925724,451,5
31925910,1240,7
31927078,208,1
31927351,220,1
31927802,1842,1
31927851,1849,7
31930103,27452,7
31930276,311,3
31930704,249,5
31931057,52,4
31931447,66,2
31931650,142,7
31931657,64837,2
31932395,65,5
31932471,11585,3
31932550,12347,5
31932593,65,2
31933540,638,4
31933560,125,5
31934097,137,1
31934320,128,1
31934505,126,4
31934677,985,2
31935147,140,4
31935366,36,2
31935551,34,7
31935645,131,5
31935953,142,1
31936457,130,5
31936787,128,7
31937091,35,7
31937186,129,1
31937494,130,7
31937774,275,2
31938261,102,3
31938375,2898,1
31940468,81,7
31940595,81,1
31940664,453,2
31940940,45241,1
31941263,970,2
31941502,974,7
31941679,430,7
31941911,488,5
31942248,491,5
31942544,431,7
31942854,335,6
31943425,350,1
31943897,331,5
31945195,383,1
31946542,11558,1
31948123,150,1
31948420,2740,1
31948512,126,3
31949391,53,7
31953322,32,6
31953569,32,2
31953596,31,6
31953602,53,6
31953641,33,1
31953755,33,7
31953808,105,5
31953814,33,7
31953972,106,6
31953989,105,4
31954098,34,6
31954183,41,4
31954214,42,6
31954357,34,2
31954792,34,5
31954801,2828,3
31954893,34,3
31955039,34,3
31955808,24,6
31955919,33,3
31955993,32,1
31956218,33,1
31956339,32,3
31956416,1172,5
31956464,32,6
31956707,26,1
31957442,313,3
31957703,251,6
31957815,3477,3
31957898,33,5
31958036,255,5
31958051,35,5
31958088,40,6
31958108,35,4
31958128,36,5
31958147,46,3
31958181,1172,3
31958196,214,7
31958201,33,1
31958229,43,7
31958229,44,5
31958254,43,3
31958336,757,2
31958714,40,6
31958778,41,1
31958890,40,1
31958974,40,2
31959173,1014,7
31959254,2659,5
31959272,34,1
31960180,261,1
31960470,216,3
31960536,33,6
31960713,331,1
31960884,33,5
31960887,35,1
31960889,46,6
31960892,35,1
31960894,36,1
31960897,50,7
31960900,1172,1
31960902,45,6
31960905,44,4
31961011,33,6
31961035,79,1
31961133,176,6
31961138,33,4
31961217,34,2
31961317,33,1
31961346,180,6
31961390,35,5
31961395,278,3
31961437,36,2
31961554,977,3
31961632,868,5
31961652,64827,1
31961863,35,6
31962338,35,1
31962390,35,7
31962393,35,6
31962395,50,1
31962398,37,4
31962400,34,1
31962403,47,7
31962405,1172,1
31962407,46,1
31962410,45,1
31962839,3308,3
31963042,36,7
31963190,41,2
31963383,42,2
31963460,46,4
31963470,1090,7
31963478,1032,7
31963605,43,3
31963970,431,1
31964956,1133,7
31964962,1130,7
31967022,3310,1
31967513,32,2
31967649,774,7
31968594,775,3
31969574,33,6
31969751,33,1
31970096,1975,1
31971290,3307,3
31971584,109,4
31971611,42,7
31971804,37,2
31971881,36,3
31971903,102,5
31972090,36,4
31972132,41,7
31972161,238,7
31972227,39,1
31972273,37,3
31972310,37,6
31972382,41,1
31972445,44,5
31972536,63,3
31972563,239,7
31972608,47,1
31972675,52,7
31972735,46,3
31972780,45,1
31972856,259,4
31972945,41,7
31972985,41,5
31972992,42,7
31973001,42,5
31973145,250,1
31973148,34,2
31973300,33,1
31973465,36,7
31973514,274,5
31973558,42,2
31973561,46,6
31973609,40,2
31973613,40,6
31973617,40,4
31973621,41,7
31973635,40,6
31973688,42,6
31973691,41,6
31973696,40,4
31973700,41,4
31973705,41,4
31973809,51,2
31973971,270,5
31974088,78,4
31974405,54,4
31974513,275,5
31975152,236,7
31975447,233,3
31975702,143,1
31977045,689,5
31977051,691,3
31977056,690,3
31977349,1172,4
31978180,1848,5
31978418,30,3
31978909,49,6
31979397,5647,7
31980027,45025,2
31981459,32,1
31981462,35,1
31981464,41,3
31981467,34,7
31981469,36,2
31981471,39,4
31981474,1173,3
31981476,43,2
31981479,39,4
31987348,43599,1
32010574,44,3
32010625,38,1
32010935,35,6
32010944,37,2
32011208,84,3
32011566,156,6
32012389,909,6
32012762,343,6
32013760,3375,1
32014141,967,3
32014840,368,2
32014853,1037,4
32014864,1004,6
32015263,554,1
32015457,464,1
32015520,519,2
32015940,165,2
32015950,163,1
32016566,51,6
32017301,669,7
32018021,1282,5
32019327,1869,7
32021338,3269,6
32021555,879,4
32022478,506,2
32022679,37,6
32022986,402,1
32023477,697,2
32023511,3046,1
32024791,931,7
32025459,3270,2
32026149,372,3
32026982,313,3
32027170,6463,1
32027417,2522,1
32027446,600,1
32027511,181,3
32029157,27401,2
32029448,20268,3
32029653,12225,4
32029945,66,5
32029987,771,5
32030141,24,6
32030164,728,6
32030173,727,4
32030419,24,6
32030831,1948,1
32031131,24,4
32031309,431,5
32031311,25,6
32031316,33,3
32031373,7228,5
32031412,7228,4
32031425,7228,1
32031500,24,5
32031577,28,6
32031734,25,6
32031970,47,4
32032023,51,6
32032036,51,3
32032060,50,3
32032071,48,4
32032271,50,6
32032281,52,6
32032298,54,6
32032307,53,2
32032314,48,7
32032620,556,4
32033322,1773,4
32033968,61080,3
32034001,1539,7
32035189,7229,6
32035272,44,5
32035612,16628,1
32037913,25,3
32038175,313,6
32038220,25,4
32038273,24,3
32038349,1087,3
32038706,25,5
32038953,303,3
32039174,7356,7
32039582,301,5
32039611,211,7
32039627,7415,6
32039653,7384,7
32040048,115,2
32040142,64832,5
32040467,111,1
32040571,42,5
32040689,162,4
32040910,184,2
32041310,31,6
32041418,197,6
32041632,627,2
32041848,40,3
32042005,39,4
32042143,41,2
32042806,39,2
32043533,11396,4
32043948,1901,1
32044710,112,1
32044727,117,2
32044733,115,2
32044742,113,7
32044748,112,5
32044857,43,4
32046241,526,5
32047208,181,5
32047383,847,7
32047633,32,2
32047648,699,7
32048251,296,4
32048629,64829,6
32048847,35,2
32050353,637,1
32051181,41114,2
32053631,43,3
32053808,176,3
32053838,47491,3
32054344,57,5
32054997,6189,5
32055292,11622,4
32055759,102,1
32055881,624,2
32056789,32,6
32056791,37,3
32056794,40,4
32056796,36,1
32056799,34,7
32056802,40,4
32056805,1172,3
32056808,41,3
32056810,42,6
32061965,32,5
32062178,34,3
32066103,50439,7
32071612,61861,6
32077099,34,6
32077101,86,6
32077104,33,7
32077106,70,4
32077109,33,3
32077111,55,4
32077113,33,1
32077116,72,5
32077118,31,6
32077121,53,3
32077123,35,2
32077126,69,5
32077128,57,4
32077130,33,1
32077133,37,7
32077135,91,3
32077138,43,4
32077140,42,3
32077143,37,3
32077146,35,5
32077148,43,6
32077150,43,4
32077153,47,5
32077155,34,6
32077158,37,6
32077160,42,1
32077163,47,3
32077299,1655,2
32084075,25247,7
32113944,58901,1
32114716,1583,3
32116715,370,7
32116722,359,6
32117977,564,5
32118719,543,2
32118731,533,2
32119042,59521,7
32121199,752,5
32122081,634,2
32123145,366,2
32123720,46793,6
32124387,576,6
32125054,614,3
32125061,611,1
32125331,303,5
32126063,353,7
32126072,350,7
32127119,57877,5
32127128,55073,2
32127139,34492,6
32127308,566,7
32127374,31,7
32127377,43,3
32127379,38,6
32127382,219,4
32127384,38,6
32127387,41,5
32127389,36,1
32127392,71,5
32127394,31,1
32127396,40,6
32127399,35,6
32127401,72,1
32127404,44,5
32127406,35,7
32127409,36,7
32127412,44,2
32127414,44,4
32127417,40,5
32127419,32,2
32127422,37,3
32127426,45,4
32127429,45,4
32127432,42,5
32127434,33,7
32127437,36,4
32127441,51,4
32127444,79,6
32127805,309,3
32127808,307,3
32127810,338,2
32127812,338,6
32127815,48,5
32127817,321,2
32127820,893,1
32127822,850,4
32127825,955,6
32127827,961,5
32127830,849,4
32127832,853,2
32127834,307,6
32127837,300,2
32127840,291,5
32127844,293,4
32127847,294,7
32127849,300,2
32127876,260,7
32127879,312,4
32127881,232,6
32127883,325,5
32127886,230,5
32127888,271,4
32127891,569,6
32127893,881,6
32127896,610,7
32127898,1011,5
32127900,540,1
32127904,867,4
32127907,252,5
32127909,265,6
32127912,241,7
32127915,295,2
32127922,222,7
32127928,265,3
32127973,323,7
32127976,370,4
32127978,273,6
32127981,373,4
32127983,247,4
32127985,348,5
32127988,396,5
32127990,897,2
32127993,419,4
32127995,1140,2
32127998,402,7
32128000,898,4
32128002,239,5
32128005,319,3
32128007,234,1
32128010,316,6
32128012,311,3
32128014,370,5
32128378,56725,7
32133248,24,1
32133434,24,3
32133802,24,2
32133918,24,1
32134751,25,6
32134805,15059,7
32135001,24,4
32135616,28581,1
32135654,23,6
32135868,24,3
32136042,24,5
32136317,24,3
32136437,24,4
32136641,33,7
32136689,32,7
32143251,308,2
32145315,256,4
32148396,280,4
32148399,398,1
32148401,265,5
32148403,823,3
32148406,990,2
32148408,821,3
32148411,314,3
32148413,252,4
32148415,294,7
32148927,259,1
32149419,291,3
32149443,251,5
32152554,32,6
32152605,36,2
32152637,632,4
32152754,44,3
32152958,33,1
32152989,34,7
32153891,68,4
32153917,110,7
32153947,45,7
32154071,3633,6
32154467,3632,2
32154506,3632,7
32154531,3633,3
32154575,3632,3
32154691,3632,7
32154789,3633,3
32154798,31782,6
32154842,3637,4
32154872,3635,5
32154924,3636,3
32154955,3636,4
32155900,166,2
32158400,2609,7
32161411,558,1
32162846,695,4
32163640,598,4
32163648,566,6
32164622,617,2
32164628,604,6
32165714,5620,5
32166218,555,3
32166470,36,6
32166505,27,7
32166548,38,3
32166597,29,6
32166622,29,4
32166684,63,3
32166760,62,2
32166831,61,4
32166870,643,2
32166877,646,6
32166886,62,7
32166955,62,6
32167078,338,7
32167229,32,6
32167436,338,2
32167751,32,4
32167897,338,3
32167972,380,5
32167978,380,1
32168078,32,5
32168332,338,6
32168535,34,1
32168569,35,5
32168601,35,3
32168633,34,6
32168664,34,3
32168680,341,6
32168744,38,2
32168825,38,2
32168854,46,3
32168895,38,6
32168929,38,1
32169024,103,4
32169227,104,2
32169229,580,4
32169324,37,1
32169347,104,4
32169399,36,4
32169565,40,4
32169597,108,4
32169641,36,1
32169702,36,7
32169801,38,7
32169834,38,5
32169913,38,6
32169950,38,2
32170009,38,7
32170143,112,4
32170245,111,1
32170344,85,6
32170430,67,1
32170515,58,1
32170569,58,1
32170756,40,6
32170821,40,6
32170829,41,2
32170834,41,2
32170837,40,5
32170915,25,5
32170957,25,6
32171022,24,5
32171065,43,7
32171072,41,1
32171083,25,2
32171087,42,3
32171128,24,1
32171227,25,2
32171258,25,4
32171344,46,5
32171349,40,5
32171366,26,4
32171505,51,6
32171509,50,2
32171512,50,4
32171515,50,1
32171518,50,3
32171534,26,7
32171597,26,2
32171694,33,1
32171734,33,1
32171778,32,3
32171834,33,6
32171881,33,7
32171994,107,3
32172006,107,1
32172070,35,1
32172111,32,6
32172149,34,4
32172174,33,6
32172200,32,7
32172251,35,1
32172296,34,7
32172334,34,4
32172367,34,6
32172387,35,7
32172506,41,3
32172552,42,3
32172590,40,2
32172625,43,6
32172656,42,6
32172748,34,3
32172772,35,5
32172809,35,5
32172827,35,1
32172863,36,7
32173001,35,6
32173015,33,3
32173047,35,1
32173080,34,1
32173108,34,7
32173252,43,5
32173307,43,2
32173334,42,4
32173369,42,3
32173394,6397,1
32173401,41,7
32173470,37,4
32173507,40,3
32173556,37,1
32173564,39,4
32173613,36,3
32173641,36,3
32173675,35,7
32173718,37,7
32173765,36,2
32173806,37,1
32173830,36,1
32173861,44,5
32173955,44,1
32174001,44,2
32174006,44,2
32174010,47,7
32174013,44,4
32174158,48,6
32174252,39,7
32174276,41,7
32174280,40,1
32174287,40,1
32174540,42,5
32174591,42,1
32174620,48,7
32174629,40,7
32174640,41,6
32174647,41,5
32174897,50,4
32174910,48,6
32174923,52,3
32174941,48,4
32175045,48,6
32179188,537,2
32180121,351,7
32181331,693,3
32182107,56,5
32182550,355,5
32183785,583,6
32184460,540,4
32186858,711,5
32186963,555,3
32193867,401,2
32198039,531,1
32198045,521,6
32198975,394,5
32198981,386,1
32200730,693,1
32201497,530,1
32201503,521,3
32202431,500,5
32204295,603,1
32204971,166,4
32204975,152,4
32204980,148,6
32204984,167,5
32204987,184,1
32204993,188,3
32205019,147,6
32205023,151,6
32205027,221,2
32205032,144,2
32205037,244,5
32205046,48,7
32205112,196,1
32205116,167,7
32205119,165,1
32205122,144,6
32205148,143,7
32205677,197,5
32206398,34265,3
32206406,58478,1
32206480,55085,1
32208036,35,7
32208126,32,7
32208186,37,4
32208304,87,4
32208520,31,1
32208587,35,1
32208622,35,5
32208649,71,3
32208752,32,7
32208814,34,1
32208874,632,6
32208934,32,3
32208965,36,3
32208986,70,4
32209025,32,1
32209049,38,5
32209069,70,4
32209179,33,1
32209209,34,3
32209230,49,6
32209387,36,1
32209470,33,1
32209493,36,6
32209503,41,5
32209756,6788,6
32211195,61520,1
32211266,41,3
32212388,55,3
32212458,57,2
32212479,46,1
32220562,413,2
32222185,50,5
32223283,241,5
32226919,6863,6
32230450,561,3
32231412,407,3
32232659,113,6
32232935,7773,2
32233167,549,2
32235519,549,5
32236476,411,7
32237462,673,7
32238154,2372,4
32238215,694,3
32239017,570,5
32239982,418,5
32240429,7304,5
32241744,582,6
32242174,34,4
32242411,589,1
32242679,32,5
32243401,474,3
32244672,32,6
32244819,31,1
32245117,39,4
32245125,89,5
32245139,36,6
32245148,37,4
32245156,48,3
32245161,550,3
32245172,41,3
32245180,52,5
32245190,47,5
32246039,7684,7
32246593,43,4
32246602,34,7
32246998,46,4
32247006,47,5
32247013,45,3
32247020,42,5
32247027,33,1
32247034,41,3
32248585,4653,1
32248681,707,2
32252247,60477,3
32253111,606,6
32253369,5672,6
32254143,395,3
32255864,612,2
32256566,548,3
32257529,633,4
32259448,548,5
32260088,626,1
32261082,570,4
32262979,690,6
32263758,624,4
32266335,7244,2
32267141,5437,4
32267206,554,2
32267233,64841,4
32269224,27042,4
32277656,708,2
32278125,1836,7
32278415,965,5
32278899,613,7
32279792,29722,2
32279902,479,4
32281353,580,1
32282173,6299,2
32282307,169,3
32282392,370,3
32283331,881,1
32283665,14433,2
32285450,231,2
32285611,40,7
32285680,28843,2
32286698,12503,4
32287091,17215,4
32287102,8179,1
32291690,11564,2
32291783,11567,2
32291819,16870,5
32296047,320,2
32296942,1866,3
32297046,118,6
32297448,2736,6
32299149,30341,2
32302499,45158,6
32304604,271,4
32305168,524,2
32305171,611,2
32305173,491,1
32305176,547,3
32305178,348,4
32305181,485,6
32305183,405,4
32305185,1053,7
32305188,448,1
32305190,1483,4
32305193,491,5
32305195,1060,1
32305198,403,6
32305200,449,7
32305203,326,2
32305205,555,4
32305208,371,1
32305211,470,5
32306420,31,6
32306514,332,6
32306725,333,1
32306954,332,3
32308727,333,5
32311362,25,2
32311603,24,5
32316678,101,7
32318424,46,7
32319003,1133,3
32323500,58885,7
32330134,39,3
32330428,24,3
32330466,25,7
32330559,24,7
32330705,37,5
32332963,25,1
32348629,60421,3
32350261,70,1
32350422,97,2
32350644,38,2
32350792,318,6
32351239,45,7
32352039,3632,7
32356626,876,6
32356970,56844,2
32357742,3974,3
32358397,64827,4
32362353,454,6
32362357,403,6
32362361,380,6
32362365,423,3
32362369,466,2
32362372,457,5
32362376,355,3
32362381,360,5
32362386,362,7
32362400,531,3
32362404,554,6
32362407,530,7
32362411,1088,6
32362415,1494,7
32362419,1093,2
32362423,494,1
32362428,510,2
32362432,517,6
32363802,318,4
32365304,34682,1
32365876,25344,2
32367130,268,7
32367148,306,3
32368015,256,4
32368963,293,4
32370062,757,4
32371068,169,5
32371502,1067,7
32373115,30083,7
32375167,16626,5
32377454,317,7
32378406,46384,5
32379259,720,5
32382034,51789,6
32382610,44622,3
32382701,36,4
32383245,45598,2
32386901,55837,2
32386914,59349,5
32386950,6424,1
32387047,13212,5
32387101,13483,3
32387350,22373,5
32390486,59,2
32390608,31705,5
32395424,6591,6
32395427,6177,6
32397567,25,3
32397684,24,5
32397746,24,7
32398227,5602,1
32401252,24,4
32401414,24,1
32403883,725,3
32405202,702,1
32406325,2733,6
32410014,46636,2
32410108,44,4
32414824,7310,1
32415186,3506,6
32416091,1372,5
32418020,447,1
32420137,14010,1
32420147,676,1
32421087,5826,7
32425497,27,6
32435644,359,7
32436181,1448,2
32436483,7552,6
32437753,3836,5
32441744,3632,2
32444128,5576,6
32447930,64,4
32448973,1607,6
32449349,34,2
32450916,21628,3
32453406,993,3
32453492,1000,2
32454443,14430,7
32454509,475,7
32455005,8943,7
32456532,89,6
32460184,1837,5
32461464,43615,4
32461896,41811,2
32462173,40,3
32462640,37,7
32464327,814,6
32467031,40,2
32467203,40,5
32470840,2703,6
32471038,40,7
32471112,515,4
32471228,2708,7
32471639,244,1
32471752,14431,1
32471887,24,1
32472063,215,1
32472243,32,3
32472539,200,5
32472555,40,1
32473011,420,1
32473231,26173,7
32476102,1827,6
32478297,211,4
32481654,2733,2
32481663,758,1
32481671,1261,5
32485274,462,4
32485287,271,7
32485300,187,2
32485312,162,6
32485324,102,4
32485335,82,1
32485346,87,7
32485357,153,5
32486314,4226,4
32486333,11698,3
32486366,11632,2
32496775,32,2
32496816,31,2
32499346,511,3
32500525,1119,2
32502752,487,2
32510453,74,5
32510850,760,5
32510869,882,3
32511460,1030,1
32511466,862,7
32511489,74,1
32511549,960,3
32518758,70,5
32520405,4489,7
32520985,70,7
32521020,541,6
32521045,6805,6
32521209,70,5
32521884,2037,5
32522352,28898,7
32527191,151,3
32527796,498,4
32528606,224,2
32529099,71,4
32534301,21498,4
32534408,18981,7
32534687,6491,4
32535085,1365,7
32536039,1715,1
32536042,4475,2
32537401,6880,3
32537445,2627,7
32539674,278,4
32541538,56281,5
32541546,58554,4
32541559,34888,2
32545092,78,4
32545277,5191,3
32545321,102,1
32549360,9984,5
32549486,22851,5
32550283,129,7
32552043,3504,2
32556631,1322,3
32557282,7221,5
32557847,84,4
32559634,41,7
32559808,711,2
32560345,33,2
32560905,34,7
32561318,105,3
32561428,31,1
32561689,30,5
32561772,30,6
32561930,23,7
32562060,29,5
32562193,29,7
32562335,32,2
32562537,29,4
32564282,29,7
32564471,24,4
32564606,33,4
32565358,31968,7
32565699,840,4
32579436,11561,3
32582249,40,3
32582373,11654,7
32585881,515,6
32595279,162,4
32608321,1238,5
32616395,22693,7
32617771,35,4
32618013,34,7
32618381,33,3
32620986,95,6
32623948,72,7
32624886,232,3
32625694,604,1
32626071,36,2
32626256,70,3
32627465,44484,4
32627474,46186,7
32627483,37851,1
32627492,35813,3
32627500,38538,2
32627509,37891,2
32627517,34252,4
32627527,11797,2
32627535,6238,4
32627544,10500,1
32627552,8503,1
32627561,10623,3
32627570,7140,4
32627579,6604,6
32627587,3914,1
32627595,7567,3
32627604,5226,4
32627612,5749,5
32627620,5233,7
32627630,3843,1
32627896,164,1
32628130,70,7
32628297,168,4
32628307,110,4
32628333,84,6
32628348,269,4
32628419,467,7
32628451,900,1
32628971,263,4
32628980,516,1
32629097,914,3
32629442,58795,5
32629717,5063,1
32629956,296,2
32629999,509,1
32630044,921,2
32630121,35,3
32630453,91,7
32630695,89,4
32631100,932,5
32631416,91,7
32632493,29,3
32632559,90,6
32633186,36029,2
32633427,44684,1
32633483,329,3
32633622,38,4
32633653,35,6
32635475,61,7
32635703,42,6
32636330,1158,7
32637294,933,6
32637325,39,6
32638180,38,1
32640516,37,4
32642056,5445,4
32643565,633,3
32643574,638,6
32644427,56765,6
32645269,41,5
32645684,113,6
32645711,33,6
32646111,36,1
32646941,110,3
32647453,107,4
32647727,34,6
32647944,64,6
32648249,32,6
32649535,759,2
32649546,759,4
32651561,44589,3
32654477,151,7
32654775,32,7
32655671,33,2
32656438,32,6
32656971,30,3
32657026,1350,1
32657830,31,2
32662889,49397,6
32670203,164,4
32670312,5761,2
32678436,31,3
32678490,35,4
32678774,80,4
32678858,68,6
32679212,229,3
32679393,109,5
32679527,154,7
32679640,377,7
32679968,9637,1
32687515,31969,2
32696226,183,5
32699020,4020,5
32699415,4681,4
32699550,24485,2
32699744,21938,2
32700732,19343,1
32706060,745,5
32713757,64,1
32721144,725,2
32725108,84,1
32725495,107,2
32725673,84,3
32725946,6455,5
32727239,108,6
32727446,350,1
32727799,310,4
32728720,211,6
32729357,278,2
32729631,296,6
32729924,63041,1
32730106,32,7
32737807,5171,5
32739609,945,7
32739847,932,1
32740243,933,2
32740849,933,6
32741274,932,2
32742549,933,6
32742950,5444,2
32744666,210,7
32744825,187,5
32745039,247,2
32745256,119,4
32745356,933,3
32745910,932,7
32746289,933,1
32746511,933,3
32750478,31086,7
32752414,33,1
32752432,40,1
32752966,34,7
32753069,40,1
32753448,32,1
32753526,31,3
32753735,53,4
32754016,35,1
32754208,37,7
32754312,56660,7
32754446,32,4
32754845,32,6
32754998,58,3
32755105,39,6
32755152,136,2
32755277,51,2
32755360,52,7
32755892,31,4
32756078,32,3
32756339,58898,1
32756662,78,7
32756939,31,1
32757189,37,1
32757563,48,7
32757753,48,2
32757926,48,3
32758202,68,7
32758343,55,2
32759481,332,6
32759709,231,1
32761531,222,4
32761700,30,1
32761869,35,2
32762342,271,2
32762543,29,3
32762548,39,6
32762553,37,7
32762559,56,6
32762563,151,1
32762752,128,6
32762860,124,2
32762979,332,4
32763334,30,5
32765328,5444,1
32773231,29,2
32773886,32,3
32774143,679,4
32775036,996,4
32775867,173,1
32776326,31,5
32781667,192,6
32782137,551,3
32782717,322,2
32783319,203,6
32783659,2441,3
32784402,3737,5
32784442,3081,5
32784861,48,7
32790830,16025,2
32790968,19038,3
32791324,19762,2
32791578,23887,5
32791812,24967,4
32804707,544,2
32806207,101,7
32806210,114,2
32806213,75,3
32806215,66,4
32806215,60,6
32806216,73,4
32806377,58,6
32806378,58,1
32808153,101,5
32809610,152,7
32811147,33,2
32811703,80,7
32812162,98,3
32813088,52,3
32813283,52,7
32813415,91,3
32813444,53,3
32813520,9134,7
32813643,48,3
32813988,47,4
32814158,66,2
32814281,65,2
32814492,65,7
32816632,37,5
32817411,20027,4
32817914,387,2
32818124,25962,2
32820137,37,1
32823164,35,7
32823288,46,3
32823688,17199,6
32824133,40,5
32824173,8085,5
32824794,33,2
32825566,35,2
32825631,15138,5
32827163,881,7
32827459,24,7
32827689,289,7
32828301,933,1
32828303,932,7
32828306,24,2
32828311,932,5
32828651,24,3
32831891,1130,6
32832403,60444,5
32832618,3335,3
32833171,140,6
32833178,23,7
32833180,23,3
32833183,23,5
32833494,32231,5
32834432,932,7
32837892,859,3
32840713,8620,5
32845811,1756,2
32846971,264,2
32847368,36,4
32847777,33,7
32847949,89,4
32848220,43,1
32849033,1748,6
32851850,56686,6
32852551,15629,1
32853301,15633,7
32859468,58829,4
32872145,14144,6
32872152,2605,6
32872159,11913,4
32872166,9819,1
32872173,5700,2
32872179,14511,5
32872185,5846,5
32872191,8397,5
32872197,5991,5
32872203,8051,5
32872209,5348,2
32872215,6809,3
32872221,5851,3
32872228,3525,5
32872234,5621,5
32872240,5273,1
32872246,3582,6
32872252,2778,6
32872258,3300,6
32872265,4634,5
32873622,31154,7
32873689,23,4
32874383,554,2
32875158,328,6
32877091,28946,3
32877179,125,2
32877188,166,5
32877194,181,2
32877628,40326,6
32877981,142,7
32878064,272,3
32878154,330,3
32878870,6467,2
32878943,34,2
32879073,34,3
32879146,330,1
32879390,86,2
32879651,80,6
32879823,337,4
32880514,332,3
32881098,335,1
32882355,24157,6
32882665,21633,1
32883004,18869,6
32884150,609,4
32884766,929,3
32884830,190,3
32885275,2903,6
32885420,205,6
32885700,40,4
32885838,4262,7
32886074,675,5
32887354,659,1
32887831,3252,7
32887841,57031,7
32887851,35083,7
32888540,666,2
32889580,3291,4
32889841,483,5
32891681,198,7
32891891,179,3
32893462,3686,1
32893689,330,7
32893845,2019,1
32894046,39,5
32894160,32,3
32894323,573,6
32894536,124,6
32894773,91,2
32895081,432,1
32895429,34258,4
32896489,96,3
32896529,14783,2
32897233,131,5
32897815,1504,2
32898186,445,4
32898896,16186,5
32898902,18672,6
32898908,17673,1
32898914,9568,3
32898921,9565,7
32898989,9563,5
32899047,9565,3
32899053,21957,7
32899059,19650,6
32899066,17141,3
32899073,14030,7
32899290,19593,7
32899297,22018,3
32899303,21225,7
32899511,18867,6
32899537,29,2
32900366,11726,7
32900394,11759,1
32900886,2005,1
32901527,91,7
32901957,122,3
32902490,90,6
32902758,31,7
32902852,91,5
32902879,93,2
32903156,560,2
32903160,47,3
32903253,1832,7
32903334,102,6
32903358,103,1
32904580,130,6
32904606,194,2
32904642,298,6
32904794,195,4
32904826,54,2
32904847,138,4
32905241,528,2
32905251,166,2
32905348,953,4
32905354,139,2
32905525,212,5
32905577,639,1
32905583,941,3
32905590,79,7
32905793,10494,4
32905888,972,3
32905969,18916,4
32906147,281,7
32906656,10349,3
32907246,1133,6
32907530,716,1
32907536,553,6
32908270,113,6
32908340,897,2
32908378,756,2
32908389,861,3
32908574,706,1
32908575,554,7
32908584,815,7
32908591,446,5
32908781,1313,2
32908790,549,3
32909009,682,2
32909107,1932,2
32909320,1834,2
32910268,1319,4
32911107,2225,7
32911755,1281,1
32912464,186,3
32912487,211,1
32912500,404,1
32913549,1322,2
32913831,1321,4
32913864,1334,4
32913871,1924,7
32914107,1324,6
32914128,1327,6
32914167,1943,5
32940875,126,4
32962387,208,1
32962993,49,7
32963662,33,7
32965894,28819,7
32965960,30999,6
32968767,46872,7
32970163,7251,3
32970169,6635,7
32970189,4879,5
32970195,2738,4
32970201,2708,5
32970207,390,2
32970213,4264,3
32970219,3673,2
32970225,2938,2
32970231,3598,2
32970237,6093,2
32970244,3545,3
32970250,4788,3
32970256,2318,4
32970328,3593,2
32970334,3594,3
32970340,3535,1
32970346,4346,3
32970352,3582,6
32970358,3564,2
32970364,2877,2
32970370,3575,6
32970376,4754,5
32970382,3632,1
32970388,2729,7
32970394,1684,7
32972801,107,2
32973078,4382,6
32973084,3496,4
32973091,3544,1
32973097,3489,7
32973103,3541,3
32973109,3523,7
32973115,3478,5
32973121,3555,1
32973127,6365,3
32973133,3580,2
32973139,2811,3
32973145,1615,5
32973169,7152,3
32978352,47,5
32978752,1268,7
32979229,46,4
32980008,1329,7
32985240,11638,2
32985917,11536,7
32988643,1268,1
32988735,59,4
32988862,223,5
32989620,1199,6
32990121,31651,2
32994098,14234,6
32994111,14072,7
32994204,49,7
32995360,47,5
32995518,49,5
32995628,48,7
32995879,42,7
32995944,1842,4
32995994,43,5
32996114,47,7
32996212,44,4
32996251,110,6
32996391,34,2
32996767,192,3
32997776,247,5
32997835,40,7
32997985,447,6
32998207,1191,7
32998412,37,2
32999406,42,7
32999554,453,5
33000060,187,3
33000080,104,3
33000455,44,1
33000577,63,6
33000578,49,3
33000711,42,1
33000851,43,4
33000964,44,4
33001064,528,1
33001590,44,1
33001736,2443,1
33001741,783,1
33001763,43,1
33001797,1339,5
33001889,45,4
33001999,633,6
33002005,51,7
33002014,54,7
33002142,44,4
33002259,44,5
33002482,44,2
33002829,441,1
33003228,378,4
33003295,641,3
33003338,108,3
33003525,1244,1
33003606,5632,2
33003671,112,5
33004600,49,3
33005158,2434,7
33005236,47,4
33005637,574,7
33005866,47,1
33006165,74,1
33006831,137,1
33009998,2166,7
33011710,14308,7
33011946,842,5
33013373,1922,2
33013549,619,5
33014833,56632,7
33018588,49461,4
33019429,111,6
33019607,3628,5
33052833,784,5
33053506,48,5
33056266,16207,5
33058553,11179,7
33061736,36,4
33062073,375,2
33062304,31,5
33062501,66,1
33062650,144,6
33063141,182,3
33063237,45,6
33063835,36,6
33063929,151,5
33065485,11521,4
33065524,11562,6
33067002,21598,4
33067747,163,2
33068194,86,6
33068239,162,7
33068314,113,1
33068462,26,2
33068682,26,3
33068955,61071,1
33069853,786,6
33070043,695,7
33071276,637,7
33071307,1911,7
33072094,249,1
33072721,36,5
33073096,538,7
33073234,518,7
33073323,74,4
33074527,1338,7
33074878,520,6
33074925,505,2
33076056,743,3
33082508,1232,7
33082512,10579,2
33083678,69,3
33083919,247,1
33084942,41,4
33085398,61,6
33085412,81,2
33085721,40,5
33085988,39,5
33086423,36,1
33086732,37,6
33087219,67,7
33087548,39,3
33087707,39,7
33088574,390,4
33088858,382,7
33092233,16131,7
33102217,586,4
33105900,200,4
33134057,58698,4
33134235,60375,4
33134443,395,1
33136648,211,5
33137566,548,2
33138388,19213,2
33138580,21486,6
33138628,869,3
33140022,166,5
33140504,163,2
33144273,28,3
33150947,15993,6
33151314,30,4
33151601,36,5
33151848,33,4
33153369,107,2
33154025,33,1
33154146,411,1
33154401,2966,4
33154576,2438,2
33155726,33,6
33156067,36,7
33156405,19152,6
33156508,18438,7
33156545,411,5
33156603,41,1
33156653,19832,5
33156756,15684,4
33156809,44,4
33157125,17524,2
33159178,49,5
33159411,108,4
33159795,111,1
33159999,117,1
33160235,47,3
33160705,87,2
33160829,569,3
33160943,82,5
33161051,161,3
33161123,341,1
33161517,88,6
33161569,131,5
33161722,24,2
33161818,51,6
33161962,331,6
33162107,146,7
33162706,130,4
33162728,151,2
33163281,34,1
33163404,509,1
33163462,516,1
33164529,68,5
33165138,1087,6
33165862,35,6
33166064,7233,5
33167077,59915,6
33171300,155,2
33172261,107,7
33172553,153,4
33173279,108,4
33174046,107,6
33174526,83,6
33174609,1800,3
33175070,107,4
33176714,434,6
33177219,106,5
33177837,2871,4
33179461,153,5
33179517,340,2
33179592,224,3
33179835,632,1
33180072,933,5
33180078,654,7
33183806,107,7
33184080,107,6
33184386,125,7
33185240,65,6
33185984,550,7
33186763,572,4
33187416,586,7
33187592,68,7
33188109,2121,2
33188118,1035,6
33190345,477,4
33191183,2066,5
33195162,59315,7
33196867,60474,1
33225316,13297,4
33226306,19107,7
33226901,22021,4
33228633,49,7
33233116,203,2
33234330,112,6
33234615,42,7
33237417,382,5
33237941,46,1
33242725,11825,3
33242763,11581,7
33245058,158,2
33246669,15630,1
33246989,408,3
33247320,51,2
33247339,34,3
33247520,47,4
33247563,32,7
33247718,31,6
33247915,24156,5
33248002,53,2
33248002,1728,7
33248043,3110,4
33249745,45,1
33249837,1489,5
33250025,1163,7
33250346,7237,4
33251081,1492,3
33251786,5131,1
33251956,57,1
33252770,230,7
33253259,73,1
33253329,153,2
33253551,7229,7
33253861,1452,7
33254462,287,7
33254769,19095,1
33254783,397,1
33255015,21901,6
33256415,421,2
33257087,59382,3
33257248,1090,5
33259430,13153,3
33260213,56,5
33260563,151,3
33261034,44,7
33261172,64,7
33264521,21654,6
33264649,78,6
33267427,3836,6
33271605,3835,3
33272857,1107,7
33274461,24392,2
33275495,127,1
33275681,2522,5
33276332,3528,3
33276380,162,7
33276890,99,7
33278387,26,2
33278644,2868,6
33278915,105,5
33279028,572,1
33279293,2049,7
33279517,106,2
33280195,737,2
33280421,737,3
33284760,23,3
33287406,108,1
33287817,108,4
33288033,106,2
33288203,576,1
33288890,3628,6
33289424,186,1
33292787,82,6
33293872,23733,1
33298517,40,4
33298669,3627,5
33305561,1867,2
33307646,40,3
33307732,3402,7
33310099,24032,1
33316476,58862,2
33321341,582,3
33321591,1404,6
33325395,2288,2
33327054,29,5
33331446,1969,3
33332913,60446,5
33334201,190,3
33336053,131,4
33336400,1063,1
33339822,24,4
33340469,3720,5
33343058,11529,6
33352696,3905,6
33357052,847,7
33365249,341,1
33366733,56714,4
33371180,23950,6
33375309,58940,5
33382817,3644,7
33387445,210,5
33387679,655,2
33388810,2717,3
33389743,185,4
33389838,122,2
33389962,64,2
33390144,60,4
33390356,67,6
33390575,61,6
33391056,69,2
33391730,88,6
33391928,106,5
33391933,100,1
33392549,986,7
33392619,65,1
33392916,66,5
33393035,397,6
33393141,70,6
33393233,64,4
33393344,62,2
33393488,104,2
33393670,81,4
33393792,86,1
33393817,94,5
33393890,1215,2
33393968,218,1
33394142,157,6
33394179,99,2
33394296,1238,6
33394620,150,3
33395015,121,6
33395626,173,5
33395632,104,6
33395637,74,7
33395642,61,4
33395647,64,5
33395653,172,2
33395878,192,6
33396152,591,2
33396157,320,2
33396162,178,2
33396166,122,7
33396171,88,7
33396176,162,7
33396249,102,4
33396645,928,2
33396688,930,3
33396692,600,2
33396697,326,6
33396702,195,4
33396709,160,7
33396715,195,7
33397508,518,5
33397910,967,2
33398515,652,1
33399178,217,1
33399311,1316,1
33399653,621,3
33399749,149,2
33472776,138,1
33486083,49,7
33486727,22458,6
33487518,225,2
33490362,45,4
33490457,150,1
33490875,14891,6
33492004,35168,2
33492130,57238,2
33492181,60404,5
33492248,585,1
33492262,36,5
33492453,192,7
33493502,154,7
33493951,31,7
33494054,131,5
33494108,151,2
33494302,42,7
33494481,107,4
33494738,328,3
33494937,44,6
33495230,3028,6
33495643,34,1
33496097,37,3
33496111,152,5
33496118,459,2
33496487,160,4
33496578,39,2
33496705,147,5
33496781,92,6
33497499,101,1
33497595,31,7
33497788,97,4
33497861,172,2
33497952,310,2
33498281,970,1
33498913,2061,5
33499901,984,7
33500121,183,3
33500291,194,3
33500525,352,2
33502808,126,4
33503381,410,6
33503642,367,5
33506001,37,5
33506049,194,2
33506109,46,2
33506209,15853,6
33506313,107,5
33506504,67,7
33507080,135,7
33507861,193,4
33510147,153,4
33511065,286,5
33511738,152,5
33514884,148,1
33516052,64840,6
33516125,310,1
33516503,283,2
33516661,306,7
33516833,477,4
33517122,226,6
33517318,2265,1
33517615,51,5
33517755,186,6
33519494,148,3
33520142,332,4
33520569,321,4
33521386,42071,2
33521502,332,1
33521682,341,6
33521700,148,4
33521811,42,3
33522056,7241,5
33522792,295,4
33523275,632,2
33524840,632,1
33525455,226,3
33525695,632,3
33526014,632,1
33526052,540,3
33526292,536,1
33526306,533,5
33526418,38,2
33526560,7807,1
33527141,247,5
33527147,343,4
33527154,346,1
33527165,349,1
33527724,339,6
33527729,332,2
33527734,335,3
33527740,341,4
33528025,212,7
33528206,633,5
33528682,1459,4
33529590,322,3
33529617,958,6
33531740,3628,4
33532045,71,7
33532334,34,5
33533253,5686,7
33534206,58857,7
33535061,11611,5
33539142,122,4
33539159,35091,1
33541075,126,1
33541334,89,2
33541633,112,7
33542185,108,2
33547826,120,3
33548327,115,4
33548591,112,1
33548883,113,7
33549452,113,5
33549795,113,7
33550474,115,1
33550876,119,5
33551752,569,2
33553379,12883,6
33554586,35,4
33555189,13517,2
33556046,13936,4
33557390,3800,4
33568999,300,3
33570332,553,1
33570601,851,7
33570664,2048,3
33570782,2111,3
33571265,64829,3
33574008,14655,3
33574014,17854,6
33574020,17558,3
33574026,19028,3
33574031,19767,3
33574037,21362,6
33574043,22118,2
33574050,21072,5
33574082,21645,3
33574088,16912,7
33574108,19545,2
33574114,20562,5
33574120,17340,6
33574126,18525,2
33574131,19214,4
33574137,148,1
33574143,175,6
33574149,22252,1
33574155,24094,3
33574160,23894,2
33574681,99,4
33575855,57502,4
33575901,35003,6
33576067,60869,1
33578712,15967,6
33578719,15623,1
33579534,186,3
33580295,33,7
33580432,23759,2
33580583,34,6
33582027,34,7
33582637,339,7
33583957,90,1
33585161,310,2
33585555,97,2
33585852,68,2
33586299,914,1
33586512,30,6
33586880,24,5
33587039,30,2
33587199,1477,7
33587214,32,3
33587876,33,5
33588086,30,2
33589417,46527,2
33590175,85,3
33590419,115,5
33590438,78,2
33590561,1126,7
33590669,2575,5
33591483,32,5
33592215,391,1
33593079,58833,6
33593257,31,4
33593587,2243,4
33593655,148,5
33593692,3110,1
33593775,2049,1
33593892,2688,2
33594335,1566,1
33594974,2114,3
33595555,32,5
33595958,31,7
33596772,35,5
33597212,125,6
33597575,5026,6
33597856,44,1
33597899,122,5
33598189,15822,4
33598448,1179,7
33599300,32,7
33599508,31,4
33599839,1144,5
33600399,39,5
33600652,126,6
33600828,123,4
33602183,144,7
33603339,121,5
33604289,15611,6
33604320,141,3
33605970,136,1
33606403,1036,2
33607882,87,6
33608540,119,6
33610669,81,6
33611325,1987,3
33614201,44560,6
33614775,44199,1
33615232,44110,5
33615713,44102,5
33616305,43853,7
33616918,44303,6
33620440,102,2
33620440,79,3
33620440,143,6
33620440,199,7
33628051,746,6
33628473,875,5
33628604,1030,5
33629911,600,7
33630993,122,7
33631008,213,2
33631019,183,7
33635364,93,2
33635955,75,1
33636192,77,4
33636458,84,4
33639251,282,3
33643967,1966,3
33652885,332,1
33653662,207,4
33653824,633,3
33654011,332,2
33654043,633,7
33654381,333,2
33654943,58831,1
33654996,332,4
33655333,333,3
33656200,325,7
33656499,332,1
33656788,13308,6
33656828,13961,2
33657468,240,3
33657678,392,3
33657972,15624,7
33658552,933,1
33658937,905,4
33658945,1236,3
33658956,1235,6
33659147,46486,6
33659698,1025,3
33664400,29817,4
33664708,15832,7
33665440,12800,5
33668531,169,6
33669630,67,7
33670281,75,5
33672024,141,6
33675305,152,5
33675897,843,7
33676006,2008,4
33676345,3623,4
33676614,35363,2
33680167,120,4
33680575,9593,1
33680800,1645,5
33681909,61511,3
33682768,15731,3
33683327,123,3
33683343,115,2
33683405,674,5
33685226,2914,2
33685282,4506,4
33686070,136,2
33689731,209,2
33690158,13094,6
33692766,31723,6
33693453,63,5
33694575,32,7
33694686,32,2
33695480,32,1
33698451,55,4
33698575,42,6
33698608,60034,2
33700392,136,5
33700406,79,1
33700409,103,2
33700413,203,6
33700451,55,1
33700455,68,7
33700456,96,7
33700460,143,6
33700573,92,7
33700624,86,6
33700672,78,6
33700684,100,6
33700704,138,6
33700726,103,1
33700748,76,1
33700779,200,3
33700795,110,3
33700834,178,5
33701997,864,2
33702524,46,3
33721443,58757,7
33725611,2761,4
33726153,2756,7
33727021,2481,3
33732826,14448,6
33732852,1399,4
33740986,42138,7
33742251,1832,1
33743036,61098,4
33743239,35361,6
33743606,64083,5
33744063,18179,3
33747269,153,3
33747549,147,6
33747679,154,5
33747970,157,1
33748109,153,1
33748236,156,7
33749191,38,7
33751067,76,3
33751111,78,3
33751133,91,6
33751158,153,2
33753593,182,1
33754276,36,5
33754838,2103,4
33758372,101,2
33759340,107,6
33761264,1215,7
33761283,289,7
33761296,277,2
33763119,43264,5
33764052,13631,7
33764210,110,2
33765350,2576,1
33767094,851,1
33767491,13806,1
33767972,2789,7
33768695,2522,5
33770665,71,7
33770943,56,2
33771349,224,7
33771465,128,6
33771693,34,3
33771921,48,4
33772178,40,2
33773093,9658,5
33774520,426,7
33776276,31097,5
33779381,11543,4
33781734,2391,6
33781987,2376,2
33782188,919,1
33788567,59533,7
33790057,64867,7
33790520,28875,7
33791086,10475,5
33791164,1937,3
33796258,23754,3
33809861,2926,3
33820931,34,6
33829235,61550,1
33829282,35275,4
33834232,772,6
33836365,1334,4
33837963,143,5
33838144,4172,4
33840517,2421,7
33841303,10853,2
33844176,514,7
33845179,64869,6
33847019,94,1
33849168,62,6
33849554,663,2
33850537,53978,2
33853015,2669,2
33855125,57700,4
33855321,329,5
33855505,1088,7
33855788,89,3
33855992,150,5
33856032,1057,7
33857145,56541,4
33860848,34,3
33872055,24,3
33873557,3340,7
33876397,63673,6
33876767,155,6
33876776,173,3
33876784,103,2
33876801,91,3
33876810,78,2
33876866,77,6
33876904,94,1
33876992,153,2
33877023,1248,3
33877053,1265,6
33886535,63,7
33895233,684,5
33900309,30008,4
33900315,40564,6
33900321,46052,3
33900327,23648,4
33909851,3165,6
33923130,33490,4
33924109,54028,5
33926393,64845,7
33928006,49,5
33929248,61768,6
33929312,57822,1
33929383,34948,7
33929453,33,6
33929704,36066,6
33929727,36062,5
33929944,88,7
33930714,42071,6
33931895,2033,7
33935432,39639,4
33937912,928,2
33938144,32,7
33941829,175,4
33954975,50,4
33955193,45,5
33955415,895,3
33955433,89,5
33955627,1478,6
33955919,2361,1
33956851,53,3
33956949,47,1
33957060,926,4
33957091,2008,5
33958376,1990,1
33958576,2485,7
33970446,104,3
33970489,131,1
33970513,100,6
33970523,133,3
33970807,79,6
33970844,81,6
33970860,98,1
33976414,165,1
33977985,147,2
33979283,639,1
33981884,575,2
34014296,116,4
34014415,51,3
34014469,127,1
34014627,51,1
34015660,51,7
34015703,143,3
34015755,125,3
34017898,29015,3
34033757,43745,5
34035695,58129,2
34036040,61626,5
34036650,34,1
34040642,30,2
34050456,637,4
34059254,89,7
34062531,11554,1
34077003,18064,4
34077009,18067,2
34077017,18067,5
34077023,18060,7
34077129,2975,7
34088567,45579,4
34089682,41,3
34089923,37,5
34090182,133,1
34091522,287,5
34092272,56769,6
34093246,35046,1
34093579,54684,6
34096360,28274,7
34097160,1333,1
34097837,64870,1
34099541,59146,1
34100627,35,3
34100947,12083,4
34101616,348,1
34102199,58058,7
34102338,62131,6
34102758,132,1
34103344,1284,6
34103364,810,4
34103384,354,2
34103843,176,2
34104698,163,3
34104926,183,7
34104936,168,4
34104945,151,6
34104957,135,1
34104968,114,2
34104981,116,5
34104993,114,6
34105004,115,4
34105520,258,4
34105602,1071,3
34105911,830,6
34108350,15786,4
34108369,17395,3
34108388,19483,5
34108409,20093,1
34108431,10687,4
34108453,10967,6
34108471,11790,3
34108489,12073,3
34108535,16144,7
34108539,185,7
34108570,24783,1
34108685,17620,2
34108705,18137,3
34108724,18788,6
34108741,21152,6
34108829,174,1
34109183,174,7
34109283,37,2
34109505,67,3
34109693,153,7
34110462,52,6
34110615,523,5
34111050,31,5
34111177,371,1
34111418,70,5
34111695,403,6
34111985,71,1
34112414,194,5
34112594,188,3
34112790,31913,6
34113129,218,4
34113165,30238,5
34113377,1133,4
34114054,38803,4
34116234,460,1
34116312,267,6
34118559,3054,4
34118729,54047,7
34122145,172,4
34122716,181,1
34122950,183,6
34123922,41,2
34125701,169,6
34126118,32,6
34126225,390,2
34127349,145,2
34127405,40,1
34127802,39,6
34127966,165,6
34128179,16742,1
34130914,933,7
34154980,49,7
34155308,46,7
34156076,929,7
34157886,5181,4
34170230,4528,4
34172064,50973,7
34173378,34,3
34175600,1528,2
34175874,58898,1
34176045,32,7
34176229,1047,2
34176489,34,6
34176691,2386,1
34176922,1528,3
34177041,362,3
34177486,35,4
34177995,38945,4
34178320,4532,3
34178456,58241,4
34178495,62271,5
34178968,35111,5
34179714,1088,7
34179969,1770,2
34181781,504,5
34183699,29481,4
34183789,29293,2
34185261,120,6
34185586,35,1
34186031,1077,7
34186185,36,4
34186452,32,3
34186495,37,1
34186577,12147,3
34186812,48,4
34187224,929,1
34187517,40,3
34187620,169,6
34187783,34,2
34187958,36,1
34188252,97,1
34188360,39,5
34188551,64,6
34188681,4528,3
34188691,3039,6
34193200,2699,5
34195168,44295,5
34195484,8149,3
34198051,5859,7
34198066,41,1
34198110,82,3
34198190,15743,2
34198279,46526,6
34199162,339,5
34200350,230,1
34200357,338,5
34206206,11697,6
34211243,40044,7
34215413,31751,7
34224972,2042,6
34237981,38,4
34238425,36,6
34240593,4528,7
34241409,1530,7
34244142,1530,3
34244278,1529,5
34246935,36,4
34249598,44,4
34250670,62,5
34256466,41,5
34257826,35,6
34257939,34,1
34258193,36,2
34258489,38,3
34259517,75,3
34270157,201,3
34273428,1634,1
34273675,58274,2
34275061,445,6
34275090,80,4
34275854,21737,3
34276246,2082,1
34277414,141,5
34283033,384,4
34283820,292,6
34285405,106,5
34285416,83,7
34285513,651,6
34288646,1197,4
34289921,824,3
34290148,51,6
34293982,275,6
34295050,35,4
34295096,107,7
34295879,7240,1
34296251,108,3
34296374,37,1
34296466,35,7
34296964,35,3
34297225,34,2
34297447,35,2
34297871,169,4
34298043,723,6
34301030,36483,6
34320720,61300,7
34326320,35,3
34330869,33,2
34331701,35,1
34335256,35,6
34335720,35,1
34342252,4638,4
34345783,16092,4
34345846,17986,2
34348605,12556,5
34349594,36,4
34352142,21623,4
34353067,35,5
34353300,67,2
34355178,951,2
34355189,361,3
34355925,113,6
34360417,347,7
34360672,36,5
34361302,133,3
34361532,122,4
34361588,37,4
34361644,7660,7
34362355,41,5
34362429,281,4
34363302,11882,3
34363551,36,5
34363571,776,1
34368997,40,1
34369032,40,4
34369473,53687,6
34369565,56531,3
34369590,197,3
34369605,363,5
34370001,490,7
34370684,651,3
34370846,155,4
34370915,35,3
34372689,156,7
34373361,39,7
34374265,36,5
34374470,73,2
34374937,190,2
34375760,111,7
34376088,275,3
34377830,515,5
34378498,191,5
34378997,346,3
34379317,38,2
34379499,33,7
34379797,193,1
34379909,44,4
34380441,345,1
34385255,41,3
34385357,39,4
34386526,133,1
34387362,48647,6
34399536,595,3
34400572,54,4
34400779,159,7
34402908,73,5
34403172,18155,2
34404173,32,2
34404231,135,5
34409812,484,5
34410424,36,5
34410865,34,3
34411734,34,5
34413058,36,6
34414445,36,4
34414847,37,4
34414974,331,3
34415487,23,2
34415809,23,2
34416152,235,3
34419903,29477,6
34425326,265,6
34427441,4235,4
34428191,39,7
34430175,54159,3
34433048,331,3
34434097,276,7
34434584,275,7
34435102,36,4
34435217,7223,7
34435269,62,6
34435452,57,1
34435795,288,7
34435838,57,7
34436029,58,7
34436054,1001,5
34436295,197,1
34436346,71,6
34436379,19540,4
34438542,3642,7
34443578,48906,4
34444981,692,7
34446055,57,6
34446134,39,3
34446235,56,3
34446267,47,5
34446386,57,5
34446554,57,5
34446756,56,1
34446915,56,1
34446931,57,6
34447629,6251,2
34448287,1967,2
34450401,219,7
34450411,1990,4
34451179,462,3
34453318,409,3
34454056,267,6
34455802,264,4
34456193,665,5
34456305,294,4
34457017,28287,3
34457126,286,3
34457347,28534,3
34457654,220,1
34459907,28,3
34462478,79,7
34462906,916,6
34463250,56,3
34463450,41,6
34475244,54801,5
34478600,4236,6
34479163,172,3
34496729,5884,3
34497201,53200,4
34498805,27,1
34502313,5302,6
34502389,4740,3
34502426,4157,2
34502537,4167,7
34503019,5901,6
34503141,5842,4
34503242,6608,5
34503305,5619,5
34527232,328,3
34536706,29203,2
34541531,188,3
34543520,1599,4
34547167,44739,4
34547755,5814,1
34548338,43689,6
34554045,58622,3
34555380,7222,6
34562550,53574,3
34562610,63624,6
34563022,54470,5
34563049,54758,7
34568407,208,3
34569118,29144,3
34573803,43090,1
34574396,45177,1
34574985,49920,3
34585651,11983,3
34589232,266,4
34589651,82,7
34589933,34,6
34592758,23,4
34593054,236,3
34593592,179,2
34594072,35,7
34594504,53306,3
34594788,5248,7
34594858,5365,5
34594873,5179,2
34594890,4198,7
34595299,5184,4
34595334,327,1
34595351,5115,4
34595388,6371,1
34595437,5263,4
34595762,25,4
34608524,6920,1
34608554,6197,3
34608582,6145,7
34608596,6075,5
34608798,3892,3
34608812,5626,6
34608824,4248,2
34608839,4875,5
34623162,228,4
34624696,199,3
34626274,237,3
34628375,43490,2
34628593,215,7
34630810,233,6
34631763,1088,1
34635135,2882,4
34651411,1203,5
34659721,158,4
34668296,122,6
34668660,35,3
34669100,94,3
34670083,6321,6
34670103,6156,7
34670116,5828,3
34670130,5023,2
34670150,4576,7
34670386,5864,2
34670397,5761,2
34670409,5696,7
34670423,6276,7
34670445,23,6
34672046,64,5
34672640,60,6
34673347,109,6
34674154,32,2
34675773,33,3
34676607,35,3
34677244,34,2
34678473,35,7
34679299,37,3
34681551,51,7
34688192,96,2
34689553,41,7
34690985,38,2
34692747,39,5
34693291,24572,1
34693746,190,5
34694130,38,7
34694275,43,6
34694562,37,7
34694942,275,5
34696171,42,4
34698063,30,1
34698840,31,1
34699082,33,1
34699356,32,7
34699613,33,7
34699638,56606,2
34700696,34,7
34701978,56560,7
34702666,19011,4
34702758,18102,1
34702796,1067,5
34702912,16378,2
34708762,16046,1
34711124,29300,5
34718020,2494,4
34728513,327,5
34735398,34,7
34737073,48427,5
34738629,4465,3
34740850,29303,3
34742169,46,1
34742201,977,5
34749217,36,2
34749816,37,5
34750069,36,3
34751097,4448,1
34757616,1413,3
34762229,1241,5
34762783,141,2
34762962,9134,2
34763231,5249,7
34763243,5441,4
34763254,4367,4
34763283,4608,3
34763650,6698,1
34763662,5573,3
34763678,5990,7
34763698,6045,2
34764112,11208,7
34765394,106,4
34765784,100,6
34767075,59174,6
34768946,3635,1
34771967,42,1
34775364,59270,6
34775854,43,1
34776632,17535,1
34776685,16943,6
34776697,45,6
34776802,23772,3
34777165,20052,7
34777270,18208,1
34777851,21183,1
34779236,244,5
34779413,849,6
34781089,63,3
34781314,32,6
34782296,31,7
34785611,32,7
34785766,17271,6
34787185,1109,7
34787394,4304,2
34791134,48,6
34791323,39,1
34791576,197,4
34792251,40,4
34793266,58887,4
34793569,56593,3
34794570,227,6
34794925,59388,3
34796057,38,4
34796119,54757,2
34796378,4234,3
34797165,28391,5
34799055,56,5
34799444,35,4
34799452,35,1
34801542,265,2
34801994,50,2
34802056,58,5
34802945,30,2
34803503,33,1
34803585,79,4
34803907,1290,3
34804197,33,5
34804307,1086,5
34805613,3901,2
34806101,32,5
34806432,9233,1
34806519,174,2
34806590,32,6
34807624,48550,7
34807625,2282,2
34810411,5430,6
34811556,35,7
34811672,37,7
34811849,37,5
34812080,10004,7
34812294,37,2
34812449,40,4
34822171,31,3
34832776,183,4
34834343,46,5
34836819,31850,1
34837283,62,3
34838283,61968,7
34841012,1836,6
34847118,40,2
34847876,45,7
34847955,45227,1
34848177,27669,6
34848231,28577,3
34848304,27393,6
34848341,37,4
34848391,28282,1
34848638,28729,7
34848691,26431,2
34848770,24834,1
34848824,21570,1
34849151,45418,2
34850804,55,5
34852839,65,2
34854092,29085,5
34856072,109,1
34856157,111,2
34856850,51,3
34857337,40,5
34859638,49,5
34860099,45,2
34860127,1498,2
34860274,254,3
34861214,334,3
34861722,487,1
34861739,62502,3
34861907,336,2
34862535,337,4
34862737,59067,6
34862743,1835,7
34863028,114,4
34863543,64,3
34863731,63,6
34864037,55,6
34866184,58796,2
34866306,63,7
34866834,1967,5
34868738,4212,1
34869336,46345,7
34869623,17190,5
34869649,21622,2
34869937,33,1
34870019,65,3
34870106,34,3
34870133,160,6
34870662,56639,3
34870827,663,3
34870920,34,6
34871399,48674,1
34872874,35,6
34872972,23084,6
34873425,36,7
34873486,1287,6
34873771,28669,5
34874200,152,6
34874396,36,6
34875195,35186,5
34875363,35,3
34875459,35,3
34875974,164,4
34875993,60,6
34876021,54,7
34876246,36,7
34876839,35,7
34877094,35,7
34877275,30,2
34877414,29,7
34877620,35,2
34877913,37,6
34879135,36,7
34879287,35,5
34881687,3903,7
34882417,30,3
34882545,34,3
34884001,35,3
34884101,35,4
34885163,31,5
34885352,40,7
34886413,36,3
34887460,49,6
34887908,36,4
34888049,73,2
34890453,2978,5
34890690,18030,6
34893137,21285,2
34893177,25190,4
34893192,26740,2
34893207,26858,7
34893469,46181,6
34893500,45405,4
34893531,43463,1
34893566,44733,1
34894412,214,5
34895431,1335,4
34897308,50,1
34898996,489,1
34902364,35,1
34907777,1336,5
34907845,1908,1
34907886,111,5
34908973,114,1
34909401,111,5
34909776,67,1
34910791,233,5
34911549,136,3
34911885,41,2
34912151,39,2
34912345,40,6
34912573,39,6
34912820,50,6
34924972,58842,2
34925651,748,4
34927383,5243,6
34934123,46532,1
34948243,121,6
34948371,12441,2
34948419,61935,5
34948760,23385,1
34949282,13101,3
34951987,15609,3
34953059,69,6
34953430,53,7
34953634,53,2
34953793,60,4
34953963,21606,2
34954060,632,3
34954522,60,7
34954750,47,1
34954878,413,3
34955110,359,5
34955378,3902,5
34955612,616,5
34956308,65,1
34956805,2431,1
34957375,1986,7
34957915,31728,5
34958172,4235,3
34959278,137,1
34959327,152,3
34959844,35,1
34959979,875,2
34960503,34,3
34960764,40,1
34960845,51,2
34960846,3639,3
34960948,43789,7
34961009,1297,4
34961009,44116,3
34961022,45572,6
34961038,45471,4
34961487,83,5
34961494,217,2
34961620,44277,7
34961677,43552,2
34961729,37620,6
34961775,33815,1
34962070,1290,6
34962846,14278,1
34962875,16798,6
34963998,2432,1
34964179,83,3
34964554,24072,2
34965280,19112,5
34965321,166,7
34965583,35,3
34965791,186,2
34966249,5410,7
34967123,4046,6
34968071,130,7
34968289,112,2
34969899,16789,3
34971102,35,4
34971111,44,3
34971118,57,7
34972573,108,6
34972641,190,1
34974610,2004,7
34975290,2363,5
34976583,59,4
34976839,1739,1
34978089,2528,1
34978641,206,5
34980189,81,3
34983963,58854,7
34984559,131,5
34985307,373,1
34986317,564,1
34987365,1849,4
34987587,1843,1
34989587,586,5
34989678,572,7
34991343,1360,6
34992448,161,1
34992826,218,2
35000194,27,6
35000823,26,7
35000980,43,2
35001203,4099,5
35001321,11289,1
35014204,5235,6
35018993,98,7
35018996,21683,1
35019082,26455,6
35019377,48729,2
35019386,47253,2
35019396,45343,7
35019406,47438,1
35019417,44504,4
35019699,84,7
35019766,41078,5
35019795,39946,3
35020079,43592,6
35020092,42059,1
35020113,38727,7
35020122,35512,3
35025043,11163,2
35025837,48,7
35027150,5220,6
35029196,40840,1
35029230,42278,6
35035479,1114,1
35035769,17183,3
35036497,60,1
35036687,20743,4
35036708,9043,4
35036814,21670,7
35036914,20264,3
35037986,26,5
35038175,66,1
35038807,1077,6
35040910,46333,3
35041642,21662,6
35044701,58,7
35045364,62723,5
35046466,21661,7
35050730,48520,3
35051611,220,5
35054413,1401,3
35054774,51,2
35054991,26,3
35055828,2466,1
35056521,21660,5
35057300,150,2
35057494,109,3
35058486,34,5
35058903,40,4
35059198,35,5
35059696,158,2
35060300,28,7
35060527,23948,6
35060592,153,7
35060649,39,7
35060930,2912,3
35062190,29271,7
35062470,1706,7
35064294,14722,1
35065058,29,4
35065063,281,1
35065141,63,1
35065380,3351,2
35065532,456,3
35065590,6809,5
35066721,35,6
35067010,151,2
35067099,1524,6
35067467,48,7
35067670,33,3
35067793,69,5
35067811,31,2
35067855,32,7
35067885,58,2
35067960,35,4
35068021,53,6
35068184,52,2
35068332,53,3
35068506,53,7
35068697,2022,6
35068810,56,5
35068811,56,2
35069119,862,1
35069552,290,2
35069684,2598,2
35069746,1830,5
35069780,38,7
35069794,112,5
35070305,455,2
35070639,1535,1
35071111,251,4
35073234,302,1
35073700,178,4
35074073,149,7
35074371,2934,1
35076733,39,4
35077433,34,4
35078489,9891,1
35078824,21788,1
35078886,13397,1
35079098,3635,5
35079121,7951,2
35080992,5435,4
35081009,18035,2
35087516,204,2
35089900,63,6
35091650,5863,5
35091906,18486,7
35105937,8939,6
35107154,17354,1
35107171,26707,4
35107506,46374,2
35107517,46215,1
35107527,45567,3
35107537,45094,5
35107550,43054,2
35108064,45133,7
35124080,1349,4
35125011,1700,3
35125117,532,3
35126128,715,4
35127140,1003,3
35128151,943,2
35129163,751,6
35130178,783,7
35131191,710,4
35133215,5734,5
35134227,5534,2
35136258,736,7
35138222,1322,5
35138837,458,4
35139303,8868,3
35140318,632,5
35140599,20342,5
35141332,672,6
35142344,824,7
35143359,741,6
35144373,789,6
35144847,62855,1
35144855,58279,4
35144863,35293,3
35144872,39334,2
35146397,811,3
35147410,708,4
35150626,1602,6
35150660,115,1
35151408,1614,5
35151932,81,4
35152079,30,3
35152125,3635,2
35154585,69,4
35155336,47,2
35156340,73,6
35159832,172,2
35161006,631,5
35162264,168,7
35163750,631,5
35164097,168,2
35168439,167,6
35171589,615,3
35177482,29061,7
35183314,8810,5
35188972,61720,3
35190994,346,3
35191173,35,2
35191548,118,7
35191990,3630,1
35192424,111,5
35192556,313,2
35193666,3627,3
35194229,3628,6
35194856,3632,1
35195927,50,4
35197643,24549,3
35197659,26814,4
35197738,40213,3
35197760,37653,5
35197891,56896,7
35198004,59017,4
35199164,11647,7
35203238,631,3
35203311,7230,5
35203345,7229,3
35203448,7231,5
35203587,7235,5
35212170,59471,1
35212786,1605,4
35213391,1679,7
35214903,36044,2
35214910,36044,7
35214916,17926,3
35214924,15723,5
35221340,149,3
35221746,60041,7
35222346,40,2
35223431,39947,7
35223438,35354,1
35223447,58563,3
35223458,62756,6
35224367,106,6
35224481,71,4
35224538,52,4
35225008,65,1
35226041,7232,6
35227297,96,5
35228739,13460,5
35234006,66,7
35234117,1165,4
35235255,42,5
35235382,58,2
35235533,18036,3
35235591,36357,5
35235933,57,7
35236092,229,6
35236414,152,5
35236780,99,6
35237242,37,1
35237243,15650,6
35238202,204,5
35238488,491,6
35240333,3634,3
35246319,108,2
35247947,9037,5
35247967,112,3
35248249,48556,6
35251830,332,7
35252209,7227,7
35253078,7231,7
35253156,7227,2
35253203,7230,3
35253211,7232,1
35255390,738,2
35259057,52,7
35259059,54,6
35259062,55,3
35259065,53,4
35259067,55,3
35259070,51,5
35259074,55,4
35259076,56,4
35259079,57,3
35259081,52,6
35259093,27,5
35259095,46,4
35259098,44,6
35259100,49,7
35259115,55,2
35259117,46,5
35260333,51,3
35260335,52,4
35260338,53,6
35260340,52,3
35260343,51,5
35260799,68,1
35260801,67,7
35260804,71,7
35260806,67,3
35260809,69,3
35286357,54638,6
35286376,52989,1
35286586,54094,1
35287184,34185,2
35290874,216,4
35291035,134,4
35291054,10880,1
35291106,136,5
35291171,22983,1
35293007,62445,1
35295280,60,2
35295340,15533,6
35295602,63,4
35295752,16267,3
35298030,18032,6
35298111,350,2
35299302,36091,3
35301005,21502,2
35301811,11359,2
35303783,361,3
35303954,453,7
35303978,710,7
35304358,32,6
35307830,21658,5
35307998,141,7
35308140,493,2
35319460,139,7
35320617,21645,3
35323600,155,2
35327576,36167,1
35327591,37479,5
35327607,34356,5
35334961,235,1
35336101,636,1
35342251,38,6
35342258,37,6
35342265,38,1
35342272,38,3
35342279,38,6
35343074,211,2
35344350,3629,2
35351789,2398,6
35351921,15336,6
35351958,6171,6
35353977,84,4
35353980,84,7
35353982,86,7
35353986,69,2
35353989,84,2
35354281,106,2
35354439,120,3
35354441,120,4
35354444,120,7
35354446,104,5
35354448,120,2
35354749,2774,2
35359736,2383,2
35361626,24854,1
35382393,20635,4
35382596,20227,6
35382687,21959,2
35382740,22413,6
35383423,65,4
35384222,1078,2
35384965,1277,5
35385044,10836,3
35389642,6429,6
35389747,54,1
35389755,55,5
35389759,54,6
35389770,53,4
35389775,52,2
35390585,6904,1
35392473,50,1
35394500,203,4
35395718,6232,2
35395836,137,6
35397537,10548,1
35397839,3657,7
35397929,14868,1
35397977,148,2
35397980,148,5
35397983,150,4
35397987,147,6
35397989,123,7
35398419,35602,2
35398665,62916,4
35398679,58243,1
35398714,42045,4
35399922,938,6
35400973,6647,2
35401586,138,5
35401589,137,5
35401591,128,7
35401594,131,3
35401596,133,6
35402987,21507,4
35405578,5194,5
35406790,922,1
35406860,3641,4
35407344,177,6
35407353,172,3
35407363,225,7
35407376,169,3
35407387,176,5
35409579,43,7
35409727,4621,1
35410930,353,4
35412148,138,5
35412494,230,3
35412770,237,3
35413989,6565,2
35421103,297,3
35421353,636,3
35423126,93,5
35424089,635,4
35425210,502,1
35425664,398,2
35426035,636,1
35427008,8938,7
35427567,568,5
35428068,572,5
35428695,534,7
35429257,465,3
35429727,504,1
35430333,227,7
35430523,497,4
35431041,337,7
35431388,323,1
35431728,317,6
35432067,328,7
35432495,636,4
35433295,635,1
35434130,636,7
35434899,14040,6
35435050,44,5
35435676,43,7
35435883,43,5
35436089,169,6
35436308,168,5
35436543,43234,1
35437074,122,2
35437369,120,7
35437524,30,7
35437564,94,4
35437888,95,2
35438695,32,1
35438850,29,6
35438853,116,1
35439097,29,3
35439193,45,7
35439366,53,6
35439590,214,7
35439937,102,1
35440023,114,1
35440055,121,2
35440062,49,5
35440081,41,5
35441902,147,1
35442208,191,3
35442401,268,6
35442582,635,2
35443546,611,2
35444149,635,3
35444944,635,5
35452462,24918,1
35452511,44579,1
35452659,64831,2
35452694,64830,4
35452953,57862,7
35453001,57365,5
35467014,56691,2
35467909,58803,1
35471381,62231,6
35475396,33,6
35475909,3437,5
35476238,74,7
35478360,197,4
35480476,58,5
35482954,806,4
35485259,778,7
35485497,2640,6
35486288,49,4
35486827,865,7
35487546,701,3
35487891,63,6
35487949,3637,7
35487974,35528,1
35488096,5651,2
35488260,42481,6
35488262,445,7
35488881,4828,6
35490463,55281,5
35491449,3648,1
35493158,3419,1
35495500,50,1
35495652,216,2
35496365,1839,3
35496415,2005,6
35496632,1265,4
35498599,159,4
35499138,72,7
35499658,4917,4
35500224,1096,2
35500998,48663,3
35501107,942,6
35501313,57,7
35501413,2468,1
35503015,1037,5
35503310,32436,3
35504198,1263,2
35507062,3583,5
35513494,1676,4
35513727,14103,6
35513898,7792,6
35515795,7245,7
35515818,9037,7
35515892,11719,4
35518149,61,4
35518223,1510,6
35518650,61,2
35521042,69,4
35522079,169,6
35529326,3213,1
35538023,1834,3
35559348,36,2
35559371,4620,5
35559388,61,5
35559627,1513,1
35559808,14491,5
35560064,13815,5
35560184,3855,4
35560514,1426,7
35561282,30907,1
35561546,53,3
35561640,49,5
35561766,210,1
35561993,70,1
35563375,1829,7
35564523,1509,6
35567671,1626,5
35567832,7461,6
35570245,1519,2
35571806,35,6
35571922,35,2
35572027,118,7
35572470,3632,7
35572548,145,7
35572859,63665,3
35572867,58417,3
35572873,35610,6
35573537,631,3
35574121,631,1
35574365,454,6
35575128,3632,7
35575170,3631,7
35575196,3631,4
35575261,133,3
35575808,155,1
35576189,175,1
35576558,1512,1
35576639,1514,7
35576689,70,1
35576715,1511,3
35581704,4333,4
35581828,13682,3
35581909,14058,6
35582033,115,4
35584791,109,6
35585063,35,3
35586218,3635,7
35587838,89,3
35595312,13918,2
35597166,877,7
35597299,186,3
35598897,55562,3
35603347,46,6
35603407,45,2
35603503,37,5
35615675,70,7
35616110,187,6
35616150,32,5
35616423,55,7
35639833,64829,4
35640654,2184,2
35641491,67,6
35644077,1235,6
35646483,42,2
35648230,41,4
35648412,3633,1
35649370,67,3
35649673,64,4
35650435,792,5
35650643,63,2
35650856,66,7
35651254,63,3
35651379,64,2
35651567,64,4
35651875,63,2
35652031,64,5
35652430,3633,1
35652548,64,3
35652719,69,1
35654605,11852,2
35655758,63242,6
35655902,35401,6
35657290,66,1
35658260,58830,6
35658650,2145,6
35658989,980,7
35659366,40,3
35659500,38,1
35659512,46,5
35660714,35,4
35661585,64,5
35661703,38,5
35661998,165,2
35662272,725,6
35662628,200,1
35662636,3635,2
35662675,60,3
35662716,1963,1
35663748,55,6
35664135,77,5
35665600,59054,2
35665608,64366,6
35669031,228,4
35669035,153,2
35669038,159,7
35669042,191,5
35669048,154,3
35672156,3635,4
35672720,88,2
35673699,92,4
35674312,245,6
35674503,25,5
35674784,723,7
35676696,59061,6
35678444,159,2
35678447,15430,6
35682202,86,7
35691121,1601,1
35694844,419,5
35696244,2731,1
35704711,2727,4
35710305,447,7
35711222,54968,6
35711235,62825,5
35711645,64848,1
35711658,64847,1
35712789,407,6
35714084,615,4
35714394,1615,4
35719498,64833,6
35719509,64831,1
35719772,103,2
35726249,232,6
35729954,13150,1
35730020,14854,7
35730148,4878,2
35730366,75,6
35731830,680,1
35732746,227,6
35734007,351,3
35734038,21408,4
35735875,254,2
35735959,132,5
35739611,249,4
35741146,180,5
35743549,171,3
35746540,169,5
35746740,36,4
35747040,34,4
35747269,36,1
35748347,33,6
35748480,35,2
35748702,34,3
35748813,34,5
35749108,170,2
35749203,43,5
35749349,35,1
35749458,37,5
35749988,35322,4
35750006,34,6
35750038,59050,3
35750046,64678,7
35750159,44,2
35758523,23442,4
35770499,23630,3
35772064,8848,6
35776061,63,1
35781369,1603,3
35783833,39,1
35792114,178,5
35793480,169,2
35793572,6960,1
35794231,172,1
35798494,58865,4
35803302,2549,6
35817164,1469,1
35836853,973,3
35840322,84,5
35840663,533,7
35840822,1551,2
35841320,1562,5
35841320,39,2
35841611,3634,2
35842144,29048,7
35842393,54,2
35850175,175,2
35850643,90,6
35852291,1223,5
35855560,2188,6
35856131,96,2
35856824,58,4
35857341,435,1
35857989,166,4
35858568,1781,1
35860578,2356,4
35866097,63,4
35868497,9174,2
35869251,873,3
35876796,42,5
35876802,51,7
35876808,61,5
35876814,101,2
35880976,182,4
35886329,39,4
35886641,5056,2
35894913,4966,2
35896704,190,6
35900945,5084,3
35901000,3910,1
35901233,14141,4
35901995,128,1
35902436,131,6
35902693,313,7
35903151,144,7
35903416,883,6
35904515,67,5
35906265,329,6
35907600,30,3
35907673,35,5
35912341,4978,6
35915005,177,4
35915146,1508,7
35915216,42,7
35915516,1504,6
35916193,3564,5
35919552,188,1
35920238,64,4
35920455,60,3
35920687,3536,3
35920719,57,2
35921116,36,5
35921299,36,3
35921562,60,4
35921866,36,2
35922308,35,7
35923066,1648,7
35923796,38,6
35924062,1735,7
35924136,39,6
35924286,42,5
35924470,38,1
35924525,207,3
35924996,9540,3
35925309,39,1
35925536,43,3
35925756,35,5
35926195,38,1
35926503,35,4
35926526,36,5
35926601,47,3
35926675,1728,1
35926794,2639,5
35926831,41,6
35926834,42,1
35926840,1219,5
35927086,3633,4
35927822,39,4
35927824,43,5
35928051,40,7
35928264,5666,6
35928425,39,4
35929019,35,1
35929021,39,7
35929309,3630,2
35929320,66,5
35929372,47,4
35929445,49,7
35929582,36,1
35931475,37,1
35931673,37,2
35931738,36,2
35931835,35,3
35932489,36,3
35932687,35,5
35933080,36,6
35933406,1112,4
35934244,54,7
35934343,32,4
35934722,50,7
35935444,77,4
35935510,42,6
35947989,61,4
35954078,29,7
35955834,27,7
35960411,59,4
35967116,28,2
35971200,21,7
35971213,22,3
35971216,23,2
35983660,28,2
35984604,27,2
35984831,32,3
35985205,28,3
35987346,26,3
35987711,1,3
35988860,80,4
35988887,74,2
35989299,50,6
35990534,22,2
35990735,32,5
35991222,81,2
35991358,26,6
35991387,33,2
35991958,52,6
35992637,27,5
35993215,125,2
35993274,95,2
35993396,94,7
35993512,6254,2
35993526,384,3
35994637,217,2
35995023,202,2
35995308,50434,2
35995332,141,6
35996235,57,3
35996458,176,6
35996737,300,1
35996826,156,5
35996847,167,7
35996867,37788,2
35996986,186,1
35997018,462,5
35997031,1294,6
35997046,3641,1
35997122,61813,4
35998621,8830,4
35998633,15542,1
35999186,866,3
35999204,174,2
35999227,64882,5
35999272,3420,7
35999414,30236,6
36000084,36066,2
36000156,1080,2
36002520,61415,7
36002525,21490,2
36002652,44,5
36002735,2304,2
36003364,52337,2
36003723,4754,3
36004385,18544,2
36004616,43,3
36004796,42,6
36005170,42,7
36005232,3433,4
36005272,858,6
36005276,18562,6
36005680,73,5
36005782,1024,5
36006816,1579,6
36008182,11563,3
36008332,47,1
36009265,177,4
36009434,786,4
36009588,1519,2
36009605,42,7
36009658,141,1
36010310,374,7
36010666,204,6
36010796,33103,3
36010843,41,4
36010895,1026,4
36011007,39,7
36011270,883,1
36011477,39,4
36011611,42,4
36011821,40,4
36011881,42,4
36011962,61,1
36012317,1515,5
36012487,62233,4
36012761,30,4
36012990,66,1
36013109,1096,7
36013180,64,3
36013354,790,6
36014314,43,2
36014336,7539,4
36014387,306,7
36014410,277,2
36014680,36,1
36014702,190,1
36014709,193,7
36014813,52,1
36014830,351,6
36014836,66,7
36014838,820,5
36014900,3300,1
36014904,2019,4
36015031,1065,3
36015155,58939,7
36016409,3420,1
36016526,707,7
36018493,47,3
36018611,47,3
36018698,96,3
36019975,182,6
36020922,994,2
36022396,980,1
36023115,1834,2
36023899,732,7
36024007,713,3
36024868,22240,7
36024934,1760,3
36025455,881,3
36026956,217,2
36027241,69,1
36027581,172,2
36030228,73,4
36031164,714,7
36031569,64,6
36032214,3342,4
36032415,45,6
36032560,567,3
36032572,69,5
36032994,64,5
36033605,1755,2
36033704,59806,5
36034129,69,1
36035999,923,5
36036050,1028,6
36036312,1919,4
36036757,51,5
36036904,65,3
36036983,56,7
36037567,178,7
36037603,6088,2
36060590,916,6
36062023,1016,1
36063181,738,7
36070567,62541,4
36073266,22729,5
36073608,7044,1
36073840,6996,1
36074585,43,5
36074589,46,3
36074591,41,2
36074594,40,2
36074596,40,7
36074887,38560,1
36075731,53,5
36075733,54,5
36075737,53,6
36075741,57,3
36075743,53,2
36075889,185,7
36076090,385,1
36076913,134,3
36077130,292,5
36077433,269,4
36077742,141,6
36078038,78,5
36078166,47,4
36078297,38,2
36078417,39,2
36078548,21638,7
36078585,36,5
36078662,36,5
36079045,35,4
36079118,38,7
36079120,35,1
36079123,35,5
36079125,36,5
36079128,72,1
36079324,74,5
36079326,73,5
36079330,73,2
36079334,73,1
36079337,74,4
36079568,34,3
36079760,34,2
36079860,34,1
36080043,34,1
36080506,33,1
36080761,34,2
36080883,34,7
36081251,70,7
36081257,68,7
36081880,28915,2
36081989,63,4
36082281,140,4
36082631,21714,4
36082809,68,5
36082965,64839,2
36083000,44,3
36083278,40,6
36083776,687,2
36083784,657,1
36084013,461,5
36084821,816,1
36085013,626,5
36085022,619,5
36085134,63,7
36085139,61,1
36085144,61,6
36085152,61,4
36085158,62,1
36085798,544,4
36086858,1750,6
36086973,1755,5
36087404,33,6
36087411,31,5
36087887,313,6
36087916,868,4
36087923,868,6
36088516,1843,7
36088684,821,1
36088962,580,3
36089144,199,2
36089698,41,5
36089902,52,7
36090382,47,5
36090564,20780,2
36090650,44,4
36091063,44,3
36091900,1450,7
36091930,474,7
36092000,914,1
36092587,59186,5
36092602,195,5
36093394,408,7
36093465,292,1
36094161,182,1
36094323,191,5
36094338,262,7
36094858,218,7
36095130,108,5
36095525,38,4
36095665,68,1
36097827,707,7
36097859,42,5
36098500,35,1
36098716,21507,2
36099100,30,3
36099256,247,3
36100453,21686,7
36100470,10513,3
36102688,190,1
36102968,26,6
36102974,60456,4
36102995,107,6
36103110,25,7
36103393,25,6
36103714,21499,2
36104512,39,5
36105035,7231,3
36106530,54481,5
36106550,55047,6
36106574,53651,4
36106593,63887,4
36109428,25,1
36109760,24,5
36109880,253,5
36110013,130,7
36110195,142,2
36110272,1165,5
36110347,665,5
36111060,32,4
36111571,96,2
36111649,271,1
36111740,756,5
36111858,32,6
36111955,36032,2
36116502,3641,5
36120429,59,1
36120941,86,5
36121823,78,4
36122262,594,5
36122305,4166,7
36124031,30,3
36127089,10852,7
36127253,24,5
36127345,24,5
36127885,24,2
36128241,25,1
36132007,172,3
36132551,171,5
36150256,25229,1
36153636,18375,5
36156468,186,1
36156496,6705,1
36156502,6686,7
36156507,12064,5
36156513,12069,3
36157657,62376,7
36158285,8694,4
36159090,569,4
36160555,181,4
36162277,56011,2
36163396,21631,1
36163573,61,2
36163677,55,7
36163715,53,7
36163829,59,6
36163905,139,4
36164091,702,7
36164177,1706,7
36165676,575,3
36166178,103,6
36166519,15548,4
36166627,94,6
36166883,32803,1
36167127,621,5
36167623,64,2
36167777,42,7
36167892,38,5
36168055,34,7
36168565,711,7
36169865,3660,2
36169895,3634,1
36169902,3634,2
36169910,3633,2
36169919,3641,7
36169926,3634,3
36170194,597,1
36170307,119,7
36171687,574,7
36171690,61,5
36172248,38794,1
36173154,695,4
36173774,48,7
36174015,37786,6
36174493,18146,5
36174536,38623,3
36174577,1767,4
36174727,581,4
36174764,1765,6
36174836,1750,1
36175211,209,7
36175531,1868,6
36175946,716,3
36176263,577,4
36176355,201,5
36176658,24934,2
36177150,699,2
36177936,2010,4
36177983,215,6
36178254,691,5
36178471,44,5
36178643,713,4
36178691,171,6
36178921,41,4
36179071,38,6
36179167,38,6
36179225,162,1
36179480,50,6
36179505,44,5
36179514,729,2
36179549,38,6
36179725,48,1
36179862,664,5
36180251,954,6
36180380,709,5
36180383,2469,7
36180393,2477,5
36180401,2458,6
36180465,640,3
36180474,650,3
36180486,640,3
36180564,1578,5
36180773,11576,3
36181447,587,7
36182482,102,5
36182899,715,3
36183986,21740,3
36184771,89,3
36185781,66,6
36185825,684,4
36186968,268,5
36187206,111,2
36187252,186,6
36188073,60485,3
36190316,43,7
36190366,104,4
36190498,53,6
36190699,32,7
36190719,684,7
36190806,61,5
36190996,2953,6
36191254,56,4
36191753,350,1
36192659,18966,4
36193136,2650,6
36193205,58,7
36193923,11976,1
36194546,2189,4
36195789,42,2
36196153,22586,1
36198583,3635,7
36198854,58921,6
36199762,174,3
36201225,1446,4
36201562,676,5
36204369,62,7
36204635,37,2
36204810,124,3
36205482,36,7
36205823,56,2
36205840,52,7
36205924,314,6
36205971,59,5
36206311,319,6
36206451,65,3
36207183,75,4
36207439,313,3
36208403,317,3
36208609,78,2
36208816,58,1
36208961,56,4
36209225,18561,2
36209247,63,3
36209248,321,4
36209902,751,6
36211438,1835,4
36212186,807,3
36220705,110,1
36222274,734,3
36228995,194,6
36230128,179,3
36231054,181,5
36231121,576,4
36232538,173,1
36232586,556,2
36243431,727,2
36246082,697,6
36247543,15547,6
36248234,2595,7
36248374,1083,2
36250086,3704,1
36250109,2078,3
36250882,50550,5
36251571,27,1
36251625,14428,1
36251644,4873,3
36251730,7231,4
36256240,3053,4
36257133,30,1
36258206,33,7
36260976,31,6
36261156,32,4
36261209,288,2
36261261,514,6
36261403,35,3
36261895,31,7
36262011,50,6
36263019,499,3
36263028,32,4
36265307,33,5
36265561,32,7
36265745,24790,6
36267025,21205,7
36267141,37,4
36267172,39,3
36267189,38,6
36267212,38,2
36267240,37,4
36267258,38,2
36267436,509,6
36267497,3422,3
36267895,35,5
36268361,36,7
36268553,33,1
36268746,39898,2
36270356,59217,3
36270600,59208,3
36272060,41,4
36272582,81,7
36273154,20684,6
36273173,20797,4
36273186,66,2
36273220,18044,2
36274252,344,7
36274354,2074,4
36274824,10369,6
36274903,2622,6
36275521,356,1
36277199,174,6
36277199,177,4
36277470,2086,6
36277475,343,6
36278321,343,1
36279418,47607,4
36279798,1726,4
36280019,1703,1
36282883,5471,2
36282957,4737,3
36283552,11244,5
36288100,32504,5
36290877,304,3
36291587,299,2
36292552,299,4
36297175,5614,3
36304542,39,5
36305227,14444,1
36332001,189,1
36332140,59062,2
36332316,13674,6
36337782,13039,5
36337938,12661,5
36338359,16593,4
36338543,1505,4
36343762,38,5
36343867,64,6
36345118,29,2
36345213,29,5
36345344,77,6
36345608,64,1
36345808,80,1
36345863,419,2
36346010,84,4
36346309,43,2
36346526,99,3
36347111,814,3
36351424,85,3
36356979,40,3
36357598,37,2
36357746,15535,1
36358352,31,3
36358584,35,1
36360046,3911,7
36360251,41,6
36361232,39,5
36361431,16872,1
36361631,16100,5
36361924,2579,3
36362422,14258,4
36362824,37,3
36373393,15673,1
36374585,14917,7
36382650,36,1
36386903,71,5
36387245,803,6
36387739,62017,7
36388193,730,7
36388529,33730,6
36389764,1702,2
36410044,15672,5
36410243,32501,7
36422979,38,7
36423701,34,2
36424108,14434,6
36424166,15745,6
36424174,61714,3
36424214,34,4
36438149,14468,6
36438631,43,2
36439924,35,1
36440130,34,7
36441650,38505,1
36442470,36,2
36443205,47,4
36443641,48,4
36443643,47,4
36443646,47,2
36443648,47,2
36443651,53,5
36444074,50,5
36444077,52,2
36444080,52,6
36444082,50,3
36444085,48,4
36445415,50,6
36445418,50,6
36445420,50,6
36445423,50,3
36445426,51,6
36446354,50,4
36447299,59072,4
36448245,1868,1
36451747,59037,5
36453026,58988,1
36454166,1087,6
36459191,14027,7
36462429,7239,1
36463156,91,7
36463288,93,2
36464117,130,3
36464336,69,7
36464643,55,6
36464884,55,2
36464999,49,3
36465144,48,7
36465426,48,3
36465735,49,2
36465918,167,5
36466288,64,2
36466598,49,4
36466727,173,5
36467660,175,5
36469878,41,4
36469974,327,2
36470819,99,7
36473363,14468,2
36479859,49475,7
36505287,7814,6
36505838,1626,7
36506056,25244,5
36506777,6329,4
36508983,39157,3
36511245,6327,6
36511927,26925,7
36514763,3416,1
36518370,39,3
36518387,2064,4
36519991,1079,3
36520134,62607,4
36520938,2080,3
36521048,15685,2
36522494,16629,4
36522800,12547,3
36523236,5841,2
36523340,49,7
36523387,2112,6
36523496,21527,3
36523738,63,1
36525814,985,7
36529082,60346,7
36529510,120,6
36529763,14467,5
36529994,64,7
36530588,5440,7
36531244,1490,7
36531478,69,7
36531788,55,5
36531995,5061,1
36532373,169,3
36533001,241,5
36533037,102,5
36533881,51241,1
36535124,1213,5
36535131,3348,4
36536586,73,4
36537330,114,4
36537623,68,3
36537873,32698,4
36537884,3418,5
36537972,51,5
36537993,254,5
36538250,12220,4
36538406,62451,3
36538528,20811,4
36538639,65,2
36538682,59306,6
36538888,5719,3
36539229,50,6
36539234,47,5
36539633,99,2
36539795,100,2
36540663,263,6
36540765,39,2
36540789,53,7
36540890,49,2
36541016,37,2
36541076,52,7
36541107,40,1
36541178,36,7
36541393,40,7
36541394,39,4
36541400,42,3
36541477,41,4
36541501,39,7
36541530,52,6
36541531,39,5
36541537,39,2
36541565,41,6
36541589,42,4
36541604,40,5
36541605,38,3
36541606,36,6
36541636,36,7
36541654,49,5
36541723,36,4
36541731,44,4
36541749,36,7
36541753,42,4
36541753,41,2
36541761,36,5
36541770,39,5
36541792,39,1
36541803,51,7
36541811,40,6
36541816,40,4
36541833,51,5
36541860,42,4
36541898,38,5
36541900,37,3
36541944,40,7
36541944,43,4
36541968,44,3
36541969,44,3
36541976,41,4
36542014,37,1
36542073,38,5
36542096,38,4
36542135,36,4
36542140,378,1
36542184,38,6
36542311,36,7
36542363,39,3
36542373,40,3
36542437,36,5
36542467,34,4
36542674,38,3
36542713,218,2
36542740,36,4
36542852,36,1
36542990,37,3
36543362,36,1
36543431,329,3
36543444,46,3
36543488,40,4
36543620,38,5
36543800,99,5
36544133,37,3
36544232,37,7
36544432,43,6
36544461,86,2
36545177,86,7
36545857,89,4
36546288,89,2
36546705,172,2
36547887,80,2
36548298,27293,3
36548303,57642,2
36549053,71,2
36549216,14439,7
36549352,246,6
36549440,106,6
36549498,194,7
36550101,268,2
36550788,28836,5
36553689,39,3
36556298,47,2
36556523,44,2
36556849,38,7
36558733,46,4
36558947,49,4
36558953,6416,3
36566388,49437,4
36567987,417,4
36568463,59406,1
36571227,5684,3
36571538,14435,7
36580055,38733,5
36592819,38745,6
36593459,10065,4
36593831,62,3
36594111,1259,3
36595077,23563,2
36596124,21506,1
36597112,81,5
36597258,71,4
36597407,64834,4
36597980,40,7
36598282,1742,2
36598293,43,4
36598411,1739,4
36598470,1741,3
36598903,55,3
36600069,99,4
36600893,1746,2
36601036,374,4
36601248,1741,7
36601268,1738,1
36601288,1738,3
36602205,25,1
36603053,342,5
36603624,1744,7
36603790,680,4
36603797,656,2
36603911,31389,6
36604010,341,4
36604514,123,2
36604985,621,3
36604992,622,3
36605379,25,3
36605510,349,6
36605766,695,7
36606146,289,4
36606571,251,6
36607249,103,2
36607817,86,3
36607944,44,6
36607992,44,2
36608127,155,3
36608237,725,6
36608244,726,7
36608429,260,4
36608534,9318,2
36608910,578,6
36609107,436,4
36609315,1255,3
36609497,613,1
36609504,610,7
36609564,949,3
36610273,567,3
36611543,565,5
36611564,129,7
36611755,120,6
36611901,716,5
36611908,711,5
36611930,18215,2
36612023,124,6
36612163,42,1
36612461,1742,7
36612873,19926,7
36612996,266,1
36613120,308,1
36613158,654,3
36613164,652,1
36613583,9934,7
36613630,47,5
36614062,639,4
36614990,61686,4
36615083,190,6
36615133,59087,3
36615433,840,1
36615564,533,2
36615652,115,3
36616323,1743,1
36616365,429,5
36616367,2057,3
36616598,11689,3
36616913,255,2
36616956,536,3
36617642,809,6
36617791,21602,5
36617974,456,2
36618447,59069,1
36618514,348,5
36618835,328,7
36618974,427,7
36619055,46,7
36619162,271,4
36619614,31879,6
36619689,181,6
36619981,67,6
36621090,60,6
36621114,32092,3
36621273,173,6
36627413,2067,1
36627730,2603,2
36630846,85,3
36632247,126,6
36632498,302,2
36632798,87,1
36634868,226,5
36637028,49,1
36637544,40,3
36637677,59138,7
36638068,13468,1
36638206,40,5
36638894,39,6
36639029,31,6
36639212,30,7
36639337,40,5
36639482,221,2
36640155,39,7
36640594,206,6
36640602,18318,3
36642524,25,2
36643332,44,3
36643537,309,6
36644973,36,4
36653596,38387,5
36654305,906,6
36655475,61,5
36655528,419,6
36656336,233,5
36657943,145,3
36658260,104,6
36658528,100,7
36658740,414,7
36658779,30,1
36658829,790,7
36659690,30,4
36659744,30,1
36660143,30,3
36660349,24,4
36660943,59,6
36661186,50,3
36661296,502,5
36662419,47,3
36662542,11297,1
36670308,18204,4
36681856,64834,6
36682187,41,5
36683058,2627,4
36684367,484,7
36687116,61838,3
36689862,7956,6
36691216,1739,6
36692129,28835,5
36692782,87,4
36693175,60,6
36693219,259,2
36693419,55,5
36693559,85,2
36693919,55,7
36694037,105,2
36694261,176,6
36694272,171,3
36694280,594,3
36694289,585,2
36694570,55,1
36694619,89,2
36694737,85,5
36694863,18036,2
36694865,85,2
36695656,60540,2
36697194,717,5
36698093,59154,6
36698224,120,6
36698236,156,1
36698251,434,5
36698298,419,6
36698329,59282,5
36698492,59125,2
36699124,43,3
36699235,70,1
36699303,543,7
36699496,3400,6
36700539,24107,2
36702317,90,1
36703097,2064,3
36703467,549,4
36704027,572,2
36704713,128,2
36706013,2067,7
36706242,328,3
36708235,2577,4
36708430,18101,7
36708986,15113,5
36709319,35,4
36709459,63538,5
36711357,24792,2
36711616,696,4
36711623,696,2
36712538,973,2
36712545,975,6
36713403,165,3
36713439,18037,1
36713656,38403,6
36713685,566,5
36713824,120,6
36713907,1325,2
36713926,826,3
36713979,299,5
36714030,305,1
36714276,426,1
36714540,50636,5
36717682,328,3
36718223,291,2
36718278,622,3
36718574,763,2
36718580,329,6
36718791,936,2
36719069,97,5
36719189,52,1
36719245,138,6
36719355,40,1
36719403,60537,1
36719897,1826,3
36720122,328,1
36720218,934,7
36720354,938,6
36720796,38,5
36721743,36,7
36721886,691,1
36721952,2457,3
36723226,36,3
36723475,35,7
36724540,189,4
36725550,175,7
36726526,195,7
36731953,933,7
36733304,849,1
36734534,129,6
36734751,448,5
36734756,81,2
36734759,143,2
36734762,941,4
36734766,941,1
36735412,193,3
36737012,135,7
36737781,30,6
36738197,44,6
36739099,1022,6
36739584,92,3
36739584,90,3
36739585,89,4
36739585,89,7
36739586,90,4
36739586,90,3
36739586,89,7
36739587,91,2
36739588,89,7
36739588,91,6
36740654,1946,4
36742746,555,2
36743168,100,5
36743405,172,2
36744350,172,6
36747058,18119,1
36760214,47,1
36762239,748,4
36762245,712,1
36763507,30,3
36766066,29,4
36766195,30,7
36766393,739,3
36766412,29,7
36766528,29,6
36766803,297,1
36767355,280,1
36767659,1493,3
36767803,64834,2
36768091,279,3
36768455,257,3
36770651,1740,6
36770825,138,2
36770930,134,4
36771719,28836,7
36774487,360,3
36776068,1745,2
36776747,628,7
36777325,1738,2
36777756,64841,3
36778685,38,2
36780788,1099,4
36780794,1099,7
36782081,605,4
36783553,42,4
36783609,61237,3
36784267,628,1
36784320,10555,7
36784875,359,7
36785406,59463,1
36785538,59375,2
36785654,59441,1
36785794,2885,4
36786635,32922,6
36787484,131,3
36787676,43,3
36787698,329,5
36788532,328,3
36788562,18218,5
36789443,61589,3
36789463,28520,2
36791022,39,6
36791027,39,3
36791032,42,4
36791040,114,5
36791120,115,6
36791589,106,4
36791783,6005,4
36791787,3117,4
36791789,1610,4
36791792,925,2
36791948,31046,2
36792962,329,1
36793432,17964,7
36793914,329,5
36793946,2189,5
36795256,33140,7
36796587,1625,7
36797041,330,4
36797663,122,5
36799576,1145,4
36801468,37,5
36802034,32,3
36802377,32,3
36802574,38102,6
36803035,37,2
36804623,33,7
36805024,31,7
36805250,38,1
36805252,30,2
36805394,31,3
36805526,32,4
36805655,32,1
36805839,31,6
36806105,31,3
36806543,24,3
36806781,108,2
36806913,31,3
36807424,33,1
36807950,1195,7
36808446,4991,5
36808774,33,5
36808889,34,7
36808967,33,1
36809178,33,5
36809611,33,6
36810052,329,5
36810369,34,5
36810630,33,5
36810727,1828,6
36810938,328,6
36811551,32,5
36811677,329,5
36812056,627,5
36812508,18326,6
36812692,223,3
36812708,206,7
36812924,174,1
36813334,169,6
36813382,9402,6
36813396,33,2
36813592,33,3
36813833,169,2
36814908,36,1
36815216,939,4
36815247,940,1
36815663,38,1
36816438,431,2
36816457,307,7
36816650,169,1
36816812,39,5
36816912,137,6
36816964,563,7
36817052,259,4
36817128,41,6
36817134,140,7
36817145,332,3
36817295,133,5
36817391,139,2
36817476,140,7
36817638,189,4
36817650,130,6
36817772,43,7
36817816,629,7
36818005,329,6
36818237,334,5
36818272,122,5
36818523,95,6
36818744,135,7
36819208,328,1
36819645,259,5
36819650,51,3
36819722,31,4
36819755,568,4
36820096,329,2
36820290,939,4
36820294,935,4
36820438,252,1
36820582,37,5
36821208,299,1
36821248,328,5
36821517,30,7
36821624,923,6
36821703,329,5
36821911,298,7
36822110,32,6
36822651,43,5
36822838,936,3
36822886,32,6
36822925,187,6
36823056,941,1
36823580,192,3
36823726,329,1
36823990,730,3
36824004,40,7
36824680,936,2
36825732,104,2
36826310,255,7
36826715,657,6
36827313,33,2
36827314,251,5
36827615,83,6
36827880,459,7
36828275,334,3
36828285,152,6
36828999,135,6
36829141,54,6
36829339,87,7
36829409,92,5
36829627,106,1
36829772,321,6
36829852,31,1
36830233,388,3
36830637,112,7
36833124,165,1
36833358,258,2
36833693,231,5
36834128,251,2
36834450,195,1
36834969,195,2
36847537,64840,6
36848962,53320,3
36849184,1080,6
36850775,8317,5
36852365,330,7
36853185,100,6
36853365,258,5
36853615,383,5
36853699,64835,1
36854017,31,5
36854299,31,1
36854413,32,5
36856482,97,6
36856814,5862,7
36859446,5517,2
36861882,10547,3
36865060,2395,3
36865763,10671,3
36866146,632,7
36866949,1753,2
36867281,508,6
36869335,38,2
36870653,24782,7
36872741,62256,6
36873084,5011,2
36873262,32,4
36873264,2534,7
36873985,2398,4
36876302,28838,5
36876496,60,3
36877457,20798,3
36877594,59055,2
36880017,36028,3
36883236,7215,4
36890015,52,7
36895161,1006,5
36895214,3432,7
36915591,37890,5
36916035,29608,4
36929645,173,3
36929699,95,1
36929699,96,7
36929700,94,1
36929700,95,2
36929701,94,4
36929701,93,1
36929702,95,2
36929703,98,5
36929703,93,6
36929704,92,6
36931781,5834,4
36945851,222,6
36947795,6258,4
36961758,108,1
36962515,113,3
36963403,249,3
36964810,59288,3
36964846,236,1
36965273,254,1
36965645,37875,5
36966354,59815,5
36967912,5926,7
36968217,41,3
36972357,2826,4
36973178,32509,7
36977822,31006,6
36978676,527,4
36982459,5950,7
36985381,30120,2
36995784,1541,2
36995786,20809,5
36995789,21834,3
36995791,24244,3
36995794,3433,2
37020216,9884,1
37028078,57094,5
37034348,32515,6
37039147,5242,6
37050877,231,3
37055365,11683,1
37072612,112,6
37077313,59188,7
37078988,38335,1
37106726,62173,3
37108906,57736,2
37110342,22963,4
37113686,5264,7
37113718,5799,1
37114653,627,6
37115275,57147,5
37117974,38069,6
37118743,56,4
37119199,1739,4
37119452,31198,7
37120590,634,1
37120993,32764,5
37121979,39,1
37122011,774,7
37122233,38,7
37123085,41,5
37123585,39,6
37123975,39,3
37125598,241,6
37126031,48240,2
37126126,2623,4
37128336,43,4
37128438,36289,1
37129741,348,1
37129744,51,2
37132707,56,1
37139696,1235,5
37139871,46,1
37144815,724,6
37145189,27471,6
37148015,664,3
37148294,301,2
37148393,563,2
37188076,57551,1
37188149,56960,6
37199258,51,6
37199588,41,3
37204767,49,3
37204824,492,5
37205352,175,5
37205530,175,6
37205680,346,1
37205749,174,6
37205780,2275,7
37205969,1239,2
37207437,1837,2
37208698,12328,4
37210037,533,1
37210219,1820,2
37210653,1238,1
37211794,109,4
37214837,40927,4
37215329,357,7
37215750,129,6
37215953,185,7
37216199,163,5
37217445,235,2
37219125,1747,6
37219166,1748,1
37219221,1748,7
37219272,1748,4
37219329,1749,7
37219368,1745,3
37220698,37,1
37220711,37,5
37220717,38,6
37220727,36,4
37220733,36,5
37220740,37,7
37220746,39,5
37220752,36,4
37221095,36,4
37221333,552,6
37221363,12232,3
37221560,38,5
37221816,58892,3
37221828,36,5
37221853,31,5
37221962,125,2
37222204,334,1
37222357,38,4
37222408,38,3
37222448,37,2
37222581,37,3
37222627,36,6
37222686,1747,5
37222789,333,4
37222845,1740,6
37222986,1744,2
37225347,1739,3
37227072,220,7
37229661,221,5
37230286,44,7
37230366,197,6
37232347,109,6
37232529,245,7
37233387,333,1
37233596,62041,7
37234594,3625,3
37234637,333,4
37239837,2317,1
37240596,230,1
37240990,222,3
37241286,123,4
37241851,335,7
37242754,334,6
37244289,223,6
37248640,123,7
37248808,39,3
37249328,32,7
37250111,42,5
37250179,32,6
37257706,24,5
37258144,25,3
37279998,968,3
37281740,258,5
37284923,35,2
37286547,1015,5
37301049,15241,6
37302297,48235,1
37308239,2455,1
37318178,24736,4
37322554,20292,4
37322586,20185,2
37325014,110,3
37329020,57497,2
37329161,57662,1
37345193,32,7
37347864,2434,5
37360318,32877,3
37362926,41016,6
37366624,33,2
37367371,31,4
37374157,2712,7
37375749,4112,1
37377520,1250,4
37379519,1750,6
37382341,112,2
37382625,3101,1
37382755,41,1
37383690,225,5
37384913,411,4
37385608,42,2
37386024,85,3
37386293,2065,1
37388068,55,7
37388520,803,7
37391657,47,1
37393771,2065,7
37394458,28345,5
37394505,29847,2
37394651,2592,4
37396074,2741,3
37396125,5820,1
37404529,6961,7
37409762,39,6
37409856,24731,4
37409920,27457,5
37409953,48322,6
37421416,248,7
37422449,58998,6
37433087,3520,5
37447960,57665,3
37452508,61558,7
37457276,28837,2
37460417,41263,7
37463330,8942,6
37470456,330,4
37473519,2440,1
37473558,2528,5
37473570,2618,1
37475568,41,7
37482905,49277,1
37484518,57074,2
37498656,40916,4
37550812,57067,3
37563201,33,2
37566203,56994,6
37581728,25,5
37586332,412,4
37593178,32492,4
37619200,57569,7
37633282,785,3
37646610,32,6
37655252,41206,5
37662057,32,1
37663723,1835,1
37688095,31,3
37706714,57481,4
37712516,37787,1
37714175,57651,1
37725021,414,7
37726513,329,3
37726637,788,5
37728238,1836,2
37729314,49495,4
37730361,9041,1
37730572,2281,5
37736854,62113,6
37739089,1165,7
37741861,1838,1
37743104,28832,3
37743116,8909,1
37744344,24791,3
37744360,27474,5
37744371,48260,5
37745024,32537,5
37745137,2611,5
37745390,2281,4
37750801,4515,6
37751181,52174,7
37758692,18694,5
37770353,27,6
37770974,26,4
37771403,32,5
37797569,15170,4
37814711,2061,4
37821154,1232,3
37821637,34,7
37829210,20469,4
37829528,42,6
37830933,50,1
37830991,1876,4
37831619,4372,4
37835148,89,5
37836838,59,2
37836986,14440,1
37844434,2059,7
37844501,2057,1
37844578,2055,3
37844633,2056,3
37844749,57700,1
37844894,57099,1
37847850,32113,3
37852442,41137,3
37853113,33,5
37853691,30,7
37855655,116,3
37855902,115,5
37856348,114,4
37859868,41,7
37859926,40,1
37862577,327,1
37884219,25240,2
37888078,44,4
37889192,63,7
37891346,41,1
37891448,40,4
37891521,39,1
37891544,43,3
37891905,40,1
37891909,41,2
37892012,41,2
37892016,41,3
37892030,41,3
37893284,40910,4
37894732,109,6
37894824,238,5
37896067,2085,6
37900310,37,1
37906855,57675,4
37907289,52,5
37907317,116,4
37917416,3631,7
37918643,49,4
37918848,39,5
37922924,52,4
37926684,3630,5
37926873,1239,2
37929833,36,5
37935951,90,7
37935966,85,4
37936034,86,3
37940537,2028,5
37953044,41,7
37953044,33,2
37953176,82,6
37973820,57645,5
37975811,39,4
37976148,37,6
37976336,54,7
37976352,106,6
37976521,28,3
37979934,29,4
37981290,43254,1
37982473,415,5
37983086,10046,4
37984460,2027,1
37987817,32525,3
37987926,4720,2
37988699,7027,3
37992012,2087,1
37994057,4854,4
37994975,2078,7
37995376,2577,3
37996103,339,1
37996135,118,6
37996438,119,6
37996639,332,3
37996853,118,4
37996977,4710,1
37998659,114,5
37998805,263,1
37998914,62517,5
37999176,42,3
37999227,63165,7
37999231,650,2
37999583,86,5
38002567,2194,1
38003243,939,3
38005423,1119,4
38006784,1836,2
38007376,33,2
38009389,389,5
38009986,86,6
38023503,32,7
38023822,32,7
38023989,34,7
38045960,23,7
38046470,23,2
38046606,23,5
38046855,23,1
38048046,31,5
38049378,34,2
38050602,25,6
38050858,23,7
38050861,33,5
38051667,32,7
38051788,31,1
38051984,3630,4
38052138,24,1
38058629,3346,3
38059141,57751,1
38062148,27035,7
38064702,7242,6
38067647,2081,6
38069111,1220,4
38075732,1217,7
38077843,3551,3
38080866,31,7
38086547,126,2
38086716,116,3
38086898,37766,7
38087342,256,2
38087849,30,7
38087976,244,6
38088269,60159,1
38088374,119,2
38088633,259,4
38088972,59131,5
38089325,137,5
38089420,84,6
38089704,192,1
38089752,163,5
38089929,43,3
38089954,42,6
38090089,42,3
38090217,42,3
38090225,518,4
38090300,42,1
38090437,61958,2
38090477,42,3
38090564,56,3
38090589,42,6
38090777,635,1
38090879,50676,7
38091756,636,7
38092271,313,6
38092582,635,1
38092889,52,1
38093198,966,6
38093378,179,5
38093516,971,3
38094284,1176,1
38094827,1219,7
38095329,5874,5
38097119,36,7
38099570,5760,1
38103281,34,7
38108654,27031,6
38111218,40,1
38112392,1084,4
38112427,973,1
38115289,25,1
38115699,28,3
38116313,27,5
38118658,28,2
38118960,27,6
38119363,30,6
38123239,32515,4
38126613,35,4
38133160,25,3
38134371,32,7
38134888,53,4
38134989,32,2
38135208,91,3
38135225,54,3
38137033,47,5
38137078,37,1
38137150,48,5
38137214,43,6
38137272,40,1
38137323,47,5
38137386,48,7
38137451,40,3
38137508,48,6
38137586,40,5
38138050,41,6
38138106,52,5
38138173,40,7
38138232,40,4
38138301,48,6
38138380,39,3
38138456,40,2
38138518,40,1
38138576,44,4
38138645,40,7
38159630,3550,3
38160003,1725,1
38168510,59036,2
38170611,42,1
38170745,116,4
38171414,255,7
38171739,62121,1
38178303,47,3
38181781,50450,6
38182269,50453,5
38182629,34,4
38182742,50459,2
38183187,85,2
38183260,32,4
38183341,36,2
38183718,36974,5
38186261,33,2
38186296,37791,6
38186306,24,1
38188980,8828,6
38189009,7232,1
38193577,6660,6
38198886,7238,2
38208592,32668,2
38216821,37,1
38217061,31,6
38217392,39,6
38218156,38,4
38218536,30,3
38218755,32,4
38220038,30,5
38230306,24860,2
38253340,124,1
38253701,11701,2
38253779,245,3
38254158,58986,5
38254442,59007,1
38255434,47,6
38257075,192,5
38257310,25431,2
38258683,2606,5
38259555,195,1
38261373,223,6
38264303,37854,7
38272292,41,2
38272626,49270,4
38292152,34,1
38302298,192,5
38318169,29776,3
38321856,3237,1
38321865,3829,6
38321874,3825,6
38321883,4672,4
38321891,3944,2
38322230,25,5
38322312,3190,7
38322540,1214,6
38323298,51670,5
38325889,1076,2
38326010,3564,3
38326285,43,2
38326641,451,4
38327114,979,1
38328101,1575,3
38329582,35047,1
38329762,229,2
38330096,466,6
38330609,216,3
38330901,218,5
38330975,59366,3
38330996,59348,7
38331145,1248,5
38332117,3634,5
38332381,3631,6
38332399,682,1
38332447,3631,7
38332482,3629,4
38332592,3649,2
38332634,3655,6
38332660,3642,7
38332695,3645,6
38334199,408,3
38335646,7222,1
38336353,1211,1
38336535,102,2
38336769,34373,4
38336777,10451,3
38336783,23254,3
38336789,22105,6
38337257,108,2
38338195,4947,5
38339041,104,6
38339347,1174,6
38340055,20164,4
38341473,42,2
38342501,50,6
38342639,41,4
38343261,2065,2
38343461,52,5
38344568,1178,6
38344625,2069,6
38344675,1501,5
38344720,1499,1
38344814,1211,5
38344949,50,7
38346429,58,5
38346501,1515,3
38346791,42,2
38346883,1534,6
38346915,2096,7
38346941,2305,4
38346972,2095,5
38347784,50,3
38348242,32727,7
38348300,32626,5
38348865,350,4
38349072,130,7
38349155,1091,3
38349682,54173,4
38350662,71,5
38350856,1277,1
38351114,170,5
38352310,36,3
38352566,32,4
38356236,438,5
38359909,57185,3
38366528,1181,7
38366931,6874,6
38367143,5386,5
38367833,6600,6
38376355,51676,6
38382266,21693,7
38404128,198,5
38406055,6039,2
38408835,1216,5
38409134,179,4
38411667,1505,6
38411745,1513,5
38411770,1517,3
38412781,1219,1
38413772,1384,3
38414882,1278,3
38419476,409,1
38419723,337,4
38420161,214,2
38420845,457,5
38421261,59131,2
38421414,59250,3
38421795,433,1
38421992,34726,5
38423512,37570,1
38424269,30347,3
38424459,28999,5
38426478,109,1
38426588,63,4
38427852,62,3
38428091,63,1
38428337,44,5
38430444,3573,5
38430512,3584,3
38430929,1140,4
38438805,32,5
38439117,34,2
38440580,1511,6
38440632,1551,6
38440660,1510,7
38442495,58,7
38442764,33,3
38442991,949,2
38443094,63,3
38443191,3641,5
38443423,3636,6
38444683,5287,2
38445247,5295,5
38447326,129,1
38447450,136,4
38447618,133,7
38448181,110,7
38448293,111,2
38448414,127,4
38448512,118,3
38448602,126,6
38448707,110,5
38448793,126,6
38448896,115,4
38448989,143,3
38449128,130,2
38449963,183,4
38450005,150,7
38450215,3622,1
38450402,19821,5
38453315,18057,1
38453545,2618,4
38453664,168,3
38457993,24981,7
38460107,31,5
38463723,13015,1
38484107,57068,5
38485838,521,4
38492298,1264,2
38494237,784,1
38494328,781,3
38494428,781,6
38494458,4620,4
38494531,778,4
38494897,1402,1
38495555,173,5
38495597,142,5
38496012,769,6
38496050,779,5
38496092,769,2
38496123,782,7
38496850,3360,1
38496885,11665,3
38499828,1210,5
38499843,501,2
38500416,6684,2
38500541,379,4
38501554,4303,2
38503948,293,6
38503954,224,6
38504072,929,1
38504324,143,7
38507225,165,1
38507422,162,2
38507697,185,1
38508678,2611,6
38508695,35265,1
38509014,36,3
38509844,59000,5
38511702,1511,2
38513119,1239,6
38514478,2566,3
38514615,1511,3
38514661,1500,2
38514807,1503,4
38514845,1505,5
38514873,1509,1
38514907,1510,3
38515722,35029,1
38516089,1587,1
38516447,1816,7
38517146,62480,2
38517723,6765,5
38518763,43,3
38518930,60,3
38519065,53,1
38522950,2905,5
38522991,2898,4
38523025,16654,4
38523105,2908,5
38523212,2903,5
38523380,4324,2
38524684,35,3
38525539,424,7
38526673,1865,2
38526888,1508,6
38526919,1518,7
38526928,1513,2
38527456,4181,1
38527996,1223,2
38530045,5439,4
38537366,32511,2
38543872,37,2
38544544,27,6
38544749,64864,5
38544797,64869,5
38545096,34,4
38545771,35,4
38546678,36,2
38547254,34,4
38547592,36,3
38548087,35,5
38548551,35,1
38548968,27,2
38549166,29,1
38550027,26,1
38550993,28,4
38553447,2214,3
38556299,33,6
38579335,5358,2
38586452,589,5
38587301,1228,4
38589830,4660,7
38590886,1845,6
38592872,58844,2
38592983,14450,6
38593007,59214,5
38595070,1256,1
38597066,5422,5
38598833,2685,7
38600351,12659,4
38601951,1527,7
38601966,1519,7
38602005,1523,3
38602020,1509,5
38602051,1557,1
38602174,1518,3
38602216,107,2
38602253,1530,1
38602297,1503,5
38602723,37891,4
38603078,1818,5
38605067,53,2
38605893,2438,2
38605938,554,7
38606159,555,2
38609688,565,2
38609728,1309,7
38609861,1531,1
38609909,17135,4
38610518,253,6
38611185,18039,7
38612025,34,2
38613058,3923,5
38613838,1887,3
38620714,32727,3
38625670,1846,5
38631788,33,1
38632753,31,4
38633176,1862,7
38634870,35,1
38635397,60105,1
38638269,30,7
38652096,27472,1
38661973,18938,6
38666027,4699,1
38671182,1843,1
38671374,51669,6
38671457,27,6
38671814,190,1
38678168,57655,3
38679294,119,6
38681820,109,6
38682198,249,1
38682594,656,4
38682926,62191,2
38683020,59806,2
38685446,117,3
38685741,1134,5
38686780,1213,5
38687870,51363,3
38687919,41,6
38688326,4065,1
38689949,340,6
38690252,14956,5
38690301,245,5
38691792,32826,1
38691800,26347,2
38692951,4086,1
38698502,16485,5
38699241,3948,5
38700310,169,1
38700485,190,3
38702765,166,7
38703298,5241,2
38720342,34958,4
38723839,43,3
38723906,56,1
38724477,43,6
38725172,43,2
38725498,223,7
38725924,29,3
38726194,231,1
38726208,30,6
38726465,27,3
38726552,39,1
38726684,423,2
38727310,1067,2
38727318,434,2
38727340,234,4
38727351,309,1
38727366,323,6
38727374,892,5
38728550,1470,5
38730196,2043,6
38730309,663,3
38730345,422,2
38730411,533,7
38730460,541,2
38730519,1039,5
38731182,4040,3
38731771,1322,2
38732434,2526,6
38733863,41,4
38733933,41,3
38733944,40,7
38733954,41,1
38733962,41,7
38733969,41,2
38734355,7237,2
38734365,1569,1
38734373,553,7
38734380,1618,3
38734389,2867,3
38734398,2036,4
38735408,541,7
38735471,4740,1
38766033,166,2
38766090,78,3
38766142,79,1
38766531,123,7
38766749,59208,1
38766789,81,3
38766866,81,4
38766901,2899,1
38767101,651,1
38767213,517,4
38767429,248,2
38767886,38459,2
38785057,28848,6
38786458,1572,3
38786467,487,6
38786478,1608,7
38786503,2866,6
38786513,2891,3
38786520,7237,4
38790353,164,3
38790359,108,1
38790365,93,3
38790372,90,2
38794795,58311,6
38801023,16406,5
38810097,108,5
38810681,62554,4
38818066,3022,2
38818073,2107,1
38818080,1183,6
38818086,1423,4
38818095,1643,7
38818105,3996,3
38818182,298,3
38819064,1392,4
38822899,5448,2
38826234,34522,3
38826394,34653,3
38826552,34411,4
38826737,34829,2
38830196,34395,7
38849683,3372,1
38849742,3331,7
38850150,1558,7
38858231,37021,1
38859582,32743,2
38865955,107,5
38865968,106,6
38865976,108,7
38867953,35181,6
38869512,62876,3
38869520,58315,3
38869529,35339,6
38882312,75,2
38887846,58163,4
38891108,51669,2
38891423,110,7
38891950,59087,5
38892299,31,2
38892318,31,6
38895852,33871,6
38915594,37951,1
38916066,18012,5
38918123,14384,2
38920289,23179,1
38920295,31340,5
38920301,51904,2
38920307,54040,5
38920314,20947,6
38920320,21923,6
38920326,21393,1
38920332,22254,6
38920338,361,1
38920344,9245,1
38920350,367,5
38920356,8746,2
38922839,33957,6
38924308,6799,3
38930621,289,6
38931811,4672,5
38933197,495,4
38933210,51670,4
38933501,567,7
38933516,581,5
38933785,544,4
38933989,504,1
38934585,838,4
38934633,680,6
38934666,726,7
38934710,1308,5
38935182,3316,7
38937157,63285,4
38937164,59102,2
38937171,35434,3
38940337,15109,6
38941571,1841,3
38941629,3332,2
38942411,117,1
38944511,1225,6
38944619,392,3
38945917,106,7
38946043,1099,3
38946110,75,1
38946229,2615,1
38946626,282,7
38947019,66,3
38947118,71,3
38947434,6108,4
38947939,26324,1
38947950,16605,2
38949390,21028,7
38950824,1501,2
38950855,1503,5
38950883,1499,1
38952857,3926,5
38955266,3614,5
38955514,2906,7
38955659,2890,5
38955666,2905,4
38955673,2893,1
38955687,4288,5
38955826,88,3
38955854,121,4
38955885,80,7
38956794,14914,7
38961286,62817,4
38973929,14732,4
38974300,28831,1
38985120,3632,2
39002349,4975,2
39004465,25247,6
39010015,5429,1
39016134,3677,5
39016206,6274,4
39016417,7385,5
39018873,43211,4
39018899,31517,3
39018906,52199,4
39018912,50422,3
39019079,1198,3
39022837,2398,7
39024515,3962,1
39026961,1214,1
39029493,5386,7
39030525,112,2
39030658,164,4
39030774,4152,1
39031296,5458,1
39033065,1049,2
39035665,8835,6
39035815,4064,1
39036850,1666,3
39038343,38599,6
39039611,699,4
39044392,429,4
39045128,35561,2
39045207,427,1
39047511,638,6
39049263,787,1
39053658,793,2
39053741,3629,3
39057387,51670,7
39059202,4122,5
39066007,119,7
39066663,59229,2
39067932,58235,2
39092826,5476,1
39097046,32450,3
39098496,1216,6
39102577,608,4
39102740,6817,3
39103481,50,3
39103554,18041,2
39104765,57875,5
39104773,35509,2
39106128,2945,1
39111628,1519,2
39111645,1518,2
39111686,1509,4
39113853,4326,3
39114328,1213,5
39116913,1524,1
39118462,1498,1
39118494,1499,6
39120175,8716,2
39122802,1506,6
39122840,1504,5
39122874,1507,4
39124217,18029,6
39124523,67,2
39125960,195,4
39126424,116,4
39132558,48,1
39132993,16903,1
39133362,272,7
39135139,96,7
39135546,3203,2
39137020,62,2
39137231,64,6
39137330,63,2
39138328,56456,5
39157040,860,6
39157060,882,5
39157075,1556,5
39177205,53189,4
39182325,9463,3
39187097,32720,7
39188709,880,3
39188723,899,3
39188733,1434,4
39192822,54,1
39192878,7233,6
39196931,2607,7
39200883,32658,1
39200932,1513,3
39201256,17764,7
39201673,1516,1
39201703,1530,7
39203897,33651,1
39208909,28745,2
39209593,5385,1
39209643,62908,1
39209684,1519,2
39209718,1513,1
39209741,1510,7
39209762,1515,7
39209794,1513,2
39211272,58463,3
39211316,35654,7
39215508,1246,4
39215567,51673,5
39216196,24305,7
39216560,161,6
39216564,149,4
39218703,56,6
39218949,43,2
39223854,3083,4
39224057,114,3
39226997,3233,6
39231960,107,4
39236164,119,7
39236402,107,5
39236504,36,6
39236733,36,2
39236924,33,2
39236942,62505,7
39237619,32,2
39239852,35763,4
39265483,47159,3
39267185,1066,5
39273614,1251,4
39274071,1013,2
39274136,35512,2
39274145,58877,3
39274152,63688,6
39274678,143,3
39277522,11587,3
39279489,3559,5
39284647,718,6
39284897,1839,4
39285089,24997,1
39285373,1517,2
39285398,1514,7
39285421,1514,3
39288890,1251,1
39290464,1254,1
39290523,2611,6
39291074,3646,6
39295221,3389,3
39295227,3140,7
39295234,3772,7
39295240,3565,3
39297444,46484,5
39299699,110,2
39300061,37,4
39300298,59620,3
39304700,1506,6
39304726,1503,1
39304759,1508,3
39304839,1509,5
39304861,1499,3
39304879,1501,4
39305909,36,7
39306086,8032,1
39311957,8468,4
39314361,36,5
39317128,2090,1
39318200,354,5
39318613,5322,6
39319427,3426,1
39319538,4310,7
39353046,5437,6
39356309,36048,5
39359957,55082,3
39365469,24477,4
39367258,57682,4
39377734,14471,2
39379729,71,2
39393236,106,1
39393842,34357,3
39396000,48966,6
39405751,16360,7
39410251,62508,4
39418884,35,2
39419719,31,7
39419786,37,7
39420563,34,7
39421170,34,3
39433543,32517,3
39448881,36025,4
39460796,57822,4
39473768,1514,5
39473786,1513,7
39473816,58,6
39474423,1499,1
39476383,108,6
39476765,58977,4
39484971,24160,5
39485180,10619,3
39485323,33999,6
39495234,29,6
39510441,24053,3
39520955,179,7
39522121,49751,4
39522132,45321,2
39522142,54053,5
39522152,54055,3
39525551,7748,1
39526811,7250,5
39527864,108,1
39533369,8469,4
39534931,2714,4
39535528,35417,2
39535536,58209,2
39535543,64460,4
39597254,196,2
39642677,121,4
39645148,83,6
39646005,23962,1
39648050,440,2
39648557,55,6
39649379,1337,4
39649895,116,3
39650267,38,5
39650290,39,6
39650300,45,3
39650469,40,5
39650509,40,1
39650917,39,6
39651550,119,4
39652239,1751,6
39652600,35896,6
39653105,37535,1
39653640,28,3
39653942,3639,6
39657931,148,6
39670755,117,1
39694832,31739,1
39694840,34347,5
39694848,13569,2
39694857,15204,4
39703412,2026,7
39705266,117,4
39706498,27859,2
39707156,117,6
39707555,9848,6
39708706,1745,6
39711051,8469,7
39714409,87,6
39714580,12630,2
39715657,26,3
39717835,32,6
39718028,33,7
39718607,3647,6
39719295,90,5
39720165,2186,1
39720512,3638,1
39720813,26471,3
39721018,235,4
39721172,821,5
39722064,106,5
39722568,129,3
39722693,4030,6
39722925,112,3
39724392,77,6
39725501,10602,2
39728279,137,2
39729925,32,2
39730482,74,3
39731694,32652,6
39736348,129,5
39740065,155,1
39740158,54,3
39740461,15196,3
39741592,115,4
39741737,1532,7
39742477,39192,1
39742668,4065,4
39742727,6617,5
39742940,14501,2
39746640,35419,4
39752994,2618,5
39755999,57780,7
39759457,60685,1
39761654,169,5
39761934,31,2
39762123,168,4
39762337,16147,7
39762346,60369,5
39780545,85,6
39780663,991,2
39789706,15670,4
39789744,1507,1
39789884,1505,3
39789974,1495,6
39790088,1501,6
39790116,1499,5
39790549,1501,6
39790572,1499,5
39790601,1495,5
39790622,1506,5
39791608,44,3
39791656,42824,7
39792076,91,5
39792818,417,3
39794058,32423,5
39794163,35241,1
39794174,58607,7
39794184,64683,5
39794500,1689,5
39795137,406,3
39796850,24007,3
39797978,42,4
39799446,45,7
39799553,71,3
39800344,232,6
39801640,3997,2
39803241,1501,5
39803269,1526,3
39803305,1496,1
39803361,4764,5
39803403,1500,2
39803426,1500,3
39803574,1604,1
39803602,1680,7
39803687,1689,7
39803768,1326,3
39804281,41,4
39804978,60147,2
39808439,32197,7
39809071,11900,5
39809106,74,5
39811650,4083,3
39811897,54610,3
39812658,1324,5
39814289,1445,2
39814492,237,3
39814571,649,4
39815904,3645,3
39816618,56,2
39819826,6490,1
39820373,75,7
39820593,1499,4
39820620,1500,7
39820647,1497,1
39821162,108,1
39823560,35,3
39824297,109,3
39824458,10750,2
39828224,111,4
39829501,33,7
39829773,33,4
39836051,14784,6
39836116,16540,3
39840189,35349,5
39849593,6364,3
39849596,6586,6
39849600,6586,3
39872397,64829,5
39873774,60353,2
39877352,57773,4
39880605,1534,2
39880973,35,5
39881109,35,4
39881323,32,4
39882135,32,4
39882269,3636,4
39884076,113,3
39892217,2002,1
39892462,1200,3
39892835,57,3
39893173,37,3
39893650,18975,5
39894431,37,2
39894970,34,3
39895285,32,4
39896253,32,1
39896918,32,3
39897267,32,6
39897507,33,7
39897677,108,2
39897769,26,2
39898004,32,6
39898302,33,1
39898545,39,6
39899851,58898,4
39899859,64754,4
39900007,24,3
39901407,24,3
39901554,21086,7
39901680,54,5
39901948,6711,7
39901983,6699,5
39902017,6340,2
39902050,6253,6
39902076,6364,3
39902107,6264,1
39902139,6313,2
39902167,6315,4
39902198,6300,3
39902230,6321,6
39902257,6307,3
39902831,77,3
39903025,2184,5
39903103,53,4
39903238,571,2
39903964,5212,2
39904040,58973,1
39907111,41,3
39907159,42,4
39907842,129,4
39908067,32,6
39910284,236,4
39921252,36,4
39921585,31,1
39921738,31,1
39922091,32,7
39922179,31,5
39922287,31,6
39922399,36,5
39922646,33,3
39924520,54,7
39924667,176,3
39924956,168,4
39925306,59110,7
39928602,107,5
39928694,276,3
39929761,3034,1
39930342,8418,3
39939057,23539,2
39940367,18807,7
39966252,24017,7
39980192,33606,4
39981130,55828,2
39982690,110,6
39983016,60768,2
39984550,109,5
39987641,106,4
39989915,72,2
39990411,35912,5
39994820,25681,3
39995019,24153,1
39995034,25592,5
39999177,4975,4
39999181,4971,4
39999183,4757,1
39999186,5360,1
39999190,4850,6
39999193,4898,1
39999195,5180,4
39999199,5198,3
39999782,61,6
39999862,18786,7
40002401,40,7
40002999,39,2
40003188,38,1
40003405,39,7
40004983,35564,3
40004993,58984,4
40005001,64830,7
40005676,133,1
40008529,33,6
40009460,32670,2
40009589,273,6
40010755,2798,4
40029435,16625,6
40037034,63761,6
40064322,35545,5
40066307,109,7
40066923,58793,4
40068229,58977,7
40071169,57968,5
40071314,35607,7
40071411,36032,6
40071849,4361,3
40072038,8127,3
40079817,2563,3
40079914,1859,7
40080626,16421,6
40080631,16435,1
40082807,4074,1
40087718,23005,4
40087957,2688,6
40090428,1854,7
40133695,36035,4
40134388,58095,1
40134937,67,7
40136722,60547,5
40142030,36,1
40142588,44,4
40142917,11519,7
40142949,16545,5
40142999,41,5
40143101,41,2
40143433,14248,5
40144045,38,4
40146267,19080,3
40146557,903,1
40146717,39,4
40147087,58956,3
40147492,53,5
40147516,35319,3
40150766,4941,3
40150770,4966,3
40150774,5380,6
40150778,5021,7
40150782,4754,3
40150786,4931,3
40150790,106,4
40152198,109,5
40152425,56,5
40156505,35772,2
40157626,106,3
40157965,36906,2
40157971,34593,4
40157977,24102,5
40157984,21632,4
40157993,132,2
40158441,213,1
40158592,38,6
40158885,370,3
40159296,6965,2
40159356,48186,4
40160369,82,1
40161645,125,2
40161789,64832,3
40162033,295,3
40162611,21631,5
40163278,185,4
40163412,100,3
40167191,137,6
40167686,309,7
40167739,59354,7
40168465,32255,7
40168798,228,6
40170052,251,4
40170123,198,3
40170635,95,5
40170716,52,7
40171148,31,2
40171719,40,7
40171762,73,4
40172007,47,1
40172321,52,7
40172368,76,6
40172773,46,5
40173131,12775,5
40173158,77,1
40173195,48,3
40174450,3792,5
40179264,68,7
40179629,40,4
40179772,33,3
40179774,18039,2
40180134,33,6
40180263,33,1
40180442,31,3
40180737,32,2
40180895,34,6
40181088,40,1
40181407,42,4
40189503,35830,4
40196291,58859,5
40222748,3270,6
40223187,18031,7
40225235,5827,7
40226905,166,1
40228259,4339,2
40230153,81,7
40230840,11422,6
40231335,728,6
40231386,3622,2
40234638,77,6
40236758,7496,2
40236899,17431,5
40238467,131,2
40238862,59088,5
40239585,50,2
40239640,41,7
40239821,38,4
40239989,36,7
40240355,21628,1
40242106,48398,7
40242214,61508,3
40242369,44162,6
40243199,3625,2
40244417,5054,6
40247308,19800,1
40248632,208,3
40249398,82,6
40249720,60,4
40250611,230,4
40250656,37,7
40251022,96,5
40251121,55,7
40251270,74,7
40251794,72,2
40252090,38,4
40252321,77,3
40252499,31,2
40252807,34,2
40252929,47,4
40253142,249,4
40253164,42,5
40253383,35,1
40253773,186,6
40253832,38,5
40253908,38,3
40254022,116,7
40254108,27,3
40254141,70,2
40254183,77,5
40254230,480,5
40254289,70,5
40254324,46,3
40254329,239,2
40254345,63,1
40254690,69,3
40254755,2094,4
40254811,749,2
40254996,31,5
40255130,30,3
40255373,31,7
40255545,44,3
40255793,65,7
40255800,64,1
40256226,421,5
40256333,37,1
40256468,46,7
40256512,65,4
40256558,68,7
40256595,116,4
40256620,122,6
40256803,10833,5
40256823,193,5
40256937,42,7
40256978,1290,6
40257080,44,7
40257670,386,7
40258834,205,7
40259507,58,2
40259513,17902,5
40259846,95,3
40260865,88,6
40261432,4228,4
40263774,501,3
40264114,411,4
40264464,402,3
40264859,753,6
40265442,155,4
40265738,246,1
40265873,1521,1
40267346,35544,2
40267487,1333,5
40267780,192,2
40279777,3421,7
40293454,31507,3
40307051,1860,7
40308043,10830,4
40315342,55,2
40315468,60947,2
40315698,1756,1
40319336,37,1
40319982,624,7
40324425,26,7
40324844,19055,2
40324889,19128,6
40325838,58,6
40328686,58934,3
40330063,20526,1
40333486,468,7
40333949,44,2
40338043,109,7
40340840,241,2
40342495,37,6
40342737,39,6
40342902,99,5
40344520,94,2
40345701,10558,6
40345731,72,6
40345871,63,5
40346462,70,2
40348576,107,1
40348594,134,3
40349748,44,3
40350000,623,7
40350088,64,1
40350917,620,3
40352150,45,2
40352737,162,3
40353019,106,3
40354106,45,2
40354879,1011,7
40361724,618,1
40364931,51,3
40365041,136,7
40366169,33,5
40366419,33,6
40366604,408,6
40366840,33,3
40367230,33,2
40367475,32,7
40367603,32,5
40367724,775,2
40367865,33,3
40367901,434,1
40368176,33,5
40368940,317,3
40384833,59229,3
40390657,63809,4
40391348,644,5
40391654,17031,7
40393358,31086,4
40396264,265,3
40396868,56291,1
40397510,626,1
40398172,52,5
40398185,4883,1
40398605,5122,5
40398758,6081,4
40399144,35420,3
40399154,43621,2
40399162,48889,4
40403677,773,3
40406830,110,2
40407228,29,2
40407492,41,3
40407526,35,3
40409071,11222,4
40409468,10396,2
40409908,630,5
40410724,3669,2
40411794,108,4
40412171,60025,4
40413038,40,5
40413122,35,6
40413200,33,7
40413731,3622,7
40413892,56,4
40414126,64834,4
40414598,55,1
40415132,3776,4
40416630,466,5
40417171,37,7
40417879,38,2
40418904,180,2
40419100,635,6
40419421,127,6
40422380,155,1
40422687,22854,2
40423364,11256,4
40425317,44,7
40425351,48,1
40425586,245,5
40429248,30,1
40430079,174,1
40431622,188,2
40433623,626,5
40433722,45,1
40433735,53,5
40433750,51,7
40433770,60,2
40433786,100,5
40434255,219,3
40434743,46,4
40435162,642,7
40435235,37,1
40435948,37,5
40436755,80,6
40438024,67,7
40438863,170,2
40439094,630,6
40439818,96,7
40441083,624,1
40442059,120,2
40442485,626,4
40443145,22636,6
40444102,1279,7
40444724,86,6
40445797,179,7
40446145,60428,7
40457342,43239,3
40470838,163,6
40476092,563,6
40477379,22493,3
40479724,1290,1
40482451,667,5
40483159,55388,2
40487039,20088,1
40487217,61,5
40487637,1571,3
40487684,170,7
40487863,3975,3
40488801,25,1
40488986,38,4
40489447,27,1
40489707,26,5
40489826,26,5
40489927,26,6
40489966,80,7
40489990,25,7
40490070,80,6
40490311,25,4
40490384,26,2
40490636,26,2
40490846,26,6
40490937,27,4
40493985,17381,7
40494189,188,3
40494198,169,5
40494418,30,4
40495057,25,5
40495297,25,6
40495722,25,5
40496428,25,5
40496865,24,3
40497124,25,1
40497796,58901,1
40500000,36,3
40500875,153,1
40502207,194,1
40503111,128,7
40504881,35,3
40505105,31,3
40505465,1355,2
40507973,33,1
40508212,141,2
40508497,68,4
40509292,26,4
40510060,35,6
40510123,25,2
40510235,26,5
40510889,32,2
40511220,62535,6
40511466,33,3
40511561,32,1
40511634,29,2
40511698,31,2
40511804,31,6
40511959,31,2
40512158,2443,2
40512213,170,2
40512230,222,2
40512245,154,4
40512260,179,7
40512283,272,6
40512295,438,6
40512309,829,2
40512554,27,4
40513027,25,7
40513140,26,3
40513228,25,2
40513323,24,4
40513404,24,6
40513498,25,7
40513554,24,5
40513694,24,3
40513786,24,6
40513851,24,7
40514425,278,7
40515294,47,1
40516550,505,7
40517424,55,6
40517656,59198,6
40518794,99,6
40521397,447,7
40521594,1292,2
40523799,98,7
40524309,298,3
40529335,39321,5
40529520,43240,3
40549901,33885,1
40558177,57894,7
40574680,29,7
40574868,42,3
40575303,181,7
40577084,47,1
40577211,82,7
40577409,10847,7
40582313,4035,6
40583435,7222,5
40585352,2949,1
40586533,58925,2
40586979,58866,6
40587025,57373,2
40588354,81,5
40588440,22302,3
40592173,7222,1
40593575,39,3
40597632,38992,6
40599455,7222,5
40602741,713,4
40606767,7222,5
40609996,1284,6
40609998,1292,5
40610001,1289,7
40610004,1295,4
40610007,1286,2
40610010,1284,3
40610013,1343,6
40610016,1345,1
40610019,1286,7
40610022,1339,4
40610025,1336,6
40610028,1293,6
40610031,1303,3
40610034,1342,7
40610037,1328,2
40614418,64833,7
40622848,36260,4
40657950,1282,1
40659912,1278,1
40662476,3998,3
40663630,1286,1
40666898,41130,6
40673802,64,5
40674112,62,2
40674405,63,7
40674541,64,7
40674717,95,1
40675268,7222,6
40676510,49,1
40677819,108,2
40678396,64841,7
40684629,31217,7
40688309,1414,5
40688312,1431,4
40688315,1467,1
40688318,1470,6
40688321,1642,2
40688324,1988,7
40688327,1927,5
40688330,1863,5
40688333,1605,5
40688336,1647,1
40688339,1608,3
40688342,1632,5
40688345,1445,6
40688349,1487,5
40688355,1486,6
40688482,7710,3
40688845,46,5
40689468,149,2
40704163,7222,2
40705510,35843,4
40739463,29586,1
40740232,1297,6
40743704,3419,7
40744430,58969,5
40745627,1987,2
40748117,36,7
40748868,18392,5
40751528,1380,5
40751609,54379,6
40751757,26,6
40753403,25,4
40753459,34,2
40754063,36,5
40754169,24,6
40754235,33,5
40754311,24,5
40754644,25,2
40754713,38,7
40754780,37,5
40754817,26,1
40754940,26,4
40755891,25,2
40756152,29,4
40756300,25,1
40756397,36,2
40756468,26,1
40756595,28,6
40757541,40,5
40758155,41,2
40758256,42,1
40759147,98,5
40760173,86,6
40760659,1004,7
40760679,60138,2
40760950,84,4
40761089,32,4
40761838,47,3
40762019,84,7
40762193,82,2
40763155,38,6
40764195,83,2
40764354,102,3
40764766,2540,7
40765468,9211,7
40766204,16411,4
40766759,25,5
40767092,24,4
40767200,29,6
40767419,30,4
40768109,1006,1
40768237,1008,2
40768295,1003,7
40768388,1004,4
40769461,43,2
40769810,32,6
40769940,33,1
40770287,21121,5
40770738,36,5
40770889,36,3
40771218,35,6
40771338,49,6
40772412,39,5
40772706,46,4
40772831,47,4
40772928,43,4
40773175,89,2
40773197,35,1
40773495,25,5
40773715,25,5
40774694,31,4
40774981,36,7
40775292,32717,4
40777226,251,3
40778686,88,3
40781575,99,4
40782354,16120,1
40790046,160,1
40803410,58910,4
40806227,84,3
40808200,81,2
40812149,84,6
40812978,81,4
40816109,83,3
40822034,68,2
40822422,1521,3
40822447,66,1
40822470,2911,5
40822486,2918,5
40822496,281,7
40822558,58955,6
40824024,178,6
40824307,60609,3
40826491,769,7
40829411,815,2
40831667,62,2
40831861,8941,2
40834378,939,5
40835416,56,2
40835704,26,1
40835911,25,2
40836010,1024,7
40836121,1024,5
40836183,1011,1
40836285,1010,5
40836808,790,7
40837786,24,6
40837804,32756,5
40837901,24,6
40838985,26,3
40839106,25,5
40839183,25,3
40839273,27,6
40839342,29,3
40839981,26,3
40840210,27,1
40840914,9042,4
40841098,89,7
40842088,69,5
40842117,939,5
40842455,35,5
40842575,33,4
40842939,50,6
40843137,50,2
40843344,1000,6
40843363,35,2
40843416,1000,5
40843516,999,5
40843715,45,2
40843727,44,7
40843741,44,6
40843754,44,4
40843772,49,7
40843964,50,2
40844600,1024,1
40844658,1027,2
40844723,1014,6
40845159,113,6
40845400,400,5
40845407,230,6
40845414,142,6
40845420,106,4
40845430,108,7
40845860,842,7
40846359,2538,2
40847994,805,3
40848772,51,5
40849064,39,4
40849261,36,4
40849481,24629,1
40849844,35,7
40849930,34,7
40850108,35,4
40850185,8878,4
40850270,36,6
40850398,35,4
40850654,50,5
40850893,51,4
40851085,47,3
40851228,47,3
40851319,42,6
40851585,32,2
40851715,49,7
40851897,33,7
40852175,48,4
40852272,999,2
40852306,999,5
40852342,1008,6
40852524,1001,2
40852547,940,6
40852582,997,3
40852821,27612,4
40852823,128,5
40852825,90,3
40852828,85,4
40852830,88,6
40852833,99,7
40852936,1001,4
40852970,995,6
40852994,999,5
40853498,24,1
40853616,25,7
40853833,26,6
40853994,30,7
40854134,24,4
40854588,25,5
40854756,24,3
40855406,36,1
40855704,33,7
40856147,38,7
40856482,55,7
40856602,38,2
40857283,1448,2
40857599,42,6
40857768,41,3
40858634,38,6
40858699,37,4
40858807,37,6
40858979,40,6
40859060,39,5
40859631,41,4
40859763,40,6
40860787,57038,6
40861046,10828,4
40861889,12628,6
40861976,10833,7
40862017,10833,6
40862103,3067,7
40862317,106,4
40863479,39,3
40866024,84,2
40866611,12633,3
40871130,28835,4
40875370,24513,4
40875386,25136,7
40875389,25169,7
40875391,25265,5
40875394,24871,3
40875397,25554,5
40875400,23102,7
40875403,23925,2
40875406,25046,5
40875409,24188,7
40875412,25716,4
40875415,24592,4
40875418,24594,3
40875421,783,3
40875424,25345,4
40908735,92,5
40908871,59067,1
40911147,58874,5
40918441,64837,3
40921224,97,5
40923855,26076,7
40934513,1042,4
40934533,1040,5
40934559,1043,5
40935316,45,1
40935867,241,3
40935982,240,3
40940446,240,7
40942748,149,2
40942844,96,4
40943318,28,5
40947491,36220,2
40948162,16343,1
40950732,23232,1
40950735,23631,3
40950738,24709,6
40950741,24591,7
40950744,22910,4
40950747,23649,4
40950750,24492,5
40950753,24416,4
40950756,25243,2
40950759,24614,2
40950762,36,5
40950765,24128,7
40950768,24893,5
40950770,235,4
40950773,25274,5
40983244,283,6
40989081,239,6
40995452,95,7
41009857,65,3
41013315,41,7
41013662,1044,3
41013707,46,7
41016555,49,3
41016629,122,6
41017681,508,7
41022807,1044,1
41022828,1012,6
41024568,1003,3
41030837,39,7
41033942,45,1
41035777,28,3
41039136,2782,1
41039139,2781,1
41039149,97,2
41044699,61,5
41074869,44,4
41075023,52,1
41075222,53,3
41078790,11309,5
41078796,12252,7
41078801,17237,5
41078807,248,7
41078813,247,3
41078821,221,7
41079095,20393,2
41079884,85,2
41080610,107,5
41081191,107,2
41082198,39,5
41082742,36,5
41083033,38,3
41083182,39,4
41083614,46,1
41083736,38,7
41084523,37,2
41084724,754,7
41085331,183,7
41085532,621,2
41086200,45,1
41086347,117,3
41086531,114,6
41086836,693,5
41088074,713,5
41088313,15045,3
41089169,77,7
41089935,49,5
41090049,78,7
41090515,227,5
41090890,80,3
41094702,19454,1
41096559,2109,6
41099674,5480,2
41099854,1411,6
41099947,738,1
41099983,409,4
41100301,1643,1
41101195,52,2
41101291,54990,7
41101632,56,5
41101915,123,5
41106369,122,6
41106428,138,3
41106496,123,6
41106537,116,7
41106582,53,2
41108209,60605,4
41108810,143,6
41110059,29645,6
41110153,93,4
41110618,5413,3
41114149,3832,3
41114158,3852,1
41114168,3122,5
41114177,4663,4
41114845,62104,1
41114853,59016,7
41114871,35470,7
41122782,58127,7
41123268,51,2
41123340,58,7
41127522,15291,1
41128290,50293,4
41130031,54,7
41134594,35978,5
41166121,36256,1
41171729,35816,6
41171919,146,6
41172107,160,1
41172301,156,2
41177571,70,6
41188124,25677,5
41189909,763,5
41192646,1459,7
41196264,1679,2
41196565,2549,4
41197214,36920,5
41197262,1404,7
41199050,59399,1
41203912,214,6
41204148,29340,2
41212231,320,4
41213155,578,1
41213457,40,6
41214214,38,2
41214675,1938,4
41215132,321,2
41215892,54,3
41215941,28838,5
41216981,60,7
41217253,84,5
41217384,84,3
41217938,2331,6
41220296,21429,2
41229455,57189,6
41259851,58994,7
41260017,58998,3
41273238,9343,1
41275152,110,4
41275612,88,4
41275787,63,7
41275836,52,5
41275933,47,6
41276410,87,4
41276430,65,3
41276450,50,7
41276470,51,7
41276808,47,1
41277060,93,7
41277089,66,5
41277124,58,3
41277311,62,2
41277491,52,2
41278569,729,3
41278604,1398,1
41279531,2746,6
41282660,5433,4
41283080,405,2
41284329,1022,7
41284348,1025,5
41284386,1018,3
41284418,1005,7
41284467,1011,7
41284500,1020,7
41284524,1007,7
41284548,1005,5
41285413,65,5
41287188,46,5
41296824,9426,5
41297948,50,5
41298280,49,5
41298560,24,1
41298704,40,4
41298922,26,4
41299231,26,1
41299287,25,7
41299389,55,5
41301257,55491,1
41310019,22106,2
41332417,54063,5
41341806,35597,2
41342187,26221,4
41342602,473,2
41343158,28850,1
41344687,39645,3
41345022,1401,5
41347764,60497,1
41348900,7943,2
41351892,42472,2
41353115,62224,6
41353532,26,7
41353712,3628,7
41353755,3629,6
41353759,27,7
41353787,33,1
41356187,59359,5
41356194,62406,5
41356410,7246,2
41358972,38981,4
41359762,32,1
41359786,28,7
41359824,1764,7
41359873,7242,5
41359882,32,2
41359890,8040,7
41360465,16288,4
41363220,34,6
41363773,41,4
41364000,343,4
41364165,6532,6
41364326,8134,5
41365382,2791,5
41368615,58908,4
41369032,25,6
41369313,5641,2
41370039,59067,3
41370239,27,1
41370407,25,2
41370612,27,7
41370887,27,4
41371283,27,6
41371469,26,1
41371651,28,5
41371875,26,5
41371970,28,1
41372087,2288,4
41372311,30,2
41372529,25,3
41373108,252,4
41373634,401,1
41374513,2546,2
41374830,171,2
41374860,102,7
41374889,74,1
41374958,57,7
41375618,30,1
41375636,36,1
41375651,33,4
41375753,58,2
41376012,33,7
41376022,36,2
41376036,33,3
41376114,74,3
41376328,328,1
41376339,206,3
41376370,122,3
41376434,85,3
41376790,372,5
41376863,39,5
41377006,25,5
41377112,25,1
41377245,286,6
41377353,40,6
41377501,30,3
41377595,5774,7
41377644,9632,7
41377696,25,5
41377800,78,2
41377910,25567,4
41377937,1006,1
41377968,999,1
41377997,999,3
41378025,1000,4
41378052,1000,1
41378054,78,6
41378097,77,2
41378098,1002,7
41378126,997,5
41378142,27,7
41378149,1004,4
41378258,8566,3
41378420,25,2
41378539,25,1
41378832,24,3
41378902,24,5
41379237,25,7
41379617,25,2
41379865,25,4
41380307,25,2
41380796,25,7
41380905,25,3
41381892,2619,6
41382069,25,5
41382333,35,7
41382441,25,1
41382592,25,4
41382688,25,5
41382778,24,6
41382829,25,4
41383000,24,4
41383446,4072,3
41384919,36198,6
41386846,38,3
41391902,25,3
41392154,24,5
41393295,1516,1
41393688,6933,2
41398126,1069,7
41398192,15115,4
41406489,117,7
41406895,54,1
41407209,45,2
41407631,34,6
41407918,33,4
41408093,29,7
41416935,6941,1
41426084,2068,4
41429697,3669,3
41430353,7233,1
41431732,22620,2
41434498,11201,4
41435549,58037,3
41439737,32,6
41439784,29,1
41439805,34,2
41440889,34,5
41440934,2255,5
41441557,40,7
41441708,130,5
41442841,31,4
41442973,9620,3
41443015,5536,3
41443072,41,2
41443171,139,2
41443741,35790,6
41443929,5617,7
41444857,1731,1
41446109,60,6
41446179,202,2
41446236,59,7
41446378,111,2
41446677,36,4
41446772,63,1
41446791,70,4
41446836,128,5
41447073,135,4
41447807,1684,4
41450160,21636,6
41451324,1005,6
41451348,1070,3
41451368,1071,6
41452150,17744,3
41452348,6346,1
41452403,85,6
41453452,6577,2
41453587,18422,4
41454754,163,3
41454874,2562,2
41456397,58920,2
41456521,33,5
41458414,68,5
41458480,5889,5
41458656,474,5
41458707,83,6
41458741,27,7
41458771,5645,6
41458991,33,3
41459075,262,3
41459453,5219,7
41459577,25,1
41459616,5206,1
41459737,24,7
41459880,25,1
41461583,262,3
41461713,1372,1
41461794,1012,6
41461872,1009,6
41461912,1005,5
41461946,1002,6
41462069,1002,7
41462094,1004,7
41462125,1008,4
41462325,258,2
41462603,26,7
41463054,26,7
41463524,27,4
41463621,26,7
41463888,264,7
41464708,59076,1
41470713,26,5
41471201,48,2
41471563,35659,5
41472036,100,6
41472137,3015,2
41472195,116,2
41472418,4060,6
41472427,4242,4
41472435,4191,4
41473582,29,2
41473717,25,1
41473920,73,3
41474213,27,4
41474357,31,2
41474543,27,4
41474599,263,1
41474853,32,5
41475010,28,5
41475123,32,3
41475197,32,6
41475303,56,1
41475373,31,1
41475474,56,1
41475602,27,7
41475818,26,5
41476239,257,5
41476762,258,6
41477827,5503,2
41481339,120,2
41519305,1003,1
41519397,1002,3
41519415,1002,4
41520376,106,6
41520856,51901,5
41521086,4115,5
41521217,4425,2
41521257,2557,4
41521738,30,3
41521909,1633,4
41524038,35,1
41524145,34,7
41524259,858,7
41524403,46,5
41524472,35821,7
41524970,1027,4
41524996,1024,1
41525026,1007,1
41525046,1006,2
41525068,1047,1
41525092,1043,7
41525116,1007,3
41525139,1011,6
41526198,35872,1
41526356,35876,7
41527885,27,5
41535724,149,2
41536958,8953,1
41537090,12958,2
41537416,3893,4
41543959,118,1
41544235,1400,4
41544582,26708,2
41547520,28835,4
41549161,480,6
41560008,1268,2
41560055,378,7
41564962,90,2
41566705,123,6
41567653,58976,2
41583831,58059,5
41598101,8494,7
41606786,1047,3
41606812,1038,6
41606836,1050,2
41607055,7233,5
41607687,1284,7
41608861,7663,7
41608888,37,5
41609070,108,2
41611422,28423,4
41613644,997,7
41613686,1000,5
41613833,996,4
41617475,633,7
41618670,36,5
41618971,2545,4
41619011,680,7
41619692,36,1
41619941,5358,1
41620052,39,6
41621148,24,5
41621772,6263,5
41622652,1039,7
41622716,1035,3
41622745,1019,7
41622864,1037,5
41624141,1031,4
41624179,1026,6
41624216,1027,3
41624261,1000,4
41625999,8253,1
41626062,970,2
41626250,5483,1
41627708,25667,6
41627912,32,1
41628096,196,4
41628156,32,7
41628253,1121,4
41628353,26,3
41628519,25,3
41628714,59,4
41628767,34,3
41628803,25,3
41629054,57,6
41629116,25,4
41629209,2533,2
41629212,25,2
41629302,28353,6
41629352,25,4
41629467,46,5
41629587,27,1
41630608,124,3
41630855,8892,2
41631058,7230,6
41631534,18028,3
41633869,1004,1
41633928,1010,4
41633973,1013,1
41634010,1018,2
41634047,1015,5
41634056,16245,5
41634105,1002,5
41634140,1001,3
41634175,999,5
41634662,130,6
41634821,24368,2
41635611,28835,7
41635631,39,1
41636228,35690,5
41637787,36,4
41638190,59516,1
41638206,62898,3
41638605,36,1
41639458,43,6
41641814,89,7
41641981,1762,5
41642114,1049,2
41642121,913,6
41642399,157,2
41644033,4825,5
41648176,7232,7
41652834,25683,7
41659957,60187,3
41660403,59263,7
41678874,26989,3
41680389,2780,4
41683193,3098,4
41683328,27258,2
41686409,5800,3
41687919,2215,7
41689062,25870,2
41689148,25018,2
41690262,70,1
41690325,7703,7
41690834,35579,6
41691497,64028,6
41691619,14434,4
41692374,49829,6
41693379,355,4
41694885,118,5
41695654,173,6
41695828,102,1
41695836,102,1
41695848,103,7
41695857,108,6
41696397,52,4
41696602,608,1
41696837,335,2
41696886,50,7
41696967,340,1
41697056,1002,1
41697638,1015,3
41697700,1017,6
41697747,1012,3
41697773,29,1
41697805,1011,3
41698477,104,3
41700599,11061,5
41700939,32,5
41700988,1009,2
41701125,2564,3
41701257,59913,5
41702198,4543,1
41702341,8996,6
41702443,9038,1
41703761,41,5
41705417,62979,1
41707063,41,1
41708118,34,5
41708248,5749,5
41709386,9479,5
41711745,6861,1
41713269,40,7
41713988,34,2
41715235,38,7
41716240,7485,2
41717864,2468,5
41725587,188,6
41726151,59015,2
41726279,58972,3
41726510,20553,5
41734096,14435,3
41739510,328,4
41740261,32,5
41740508,31,5
41740849,32,5
41741190,32,2
41743619,112,1
41744683,623,3
41745554,66,6
41745732,44,1
41745990,2316,4
41769262,64833,3
41773179,17448,3
41783292,27125,1
41783348,6694,2
41788628,1953,7
41788658,25706,5
41791907,26315,6
41797913,58825,5
41798111,58947,3
41798432,122,6
41798472,106,5
41798478,102,7
41798484,121,1
41798490,109,2
41799727,3629,7
41803307,58045,2
41804863,902,6
41809458,53,5
41811108,32421,5
41835753,40,7
41839134,35499,2
41846278,55583,2
41871416,4949,2
41875273,55049,2
41880725,35735,3
41883110,62905,5
41883118,59869,7
41886739,23083,3
41894554,1674,5
41916398,36964,7
41917464,3879,1
41944615,54825,1
41946346,10842,5
41952286,35808,7
41954940,29355,5
41958567,86,3
41959248,4593,5
41963132,40,7
41963299,38,4
41963445,37,5
41963709,37,4
41963758,1504,5
41963906,38,3
41964463,37,6
41964546,37,7
41964716,93,3
41965001,5696,5
41965888,58924,1
41967199,1731,5
41967761,6969,3
41968913,33,6
41969881,34,2
41969919,98,3
41970226,25,4
41970392,679,7
41970495,107,2
41971487,92,7
41973635,34,4
41973931,34,2
41974673,108,5
41974954,31,3
41975096,9167,7
41975134,1985,6
41976841,35,4
41977255,76,7
41977328,14445,4
41977530,3796,1
41979753,717,7
41979914,6073,2
41981057,115,2
41982037,72,7
41982217,21276,4
41983948,59,1
41984284,9176,6
41985192,32236,6
42004819,60344,2
42032833,20311,2
42039277,54923,2
42040072,14440,3
42040151,36544,5
42042395,114,1
42045426,2554,1
42045830,897,4
42050051,16505,4
42050696,309,7
42051786,106,3
42052181,107,6
42052840,199,2
42052932,104,3
42053219,78,3
42053311,108,7
42053317,46,6
42053321,2434,2
42053480,106,5
42053489,34,1
42054007,107,5
42054205,46,3
42054720,1112,2
42054925,266,7
42055216,39,4
42055319,9632,5
42055607,36,5
42055980,158,3
42056035,44,7
42056368,107,4
42056448,7870,1
42057438,106,2
42057444,35,6
42057582,59113,3
42057756,278,4
42058053,46,7
42058081,8443,4
42058958,289,2
42059231,25576,4
42059750,48,2
42059770,107,3
42059863,52,5
42059917,35,4
42059959,45,5
42059972,210,7
42060008,106,5
42060013,46,2
42060068,8263,6
42060124,31,1
42060137,23,7
42060337,31,3
42060370,105,7
42060399,33,1
42060439,37,3
42060497,46,4
42060510,34,1
42060543,34,4
42060635,37,7
42060699,49,3
42060735,105,7
42061003,33,3
42061013,106,5
42061161,31,1
42061195,33,6
42061200,31,5
42061223,31,5
42061408,32,2
42061531,159,1
42061537,140,3
42061543,142,2
42061549,146,3
42061555,146,1
42061561,143,5
42061566,146,6
42061572,143,1
42061640,31,7
42061665,33,3
42063208,322,4
42064604,14439,3
42066470,30,3
42066536,31,4
42066599,45,2
42066905,30,5
42066987,31,6
42067001,35,6
42067120,59810,4
42067127,63720,6
42067677,49,7
42067718,47,2
42067762,58153,3
42067831,46,7
42068077,30,1
42068426,32,1
42068482,32,6
42068523,33,4
42068800,31,5
42068860,32,5
42068895,88,5
42069160,86,5
42069338,33,2
42069460,32,7
42069495,33,7
42069496,87,1
42069759,84,4
42069898,83,5
42070446,25277,7
42070924,85,5
42071539,33,5
42071915,84,7
42072265,32,3
42072371,86,6
42072510,149,1
42072938,5782,2
42073006,85,4
42074719,48,5
42075482,45,2
42075831,45,6
42079975,37,4
42080207,32,3
42089100,33,3
42094201,57,6
42095131,26,3
42096306,140,2
42102157,108,1
42102289,37,7
42102378,33,4
42102696,33,3
42103908,36355,4
42118306,160,1
42118519,281,6
42120442,10978,6
42123996,2321,5
42128033,7794,1
42128220,10234,3
42129000,115,6
42129244,62,2
42129611,26430,3
42129652,62,4
42130125,57,5
42130326,58,5
42131793,59005,7
42133091,892,6
42133142,46,4
42133473,8486,5
42133563,44,6
42134330,8812,3
42134431,45,2
42134553,31,2
42134799,31,1
42135251,2521,1
42135447,35,3
42135726,107,2
42135981,32,7
42136584,36974,7
42136769,372,1
42138493,11046,2
42138791,64834,6
42139232,119,6
42139689,133,6
42139958,58623,5
42142016,102,2
42142733,47,2
42143382,44,2
42143571,45,1
42144045,7229,7
42147766,2532,1
42149087,59706,4
42149103,64467,3
42150373,45,6
42151020,45,7
42151400,14429,6
42151636,44,4
42151960,46,2
42153337,7910,7
42154717,41,2
42155449,665,1
42155801,1270,6
42158454,34,3
42158454,19938,1
42159467,34,3
42159916,46,5
42160518,48,3
42160718,45,6
42161271,44,1
42161432,45,4
42161653,45,6
42161923,45,3
42162117,44,1
42162381,33,5
42164584,39,5
42164862,33,5
42165079,34,2
42165192,151,4
42165628,38,6
42166400,165,6
42166522,32,2
42167650,9269,4
42168570,36,2
42168593,108,6
42168668,47,4
42168817,158,6
42169090,38,1
42169196,37,4
42169874,56,2
42170954,248,6
42171743,167,5
42172027,1299,3
42172371,32,3
42172506,107,5
42173199,6930,7
42173465,93,4
42175230,657,2
42199942,16243,7
42209901,4842,2
42211339,2544,3
42211574,25569,6
42212073,54804,2
42212077,54194,5
42215285,130,7
42216362,640,7
42217182,1386,6
42217515,37,7
42218008,328,2
42218624,26947,2
42218718,328,7
42218854,2183,2
42219059,628,6
42219625,327,2
42220001,132,6
42220232,49,7
42220286,28832,1
42220534,327,7
42221091,10721,1
42221675,52,1
42224335,3812,5
42224529,122,4
42224545,117,5
42224559,427,5
42228856,3456,6
42230082,180,2
42230097,237,1
42230110,531,5
42230121,751,4
42230133,349,4
42230147,876,7
42230379,62,2
42230565,60545,1
42230617,58588,4
42231258,32,5
42232209,36027,7
42234064,183,6
42234651,73,4
42234662,72,3
42234671,59,4
42235231,35,1
42236181,141,4
42236193,1301,7
42236202,98,5
42238057,573,1
42239947,15011,1
42241079,33,5
42241102,33,7
42241188,36,4
42241234,40,2
42244566,110,6
42247288,1059,7
42247300,36660,4
42247343,12702,3
42247374,635,2
42247613,33,3
42248434,33,4
42248989,14452,6
42250000,37,7
42250332,633,3
42250484,31,5
42251493,33,5
42251945,33,5
42255544,35166,3
42255984,16232,5
42257507,33,4
42258852,32,6
42259304,32,4
42259970,32,2
42260496,33,1
42261040,76,4
42284175,10859,4
42294380,2104,2
42297621,1187,5
42305768,36,7
42305944,151,4
42306524,68,2
42313372,191,4
42314027,3135,2
42314069,5016,3
42314102,68,3
42314130,113,2
42316340,55,6
42316443,57860,5
42316997,2331,4
42323192,142,1
42324256,58006,2
42324817,231,1
42325941,63,4
42326409,59,3
42326477,67,2
42327517,59,2
42328174,66,1
42330528,35825,7
42331391,20543,4
42334000,494,1
42334161,330,3
42334529,1278,5
42334757,109,5
42335124,59144,5
42335434,59911,1
42335764,2279,3
42338161,64290,2
42344845,65,4
42345290,14432,4
42379414,99,3
42386961,14433,1
42398238,63,7
42401161,43,1
42401307,1077,4
42401499,46,1
42401500,35450,1
42401610,45,2
42401941,308,6
42402922,55506,2
42403803,112,7
42404164,60320,1
42404479,59081,6
42406823,33,4
42406940,55,4
42407700,9045,1
42407733,1897,3
42409582,1325,3
42412398,124,2
42417227,3603,5
42417308,10832,2
42420617,37,1
42426387,576,7
42426395,269,3
42426918,58,2
42427141,58,3
42427225,186,6
42427405,32,6
42427527,19443,6
42429037,64,6
42429173,63,3
42429458,347,4
42429623,33,6
42429976,2752,5
42430710,1329,4
42453793,26925,7
42456548,26190,6
42459188,28819,3
42467047,38,2
42467113,44,6
42467303,1547,5
42467338,1564,4
42467362,1373,2
42467386,2203,3
42474536,972,2
42474570,620,4
42474593,1327,6
42481009,1236,2
42481036,890,2
42481067,2140,6
42481544,1847,7
42483239,129,6
42483377,35637,6
42483417,56116,7
42483434,55371,6
42483623,39,1
42483667,561,7
42483691,429,7
42483804,728,5
42485295,406,4
42486624,4812,4
42487332,64837,6
42488017,59050,1
42488599,2925,7
42494043,2604,3
42495401,383,2
42495482,53,5
42495569,2838,7
42495698,9634,3
42496925,163,6
42496932,148,4
42496938,147,7
42496944,146,3
42496949,161,4
42496955,154,5
42496961,149,5
42496967,149,5
42497175,16363,1
42499536,152,6
42501178,160,1
42511851,1249,7
42517689,933,5
42536461,58966,4
42541573,57755,4
42545788,157,2
42554046,32892,3
42555599,3103,2
42557897,1817,6
42561466,50,4
42561703,64841,2
42562101,7228,2
42562765,47,7
42564079,85,5
42564508,10313,1
42565153,46,7
42566677,647,2
42568042,25218,3
42569317,522,3
42570287,33,3
42571025,983,7
42571708,969,3
42572278,35441,4
42574102,99,5
42575378,186,6
42577221,14429,4
42577307,9146,7
42577403,5250,3
42577467,3310,4
42583749,86,1
42587084,31876,1
42587097,8926,1
42587119,1555,2
42594822,5804,5
42594851,38,3
42594910,33,1
42594948,34,5
42594975,34,1
42596836,333,2
42596872,331,3
42599190,852,5
42599330,85,7
42601065,25482,7
42601825,235,4
42601852,245,2
42602921,359,1
42602939,364,5
42605163,653,1
42605989,72,2
42606685,59665,6
42608669,35667,3
42609859,102,2
42610004,170,2
42610897,111,2
42636640,3632,5
42639774,1159,1
42642174,2670,2
42643490,57645,6
42644365,50685,1
42645366,35604,6
42647887,6431,2
42648064,25520,4
42651609,206,5
42652021,36,1
42652454,153,5
42652466,38,1
42652777,60,3
42652792,65,4
42652799,238,3
42652864,108,4
42652960,88,5
42652982,400,7
42653096,209,3
42653114,151,2
42653128,499,7
42653222,694,1
42653236,272,2
42653254,801,7
42655285,34,4
42655334,38,1
42655458,35,2
42655557,39,7
42655627,36,4
42655747,38,1
42655962,719,4
42655963,41,6
42656090,366,7
42656313,4741,3
42656334,27949,5
42656356,16895,7
42656456,3515,4
42656520,52,6
42656833,50,7
42657126,46834,3
42657481,93,2
42659141,28270,5
42661260,45,3
42661467,550,2
42661580,603,1
42662480,4089,4
42662491,4895,1
42662501,4458,7
42662509,3536,2
42663693,10285,4
42666043,118,4
42666826,1167,4
42667112,173,3
42667212,65,2
42667757,5830,4
42667792,309,6
42668349,10037,2
42668424,108,2
42668510,2701,7
42668734,1719,5
42668884,60340,3
42669540,69,2
42669553,53,3
42669558,57,7
42669561,53,4
42669566,57,2
42670980,6117,5
42672251,111,6
42674349,8131,6
42679422,6361,7
42680306,3527,6
42684512,25,4
42687261,10284,4
42722228,57,6
42725182,114,4
42730271,610,6
42730449,4442,2
42734158,11143,1
42734464,10347,6
42735297,113,6
42737122,18773,2
42742366,35539,1
42742774,3627,4
42743936,6547,4
42745655,42,3
42745811,113,6
42746514,6024,4
42746565,40,7
42746669,34,5
42746781,41,2
42747001,42,4
42747274,41,1
42747427,41,5
42747762,41,2
42748245,95,1
42748394,33,6
42748482,47,6
42748751,72,3
42748808,42,3
42748938,35,3
42749268,33,3
42749273,39,4
42749502,52,5
42749879,49,3
42749892,15506,2
42750291,14314,6
42750298,3306,6
42750306,2366,4
42750313,39,6
42750321,1331,5
42750328,692,2
42750555,1188,7
42751411,847,3
42754800,58,1
42754987,72,3
42755006,33,1
42755110,6414,3
42755318,1067,5
42756209,12642,3
42757982,16210,2
42760110,11523,7
42760866,3061,3
42760945,3905,5
42764388,58049,4
42768310,15514,6
42772099,656,5
42772114,663,2
42772470,1352,6
42773849,57,3
42773943,17343,1
42776356,4620,3
42776823,181,3
42777127,43956,3
42806001,2983,2
42808090,45,3
42809578,3108,1
42809609,14494,5
42809988,46,7
42810077,64839,4
42810238,42,3
42810397,3628,1
42810552,42,5
42810995,35,1
42811286,36,1
42812127,34,3
42812427,180,3
42812906,4533,3
42812939,577,6
42815528,150,5
42817694,28519,6
42821398,1756,7
42825735,70,2
42827769,28261,6
42828707,138,2
42830002,14428,5
42830054,1147,3
42830267,6033,2
42831959,3147,5
42833116,4348,6
42835141,2206,4
42835837,25715,4
42837071,48032,6
42837829,540,3
42838387,78,2
42839632,16415,1
42840873,716,5
42841951,7238,1
42842873,59304,7
42843037,43497,3
42845162,532,2
42845187,14574,1
42845401,6058,2
42846111,2775,7
42847817,1781,4
42847821,3629,1
42848611,2809,1
42851781,100,5
42853295,140,6
42853423,132,7
42853484,512,7
42853534,445,2
42855343,7229,4
42855841,425,6
42855858,422,4
42855881,1157,7
42855907,1083,5
42855952,175,1
42856053,174,3
42860028,338,5
42860203,35820,2
42860937,631,6
42860953,61,5
42861085,629,6
42861599,1323,2
42862458,542,7
42865425,41,1
42865579,96,4
42865816,250,3
42867279,272,3
42868531,2943,3
42869036,158,7
42869585,7161,6
42870535,165,2
42871943,108,7
42872853,149,1
42873792,40,1
42874223,95,5
42874327,219,4
42874622,13413,2
42896160,3604,7
42901105,91,6
42901237,85,2
42901579,5414,5
42903681,10831,7
42907327,97,6
42907466,3917,3
42908030,3713,6
42911025,540,4
42911746,64838,7
42912281,41,7
42913027,333,7
42913152,39,4
42913262,150,4
42913634,531,2
42913648,378,1
42913922,66,5
42913965,1712,4
42914016,631,5
42914137,43,1
42914625,885,1
42915040,6029,4
42915399,238,1
42915417,208,2
42915449,1135,7
42915484,1191,6
42915681,2024,3
42915850,91,7
42915874,11343,5
42915904,54908,3
42916707,307,1
42917236,5184,1
42917469,47,7
42918530,32433,6
42918586,251,2
42918718,8134,7
42918933,311,1
42918999,3377,7
42919250,606,7
42920694,109,6
42922603,4567,3
42923318,126,6
42923525,1371,5
42923534,55,1
42923554,208,3
42923576,209,2
42925694,14128,6
42926225,11661,5
42926902,60518,1
42927035,1509,7
42927234,27,5
42927286,20429,4
42931165,59,5
42932390,14384,2
42932694,30110,3
42943330,36258,1
42944033,217,6
42944488,28835,4
42945438,30462,1
42951696,58971,5
42953502,3918,3
42988703,74,1
42997755,49,4
42998607,31,2
43008712,14349,6
43009219,26228,4
43025485,33,2
43029650,33085,6
43029848,10021,4
43032995,28,4
43035324,27449,5
43041696,57260,5
43041845,149,6
43044739,163,4
43067286,33,7
43074638,671,1
43075791,296,4
43080029,25,2
43080310,30,5
43081238,151,7
43081253,29,5
43083471,189,5
43088416,1428,6
43090674,7427,1
43090832,14357,1
43091357,125,5
43091596,16362,1
43091795,124,4
43091858,125,2
43096286,36217,5
43096646,1674,1
43100584,6865,1
43104252,855,6
43104996,343,5
43105472,63,4
43105708,44,7
43105900,40,6
43106074,44,4
43106397,44,4
43114562,40,3
43116601,16804,1
43116916,11803,6
43123621,55577,3
43124295,26049,7
43152017,16411,2
43163327,7320,1
43165180,42,5
43165537,9716,6
43165539,9206,4
43165542,28,4
43165545,8124,5
43165549,7609,5
43165552,7092,5
43165555,6643,7
43165558,6121,1
43165561,5581,3
43165564,4931,6
43165567,4542,3
43165570,3842,3
43165794,12432,1
43170263,5594,4
43171198,17856,3
43175061,58988,1
43178540,11882,3
43183810,44,6
43188497,58099,4
43192118,14507,4
43194246,411,2
43197504,375,6
43201970,26966,2
43204911,907,1
43206098,4650,6
43211327,5553,2
43211391,125,4
43211467,4922,5
43211479,128,7
43212062,5450,6
43214623,14076,7
43215183,13023,1
43215214,12156,6
43219028,11363,1
43219540,13046,1
43219554,536,4
43219585,8673,4
43219622,5338,3
43220451,7852,1
43220459,483,7
43244977,3582,1
43248083,3636,6
43249358,47093,2
43250477,224,7
43250703,45,2
43250924,7099,7
43250933,5091,7
43250944,42,5
43250959,1188,7
43251101,43,3
43251257,47,1
43251457,49,4
43251505,43,4
43251716,382,4
43251743,192,4
43252567,419,4
43252700,303,3
43252983,1021,1
43253971,31184,4
43254320,158,5
43255211,26413,1
43255766,29,6
43257973,109,5
43259031,8228,5
43259129,7498,4
43259169,4960,1
43259575,28841,1
43265040,1032,2
43265720,40,2
43266011,7999,7
43266043,24264,5
43266401,7817,3
43266404,7569,2
43266407,7364,7
43266410,7156,5
43266413,6959,3
43266416,6954,5
43266419,6582,6
43266422,6378,6
43266425,6194,1
43266428,5959,1
43266431,5778,5
43266434,5565,4
43266437,5369,7
43266440,5157,6
43266443,4977,3
43266447,4932,1
43266450,4564,2
43266453,4343,2
43266456,4145,5
43266460,4068,5
43266464,3884,2
43267438,51,5
43270628,32,1
43270788,27784,5
43270868,1314,1
43275135,26293,2
43275554,34063,1
43276157,12400,6
43276183,12753,3
43276794,116,3
43276807,18908,3
43277084,59006,1
43277154,59362,6
43278609,27677,6
43280759,14447,3
43282044,28122,3
43288773,29004,4
43290476,31250,3
43300513,12136,5
43300520,11983,3
43300530,11805,4
43300539,11554,4
43300552,11327,6
43300561,11450,1
43300583,482,7
43300591,11734,6
43300597,11762,4
43300603,384,5
43300611,11432,4
43300621,11426,1
43300634,11151,6
43300672,12622,1
43300677,11840,6
43300683,11676,2
43300689,6512,6
43300697,11554,6
43300704,11459,1
43304578,1222,3
43305923,7517,5
43305928,5156,2
43306065,4617,6
43306308,3671,1
43312175,6215,6
43323868,36,5
43323966,15580,2
43327032,65,7
43328475,54,3
43328672,24029,3
43328773,53,6
43328855,14373,4
43334461,45,7
43339154,6230,7
43339730,15747,6
43340177,45,2
43342747,142,7
43342758,127,7
43342805,136,5
43342834,122,7
43342856,124,3
43345029,71,3
43345106,737,1
43345148,729,6
43348400,1228,6
43349968,791,6
43350237,584,4
43351334,14398,2
43351984,1275,7
43352617,9669,7
43353848,785,5
43353888,798,6
43354613,6084,3
43354618,6213,1
43354623,6156,5
43354628,5860,7
43354632,6240,2
43354637,6043,7
43354642,5830,7
43354648,6186,5
43354653,6097,7
43354658,5989,7
43354663,6201,4
43354667,6233,2
43354672,5854,7
43354679,5994,2
43354684,5932,3
43354690,6190,1
43354695,5934,1
43354700,6018,4
43354705,6180,5
43354710,5943,4
43354715,6083,7
43354788,43,6
43355428,795,6
43355509,206,6
43355517,206,1
43355561,44,5
43355711,15650,1
43355821,200,1
43355828,196,1
43355855,191,3
43355884,197,4
43357504,2267,4
43357615,319,6
43358853,36,1
43359178,38,5
43360268,60,7
43364818,113,7
43365122,201,7
43365422,59885,6
43365438,212,1
43368222,40300,1
43373295,49,1
43374074,31341,7
43374426,35,5
43374557,86,5
43374707,82,7
43375123,9669,3
43375342,126,3
43376719,216,3
43377784,2950,7
43378058,11469,2
43378555,30574,5
43378657,205,6
43379177,125,4
43379413,133,5
43384488,2926,7
43388867,33923,7
43410748,14324,6
43412095,4570,5
43413983,1741,4
43414179,64838,3
43416751,40,3
43416832,1952,5
43419547,108,7
43420518,32,4
43420623,67,7
43422729,10830,4
43424407,82,6
43424872,67,5
43424968,15716,3
43425633,39,6
43426177,36,4
43430492,39,7
43430613,6137,6
43430903,30380,3
43430930,41,7
43431138,1258,2
43432439,3909,2
43434041,912,4
43435150,52,7
43435767,35,3
43436103,4880,4
43436266,35,4
43436412,73,3
43436633,68,5
43436694,5435,5
43436705,77,1
43436950,90,1
43437134,85,5
43437375,87,3
43437571,924,6
43437973,84,4
43438059,85,1
43438392,3618,4
43438656,68,2
43438823,67,1
43439044,62,4
43439324,256,4
43440245,223,2
43441473,106,7
43442719,313,1
43442752,109,3
43443030,59199,6
43443096,10829,1
43443184,14138,1
43443291,27,2
43443306,26084,6
43443316,32,2
43443337,33056,3
43443455,70,7
43443719,69,2
43447499,48,2
43449552,37,6
43450600,72,5
43451992,3902,7
43452336,1709,4
43453504,25460,7
43455407,5126,1
43455410,5045,2
43455413,5256,5
43455416,5099,4
43455420,4860,7
43455423,4869,4
43455426,5379,1
43455429,5121,4
43455525,4530,6
43455528,4854,3
43455531,4692,1
43455534,4541,5
43455539,5105,2
43455542,4571,7
43455545,4357,7
43455551,4967,1
43455556,4800,7
43455560,4530,5
43455563,4784,6
43455566,4992,5
43455569,4459,7
43455691,899,7
43459778,14087,7
43466428,31748,7
43466612,31,1
43466683,6042,7
43468562,16869,1
43474203,23211,3
43476451,2221,7
43499707,16668,3
43500436,12247,7
43501644,37,3
43502279,37,2
43503822,34,7
43504062,203,3
43504323,826,1
43504816,263,3
43505244,130,7
43505532,277,1
43505797,232,2
43505880,152,7
43506295,152,6
43506603,209,2
43507378,15761,5
43507934,998,1
43509967,201,6
43510047,70,6
43510290,70,5
43510505,95,7
43511127,224,6
43511719,2555,5
43513250,97,2
43513381,26982,1
43513876,18673,7
43514521,2550,7
43514706,47,3
43514942,214,1
43515609,226,6
43515980,220,1
43516805,1098,7
43518003,34,6
43518826,209,1
43520269,204,3
43520728,224,2
43521161,226,2
43523408,248,5
43523535,2554,7
43526252,15947,3
43527180,7799,2
43531651,30,2
43533197,16487,1
43533781,39,6
43533879,27742,7
43535010,203,6
43535129,163,7
43535183,34,5
43535220,89,7
43535554,36,4
43535740,125,4
43535850,77,1
43535912,117,5
43536400,324,3
43536472,23435,2
43537694,6668,6
43537857,51,7
43541489,111,1
43541807,60654,6
43542859,30394,2
43547087,22643,5
43547249,22362,3
43547580,31821,2
43549029,27038,4
43553131,165,6
43555502,4544,1
43555505,4616,1
43555508,4784,3
43555511,4437,4
43555514,4695,2
43555516,4825,7
43555519,4208,7
43555522,4471,2
43555525,5207,2
43555528,4975,2
43555531,4771,1
43555534,4524,4
43555536,4238,7
43555539,4746,2
43555542,4544,2
43555545,4856,3
43555548,5416,5
43555551,5356,5
43555554,4735,7
43555557,4487,1
43555559,5621,5
43570036,8336,2
43570070,4365,6
43570078,76,2
43570259,11635,6
43604629,57964,3
43606418,37,7
43620871,4697,6
43621043,4564,4
43621274,53,3
43622612,57270,7
43622626,8967,4
43622769,8961,7
43623395,9021,4
43623572,6123,3
43623597,5937,4
43623610,6018,2
43623621,6103,4
43623625,5958,5
43623636,5945,6
43623645,6024,7
43623649,5956,2
43623652,5953,5
43626256,2336,5
43633431,83,2
43636286,155,2
43636845,1247,4
43641287,91,7
43641393,59855,4
43657548,4899,7
43657551,5157,2
43657554,5118,1
43657557,4972,4
43657560,4883,5
43657575,4968,2
43657578,4846,4
43657581,182,5
43657584,162,2
43657587,320,6
43657590,186,2
43657593,284,3
43657596,319,6
43657615,781,3
43658067,10316,6
43658073,10280,2
43658083,9460,7
43658105,10373,5
43658108,9160,4
43658111,756,2
43658114,262,3
43658117,185,1
43658120,173,5
43658123,301,6
43658126,324,4
43658128,254,3
43658131,195,1
43658134,172,6
43658137,128,6
43658140,124,1
43658143,135,6
43658146,175,1
43658149,90,5
43658152,146,2
43658155,9945,3
43658158,9498,7
43658160,9678,1
43658163,10788,2
43658166,29,6
43673674,31873,2
43680248,7033,6
43680392,2033,7
43680505,2908,6
43680564,22845,1
43680595,6995,7
43682695,141,6
43684640,109,2
43685063,1430,4
43685244,1368,5
43685587,4289,2
43685706,4354,7
43686869,1596,7
43687066,511,6
43688616,2603,4
43688756,3394,7
43688977,2957,7
43692130,13299,2
43693210,2184,4
43693252,2820,2
43693306,2797,3
43694027,6419,3
43694066,6058,6
43694094,6035,4
43694131,5924,3
43694156,5986,7
43694194,5940,6
43694233,6077,5
43694273,5996,1
43694310,5970,4
43694343,6116,4
43694383,5958,4
43694427,5936,1
43695959,26816,6
43699461,11500,4
43708768,31629,6
43709561,30,7
43709797,2248,3
43713506,57747,7
43713573,59472,1
43715097,1239,5
43715532,6448,5
43718912,6532,4
43719038,4837,2
43719041,4940,1
43719045,4980,6
43719048,4688,7
43719051,4822,1
43719055,76,2
43719058,6186,5
43719061,6215,4
43719065,6651,2
43719068,6427,4
43719071,6205,4
43719074,5552,4
43719077,106,5
43719080,89,5
43719086,9093,4
43719089,8651,5
43719093,9525,7
43719096,8593,6
43719099,9502,1
43719102,119,7
43719105,137,7
43719107,131,1
43719110,270,1
43719113,92,2
43719116,110,4
43719119,96,1
43719122,85,3
43727860,99,2
43727940,68,2
43728190,81,2
43728416,85,1
43734073,3948,1
43736945,6683,7
43736951,2010,5
43737060,1839,1
43737110,1920,7
43737245,2487,5
43737251,2496,6
43737318,6201,1
43737342,7025,5
43761973,38,6
43763855,31376,7
43764387,3068,6
43767243,62229,2
43768597,10927,3
43768862,6130,5
43769678,55613,6
43770198,5379,5
43772248,6162,2
43774285,3915,3
43775135,951,5
43775240,29306,3
43776534,1276,2
43776599,64848,1
43780941,36,4
43781038,62,2
43781452,223,7
43781722,6385,3
43784044,41,2
43784223,10952,3
43784422,4359,1
43784456,4097,2
43784875,4404,1
43784911,4382,3
43785192,8543,4
43785228,9042,1
43785975,25954,5
43787399,110,2
43787420,23680,7
43788293,61732,5
43788339,60022,3
43788342,6163,7
43794445,31,4
43795446,31,5
43795451,31,7
43795455,31,5
43795844,29,7
43796150,29,4
43796154,31,6
43796273,34,4
43797706,30,3
43797711,31,2
43797716,29,2
43798582,33,7
43801399,31111,6
43804550,1170,1
43807181,7258,3
43807440,7252,6
43807691,7250,4
43807879,7238,3
43814350,872,1
43840169,27761,4
43841595,77,6
43842315,652,6
43846479,64835,3
43846600,3400,4
43849713,24749,7
43853657,8418,2
43854522,2729,1
43854604,1683,3
43854641,1698,5
43854766,29667,1
43855006,4584,7
43858505,64833,5
43859442,8436,3
43860026,7868,2
43862996,36,5
43864227,722,3
43864410,311,4
43865966,50,7
43866134,22584,2
43867486,863,1
43867553,145,4
43867657,8815,7
43868096,86,5
43869817,3632,4
43870510,999,6
43871425,49,2
43872858,236,5
43873328,192,2
43873552,59075,3
43873878,193,3
43874969,9672,3
43877379,10292,3
43878015,839,4
43878904,23890,1
43881954,31562,6
43884317,850,1
43884433,1428,1
43884518,1517,4
43887849,202,2
43889120,13367,2
43889128,10860,4
43889134,10295,7
43891367,33,7
43891885,127,6
43891953,34,1
43892171,5278,7
43892256,37,7
43892259,38,2
43892262,34,4
43892265,35,6
43892268,36,5
43892553,36,4
43892558,35,6
43892563,34,3
43892568,35,1
43892574,37,7
43892579,36,5
43893441,24542,4
43893897,38,6
43903829,9071,2
43903833,8693,7
43903836,8997,7
43903839,8673,2
43903843,8776,4
43903845,6080,7
43903849,8916,2
43903852,9012,2
43903855,9235,1
43903858,9105,7
43903861,9110,5
43903863,8935,5
43903866,5452,4
43903869,8524,7
43903872,8938,2
43903876,8526,5
43903879,5210,6
43903882,4946,3
43903885,9479,6
43903888,8878,1
43903891,8840,6
43903894,8613,4
43903898,8956,5
43903901,8574,6
43903905,8866,5
43903909,8637,7
43903912,8899,5
43903916,9167,1
43903920,9331,5
43907731,35,5
43908284,39,4
43925012,59005,4
43932831,64838,2
43933282,40,4
43936462,2775,4
43941855,9668,3
43942081,46,4
43942463,10331,5
43943695,1024,4
43945289,48,5
43947214,52,6
43952724,62,1
43953141,738,2
43953156,775,7
43953170,762,7
43953184,764,5
43953194,40,3
43953206,41,6
43953699,135,5
43954356,8270,5
43955132,36,7
43955381,1134,6
43955548,49,7
43955777,46,1
43956075,40,2
43956268,34,3
43956416,2501,7
43956861,48,2
43956865,47,4
43957184,2553,6
43957220,600,3
43957248,352,5
43957254,489,5
43957258,712,5
43957264,841,7
43957719,395,1
43957993,451,4
43958062,38,5
43958211,406,2
43958377,476,1
43958476,4792,3
43958481,1033,6
43958484,624,7
43958490,935,5
43958494,1370,5
43958497,2739,2
43962427,4508,3
43963114,108,6
43963350,337,3
43963907,109,4
43964057,827,3
43964060,442,2
43964588,3039,3
43964594,829,4
43964603,369,4
43964609,625,4
43964614,845,7
43964617,1265,6
43964858,4378,4
43964862,878,4
43964865,613,4
43964869,848,2
43964872,1282,7
43964876,1306,5
43965006,9669,7
43965483,34,6
43966629,180,7
43966998,3607,5
43967712,51,2
43968301,10342,3
43968301,3926,6
43969343,113,7
43969758,56612,1
43973507,2030,7
43973510,436,1
43973513,381,6
43973515,387,5
43973518,636,3
43973521,1094,4
43973635,3946,1
43973639,704,3
43973642,610,5
43973648,689,4
43973651,1173,3
43973654,1771,7
43973921,5316,3
43973929,1199,4
43973934,645,6
43973938,1347,4
43973942,36,6
43973947,7109,5
43974038,2788,5
43974041,670,5
43974045,361,3
43974050,694,4
43974054,34,1
43974058,7109,3
43974841,222,2
43974847,9867,4
43982827,10500,6
43994208,17535,6
43996996,4957,5
43997015,1092,3
43997026,670,1
43997037,973,7
43997058,1405,4
43997072,2884,1
43997124,4560,6
43997127,880,7
43997130,614,3
43997133,839,7
43997135,1434,4
43997138,1429,4
43997250,4060,2
43997253,704,7
43997256,599,6
43997259,678,6
43997261,1294,1
43997264,1899,2
43997444,5486,6
43997450,1325,7
43997454,639,1
43997456,1459,2
43997460,32,2
43997463,7123,2
43997539,4348,6
43997542,940,3
43997545,732,1
43997548,696,6
43997551,47,1
43997553,1277,5
43997719,2423,1
43997722,562,7
43997724,364,4
43997727,335,5
43997731,51,3
43997734,620,4
43998075,1536,6
43998077,292,4
43998082,214,1
43998084,281,4
43998089,544,5
43998092,858,3
43998203,7127,5
43998206,3218,6
43998209,7108,4
43998212,2442,3
43998215,4588,2
43998218,4649,3
43998382,2556,1
43998385,599,7
43998388,333,6
43998390,486,5
43998393,709,1
43998397,841,5
43998558,750,2
43998586,191,2
43998610,141,6
43998637,163,1
43998662,235,4
43998688,290,6
43998743,7128,6
43998756,1802,7
43998788,7125,5
43998814,1257,7
43998838,2322,3
43998867,2471,3
43999019,1367,3
43999024,367,1
43999035,195,1
43999041,271,2
43999048,388,6
43999055,482,1
43999365,4813,6
43999368,1038,3
43999371,7109,4
43999378,934,3
43999382,1384,3
43999387,1573,3
44002522,199,3
44003123,2634,7
44003347,420,3
44006540,711,7
44006995,3232,7
44013016,235,5
44018055,2633,5
44025782,3810,5
44025790,5390,5
44025795,4378,4
44025822,5372,4
44026479,1011,1
44026934,5142,4
44026986,41,4
44027065,34,4
44027321,544,1
44027327,450,2
44028253,200,2
44029107,10307,3
44036418,2650,1
44037200,148,4
44038480,314,4
44040822,64864,7
44040909,55,2
44041148,14350,7
44041155,3294,6
44041161,2346,5
44041169,31,3
44041176,1298,4
44041182,652,7
44043356,8444,6
44043360,8598,5
44043369,8483,6
44043375,8414,4
44043378,8454,1
44043398,8709,7
44043409,8823,6
44043413,8515,7
44043478,8571,6
44043582,8452,3
44043688,121,6
44043773,8535,3
44043855,8845,5
44043953,8446,4
44044048,95,7
44044132,139,3
44044219,8965,2
44044308,9098,5
44044405,8979,1
44044495,9009,6
44044920,1718,1
44045173,811,4
44045198,24,2
44045265,393,3
44045353,596,4
44045443,22580,1
44045461,35794,5
44046920,26975,5
44048205,2812,1
44048979,1900,7
44051111,65,5
44051616,134,5
44051919,33,2
44052094,33,3
44052330,34,3
44052426,37,7
44052675,38,7
44052683,24875,7
44054396,838,6
44055597,10481,1
44057348,832,2
44061704,1684,5
44062282,11383,7
44062294,16383,1
44068521,9668,2
44069031,42,7
44069036,43,6
44069043,43,4
44069048,34,5
44069051,33,1
44069055,35,4
44069074,2481,1
44069078,592,2
44069082,271,1
44069085,478,5
44069089,710,1
44069092,841,5
44069391,707,7
44069394,375,1
44069397,265,5
44069403,264,5
44069406,371,1
44069410,470,1
44069419,1242,6
44069422,595,5
44069425,428,1
44069429,476,6
44069432,683,4
44069434,1421,4
44069635,7109,2
44069639,1917,4
44069645,7108,3
44069648,1923,6
44069650,2768,6
44069653,7110,3
44069670,7110,1
44069673,1031,4
44069676,7108,6
44069678,983,2
44069681,1418,3
44069684,7108,2
44069931,2438,1
44069937,499,4
44069943,347,2
44069950,485,3
44069955,708,3
44069961,839,1
44069972,4752,2
44069975,937,6
44069978,619,5
44069981,930,7
44069984,1367,1
44069986,2738,2
44070501,463,2
44070892,384,4
44071376,456,3
44072367,19811,2
44085157,26685,6
44091576,27549,6
44101575,35711,6
44108085,1568,5
44110545,9668,3
44111950,60,6
44114260,914,2
44115303,490,4
44116815,24013,1
44116826,37724,3
44118509,13287,7
44121230,64836,1
44125423,217,4
44125440,22151,2
44126011,73,6
44129948,55158,1
44130936,1840,5
44133802,60588,2
44134677,59187,5
44138765,11393,3
44144911,48,1
44154660,262,4
44197414,9668,4
44201188,110,4
44204124,35716,2
44207646,52,6
44214004,1790,4
44214010,30,4
44214014,37,4
44214099,41,3
44214108,42,7
44214445,35674,4
44216624,60,5
44217134,946,2
44218009,279,3
44218824,14822,6
44224545,398,7
44224983,18525,2
44225540,8949,1
44225644,8876,5
44225756,6055,1
44225991,9033,1
44226056,8996,2
44226155,8632,7
44226249,8464,5
44226313,8448,6
44226376,8714,4
44226506,9437,5
44226692,8808,6
44226819,8657,6
44227019,8549,4
44227034,60041,7
44236511,9669,3
44241814,44,1
44242211,8884,4
44247106,29580,4
44247758,112,3
44248351,59459,1
44285336,820,2
44285855,176,6
44290311,64,3
44294946,55,2
44295049,39,2
44295742,24396,3
44297190,25709,6
44297234,37,5
44297638,13713,3
44297854,56565,1
44299310,123,4
44300745,205,3
44301384,22215,6
44301930,35,4
44302328,35,3
44302447,43,5
44302814,85,1
44303880,98,7
44304229,35,6
44304232,597,2
44304415,34,2
44304598,33,4
44305229,33,3
44305268,66,5
44305485,36,1
44305635,33,7
44306081,34,7
44306321,33,4
44306768,34,5
44307859,59,3
44308998,36,6
44309319,8357,4
44309389,8660,4
44309488,8670,2
44309516,34,3
44309573,8553,6
44309710,9290,3
44309776,32,7
44309808,9156,1
44309897,8879,7
44309973,37,3
44309993,8571,2
44310031,8923,7
44310159,223,7
44310308,35,7
44310483,352,7
44310925,33,7
44311093,73,1
44311098,35,3
44311255,3628,2
44311260,3430,6
44311262,1786,1
44311267,1038,2
44312641,1528,7
44314024,58,2
44319392,99,1
44321073,6050,2
44322659,9675,4
44324888,113,5
44325140,36,5
44325385,19583,5
44344377,3806,2
44344452,3267,6
44366008,134,3
44369231,63958,1
44369584,64444,1
44372034,9669,5
44372319,64835,2
44373142,9895,5
44378242,7573,6
44379201,47,6
44379991,141,2
44380212,935,5
44380378,981,7
44380674,9780,7
44381664,1791,3
44381668,3484,1
44381999,3757,6
44382959,8389,7
44383028,8563,5
44383148,8703,5
44383184,8934,2
44383253,8560,3
44383297,8804,6
44383359,8945,1
44383834,221,5
44386972,6758,5
44389054,48,6
44390121,57,5
44391992,1675,4
44393866,36,6
44393872,2633,1
44393906,24551,6
44393913,2571,2
44394255,19533,7
44394913,24,4
44396312,24,1
44396374,22402,7
44396524,1496,2
44396857,16233,1
44396876,11439,7
44397564,464,5
44397760,22850,5
44397767,39,6
44397832,23101,6
44397862,22920,5
44397871,57,5
44397891,23223,1
44397971,55,5
44398178,23067,4
44398201,109,3
44399105,1485,2
44399148,60776,2
44399655,31,5
44399766,625,7
44400940,31431,1
44403291,27,2
44403913,24,5
44405855,36591,7
44406317,43,2
44407621,2600,2
44409311,28033,4
44417518,22434,2
44424662,9668,1
44424783,9347,3
44426418,836,4
44426701,794,4
44437103,934,2
44437106,627,1
44437109,550,5
44437112,612,3
44437115,464,3
44437118,589,4
44437121,617,2
44437124,704,4
44437127,563,1
44437130,774,5
44437133,480,1
44437136,604,3
44437139,455,2
44437143,606,7
44437145,537,1
44437148,773,2
44437151,538,3
44437154,743,6
44437157,638,5
44437160,684,3
44437163,467,6
44437166,569,3
44437168,592,1
44437171,669,1
44437175,593,5
44437178,697,1
44437180,489,3
44437183,666,5
44437187,586,5
44437190,653,4
44452391,47,7
44457024,6130,2
44460353,24352,1
44460835,61,5
44462187,542,5
44462551,22349,6
44469496,698,1
44470073,5059,4
44473433,13683,6
44473664,1352,2
44478570,668,1
44478729,674,2
44480346,37,7
44481935,36,6
44482126,633,3
44482998,6783,5
44483448,21959,3
44486986,826,7
44489854,65,3
44489962,39,6
44490144,4271,3
44492310,39,2
44492588,41,5
44492694,18034,6
44492890,35,4
44493214,41,7
44493330,53,3
44493463,149,3
44493610,35,2
44495757,328,4
44497098,19349,5
44497324,36123,1
44498112,307,6
44499304,2814,1
44503636,257,4
44503849,98,6
44504826,116,7
44505063,79,1
44505187,132,5
44505937,151,5
44507949,28167,4
44509613,9668,5
44509699,8767,1
44512572,327,5
44531392,134,2
44535036,87,6
44537962,175,3
44538346,7011,6
44539949,4125,6
44540066,1649,4
44540102,27506,1
44542316,33,7
44542354,9668,5
44550679,27805,3
44554036,342,5
44554540,4871,4
44555234,225,6
44556094,217,7
44556512,103,4
44556518,43,2
44557634,60,7
44557877,399,2
44559727,116,7
44560189,150,1
44560802,1656,4
44560806,1592,7
44560809,869,3
44560813,141,6
44561296,145,3
44561388,7099,1
44561454,1797,7
44561645,125,5
44561693,32,3
44561750,38,3
44561876,31,4
44561916,79,2
44561939,32,4
44562028,31,2
44562112,32,7
44562239,51,6
44562337,30,6
44562410,43,1
44562420,81,4
44562457,156,2
44562495,126,3
44562499,92,1
44562860,40,7
44563095,83,4
44563164,1212,6
44564432,1874,6
44564451,196,7
44564762,108,4
44564894,3630,3
44564952,99,1
44565142,107,2
44566047,58930,1
44566110,40,2
44566153,25,4
44566422,36,4
44566505,36,3
44567149,628,7
44571431,44,4
44571549,32,4
44571798,21888,6
44571855,31,6
44571866,133,3
44571869,181,1
44572051,512,7
44572525,7090,6
44572640,1441,6
44572797,119,3
44573133,1457,7
44573154,146,6
44573782,581,7
44573913,86,4
44573927,230,4
44574242,149,2
44574437,15292,4
44574472,3629,3
44574562,735,7
44574642,729,3
44576442,435,3
44576445,239,5
44576707,2343,5
44576829,41,3
44577119,33,1
44577781,38,4
44580037,3166,1
44580044,2490,7
44580050,2118,4
44580056,1942,2
44580767,3628,5
44580770,3629,3
44580785,1875,4
44583958,4136,2
44584167,425,1
44586094,136,4
44586313,334,1
44587267,270,4
44587672,216,5
44587926,33,4
44588094,34,1
44588498,359,2
44588574,394,7
44589226,259,5
44589724,64530,6
44590827,35434,7
44590906,27873,3
44591283,35,2
44592232,33,7
44592643,32,6
44593837,113,3
44593843,121,7
44594160,401,5
44594173,412,6
44594212,16087,5
44595466,36,2
44595507,1987,2
44595516,2404,6
44595913,33,6
44596179,33,6
44596391,9668,4
44598472,327,3
44599390,327,2
44604110,327,1
44605141,328,3
44605641,327,3
44606376,35,3
44606823,35,2
44619957,1067,1
44620146,885,3
44620906,26503,7
44620983,7492,5
44620988,7558,6
44628109,3070,2
44629669,122,1
44629675,4002,3
44630750,3630,3
44630755,7140,2
44630763,7228,4
44630973,6355,4
44631609,356,7
44632457,495,5
44632999,47,3
44633111,74,3
44633223,635,4
44633783,353,1
44634280,355,5
44635527,64835,6
44637213,33,2
44637753,632,4
44638424,3643,2
44638838,34,5
44638920,186,6
44639196,139,5
44639643,127,3
44639808,6318,7
44640081,781,6
44640188,35,1
44640302,1367,2
44641462,137,2
44641631,536,3
44641735,416,3
44641797,449,1
44642542,1300,1
44642553,773,5
44642565,877,7
44642578,1180,2
44642589,788,5
44642600,991,6
44643211,22108,3
44643362,7148,7
44644233,41,5
44644854,49,7
44646521,3079,5
44646581,9692,4
44646712,122,1
44648603,24,5
44649215,596,1
44651023,53,7
44651264,549,5
44651616,49,6
44652257,1174,2
44652518,1249,2
44652535,2976,5
44652577,16502,6
44652589,11392,6
44652791,36,2
44653372,8586,6
44653944,57,2
44654027,4430,1
44654804,85,1
44655402,491,1
44656218,6263,6
44656367,49,7
44656808,39,5
44658540,4699,7
44659499,549,1
44659650,7228,1
44659975,2547,3
44661025,2544,7
44661314,60658,7
44663736,2582,3
44664020,22127,7
44665160,150,5
44665563,634,4
44667219,7240,6
44667222,621,3
44667226,350,4
44667231,217,3
44667239,2506,6
44667421,7242,3
44668437,1237,4
44669411,36,4
44670542,1838,2
44671188,50,5
44671343,98,5
44671504,111,7
44671833,441,1
44672854,109,1
44672991,34,3
44675573,2991,5
44675574,2496,1
44675838,2907,3
44675851,35510,7
44675941,7150,5
44676821,34,3
44677086,27,2
44677268,459,3
44677501,33,3
44678194,35,3
44678244,275,6
44678584,39,1
44679381,463,4
44679388,929,3
44679749,1481,2
44679758,9603,6
44680626,2102,4
44683477,2095,1
44683480,1580,3
44683484,2391,2
44683487,1472,5
44683490,292,7
44683492,294,2
44683495,296,4
44683498,291,7
44683501,297,4
44683504,297,4
44683506,223,6
44683510,243,7
44683512,97,7
44683516,79,7
44683520,79,1
44683524,97,7
44683649,33,7
44683655,32,5
44683662,33,4
44683667,38,2
44683673,37,7
44683681,33,4
44683690,33,6
44683696,33,4
44683703,33,3
44683710,32,5
44683717,34,5
44683727,36,7
44683733,32,6
44683740,32,2
44683748,34,5
44683754,37,6
44683764,45,2
44683770,34,2
44683925,33,7
44683928,38,1
44683931,34,3
44683934,33,4
44683937,34,2
44683940,39,5
44683943,34,5
44683946,34,6
44683949,40,2
44683952,42,1
44683956,43,1
44683959,43,2
44683961,39,1
44683965,39,4
44683968,39,7
44683971,42,2
44683973,56,2
44683976,56,6
44683979,60,4
44683984,53,4
44683987,58,6
44683991,52,7
44683994,51,7
44683997,50,2
44684121,61,1
44693796,43,3
44694354,1082,2
44694617,11891,3
44706102,27673,4
44714204,4607,1
44714210,3915,7
44717471,51,7
44717692,34,7
44717800,33,7
44717944,143,2
44719151,4322,2
44722326,35,6
44722408,31,7
44722573,88,5
44723038,80,7
44723138,1323,5
44723141,1401,2
44723143,1420,2
44723146,1093,1
44723149,433,3
44723152,483,2
44723154,465,3
44723157,448,3
44723160,1356,3
44723162,1373,2
44723165,114,1
44723168,564,4
44723171,420,3
44723174,314,6
44723177,274,4
44723180,183,4
44723183,591,7
44724448,55,1
44724511,126,4
44725036,138,2
44725233,92,7
44725473,67,1
44725653,2006,7
44727343,1308,3
44728175,1445,1
44728682,756,3
44729138,1105,6
44730967,896,4
44732047,110,2
44732317,5050,5
44732493,367,6
44732803,58974,5
44732971,541,6
44733185,1078,1
44733610,57,5
44733729,425,6
44734417,113,3
44735221,384,1
44735429,113,6
44735587,39,7
44735785,133,3
44740339,22124,4
44741647,5159,2
44742888,112,4
44743993,23109,2
44751610,554,5
44759648,82,5
44768549,27548,7
44775099,35701,4
44775627,6809,2
44783350,14774,7
44785426,34259,1
44796140,64834,7
44844232,135,4
44848299,32,7
44851919,4994,2
44854639,3752,3
44864792,4680,6
44880807,63,5
44886839,16990,6
44886934,94,4
44886975,43237,2
44891960,92,2
44899789,91,3
44900250,12350,6
44907675,55185,6
44908884,42,1
44909919,87,5
44910204,109,5
44910361,59241,6
44910475,37,2
44910838,4519,3
44911049,22900,1
44911086,43,6
44913197,38,5
44915604,40,7
44916060,34,2
44916695,37,5
44917231,12946,4
44917921,6351,1
44918267,36,4
44921118,38,3
44921175,9302,4
44924304,23023,1
44924358,34,5
44924456,22984,5
44924947,30764,7
44924962,36,6
44925587,33,2
44925817,32,5
44925971,1321,3
44928073,11548,4
44928080,64530,7
44928086,64529,7
44928094,64529,1
44932602,11547,1
44932608,64530,5
44932615,422,6
44932623,64528,4
44932865,22993,6
44932899,23114,3
44932912,23183,1
44932921,23274,5
44934723,27578,2
44934928,39,3
44937000,22916,6
44943848,22850,7
44945428,34,7
44946605,23101,6
44946979,23034,2
44947111,33,4
44949183,40,3
44949755,33,3
44952646,38,7
44953206,33,6
44954980,33,4
44955119,33,6
44955247,39,1
44955529,41,3
44960044,22871,5
44960202,163,4
44960461,37,7
44960527,41,5
44964258,21643,1
44966635,18037,2
44966901,23005,2
44970024,23131,5
44972208,35,3
44973290,4106,6
44973295,4187,7
44977402,8738,5
44977452,8626,2
44979749,16282,5
44982826,2608,2
44988575,1406,2
44988581,1335,4
44991677,45,7
44992197,2638,5
44993465,1424,6
44993796,2657,1
44994382,181,6
44994539,405,4
44994970,147,5
44995241,66,6
44995875,58822,6
44997132,41,5
44997172,43,2
44997224,55,3
44997246,55,1
44999026,50,3
44999253,439,1
44999264,406,5
44999725,85,5
45000162,96,5
45000746,39,2
45000820,97,1
45001126,2584,6
45001135,2507,5
45005013,35741,4
45005289,87,5
45006443,21775,1
45007616,2544,5
45007884,41,2
45009213,34369,2
45009508,144,3
45010314,585,1
45010410,53,7
45013088,2549,1
45013096,2521,5
45014032,480,7
45014576,785,2
45015751,827,5
45016751,159,2
45016994,150,6
45017398,277,5
45018714,91,5
45018854,635,6
45019467,35692,5
45021871,32,5
45026736,2555,4
45028966,32,2
45030764,2548,6
45031637,7653,5
45032237,32,7
45034582,7377,2
45036158,39,3
45036303,31,2
45036620,31,5
45039641,327,1
45040854,141,6
45040862,148,7
45040865,143,2
45040871,146,3
45040874,160,7
45040935,61,4
45050361,32821,1
45058546,114,1
45060466,35109,4
45060580,4121,6
45060586,4022,7
45061355,27984,3
45062816,49,2
45063923,27865,5
45067036,4233,7
45068775,42,7
45073650,42,6
45073653,38,6
45073663,46,5
45073666,53,5
45078742,56687,7
45078907,23105,4
45078928,55771,2
45080711,560,3
45083856,22211,5
45085664,33811,5
45086351,7749,5
45086914,185,4
45088143,24,7
45088262,23,4
45088346,120,4
45088714,160,1
45088728,36,7
45088734,329,4
45088744,44,6
45088750,53,4
45088853,29,6
45089781,46,4
45090304,327,1
45091067,3632,3
45091076,47,5
45091531,46,2
45092037,110,3
45092624,60243,2
45095697,642,1
45095997,641,4
45096237,1841,4
45096241,1842,4
45097801,1228,2
45098079,3636,6
45098461,244,7
45098472,166,4
45098941,11329,6
45099257,28,4
45099720,24049,6
45101345,54,5
45101673,31,5
45102701,84,1
45103494,142,4
45105723,52,1
45109012,42,3
45109313,52,4
45117263,59,6
45117273,61,3
45119430,35780,5
45122772,56,2
45123165,47,5
45139947,56,5
45140629,85,7
45144077,64,1
45145254,139,3
45145428,42,4
45145640,50,3
45147636,34,7
45147731,98,6
45147891,77,3
45148027,55188,1
45148033,84,6
45148159,83,6
45148586,931,5
45148632,49,1
45149585,647,4
45150344,1364,3
45154051,1005,3
45155093,54,6
45158166,641,5
45158669,55,1
45158977,24252,6
45160686,52,4
45160832,52,4
45165991,173,3
45167659,32798,2
45169321,23,5
45169965,109,5
45170662,59086,2
45172913,18254,5
45175112,107,5
45181944,52,7
45183159,22285,4
45188502,25,4
45195621,978,2
45228706,2722,5
45232797,397,7
45233522,488,2
45233897,112,3
45234310,110,4
45235180,134,6
45235251,4259,7
45238476,187,3
45238664,168,4
45239170,233,5
45239224,229,3
45239855,887,6
45241677,891,7
45244775,6446,3
45246587,32393,1
45248188,4848,7
45248194,4322,6
45248200,4072,3
45248206,3965,4
45248211,4108,1
45251044,521,6
45252435,382,4
45252453,225,6
45258188,80,5
45258415,900,4
45259192,27783,2
45260639,143,4
45261348,94,1
45261555,94,6
45263344,93,5
45270050,6977,3
45274091,32715,1
45277065,38,5
45277189,359,2
45277463,164,7
45277660,12139,2
45277797,272,7
45278835,412,6
45279330,141,7
45287756,55411,3
45300163,17422,4
45318805,22095,2
45322805,49,1
45323480,33100,4
45324248,164,6
45324976,449,7
45326532,5026,2
45326540,4450,6
45326547,4310,7
45326557,4211,1
45326564,2511,1
45326898,1059,6
45327179,248,2
45328497,977,2
45329491,89,3
45329993,3566,2
45334221,55,6
45334302,66,5
45334382,107,4
45336207,55323,4
45339557,17386,4
45341133,3629,6
45341739,43,2
45341908,528,2
45342320,119,3
45342524,44,2
45342763,435,2
45344157,36219,7
45344443,20799,3
45344473,158,2
45344880,365,1
45344941,3939,1
45345458,1510,4
45348402,101,5
45355613,1518,5
45355912,187,5
45362433,31911,4
45403530,6877,4
45403599,6265,3
45425605,36,7
45425692,1002,5
45427966,954,1
45428067,49,1
45429277,49,6
45429553,1780,3
45429553,2974,1
45431173,1509,6
45431291,3393,7
45435179,45,3
45448267,23196,7
45448280,23125,3
45448524,61,4
45448729,23088,1
45448729,23240,5
45448737,22975,1
45448829,53,3
45448838,54,7
45448842,56,7
45448860,23172,2
45449065,23037,1
45451088,35425,1
45451164,32942,2
45451171,30667,2
45451176,35573,4
45461777,20814,4
45465605,33761,2
45468911,31391,3
45492394,22934,3
45512070,35,1
45512479,30,7
45512793,30,3
45513017,121,2
45517724,414,7
45524481,7205,5
45529078,36013,4
45535310,154,5
45535616,153,5
45536896,54097,5
45537854,539,1
45538478,4612,2
45539133,549,6
45539626,406,4
45542651,34392,3
45545747,469,2
45546473,466,2
45555155,23070,2
45579568,34,7
45579668,37,1
45579688,39,4
45579703,47,1
45579717,70,1
45579732,54,1
45579924,109,4
45580017,23174,2
45580035,23246,6
45583340,4261,7
45585365,12640,5
45585804,37,3
45586199,6332,3
45586205,4626,7
45586212,2944,5
45589170,33356,1
45594808,13576,1
45596244,51,5
45596295,5251,3
45596475,111,4
45597366,55191,4
45598094,81,1
45598125,59,6
45598326,7233,5
45599599,11355,5
45599642,16155,6
45601896,27896,7
45605799,66,1
45606594,82,4
45608071,18030,1
45613786,391,2
45614491,34807,1
45614530,361,2
45614562,361,5
45614595,116,3
45618879,5322,1
45619815,30721,2
45620773,302,5
45620838,297,5
45630108,522,3
45631267,269,5
45631477,451,2
45633583,35533,6
45642726,47,1
45646498,394,6
45649867,382,3
45657567,23097,3
45667356,33111,4
45669187,112,5
45669567,157,3
45669574,76,5
45673267,112,5
45680104,5091,1
45680394,34514,3
45684091,51,4
45684104,48,6
45685080,10839,1
45685376,944,2
45694519,14432,6
45695556,30692,5
45696494,652,3
45699720,678,4
45703384,35951,6
45705140,76,3
45705147,164,7
45705171,194,5
45705650,142,1
45705713,270,7
45713230,65,4
45713755,55097,3
45725033,387,2
45725853,691,1
45733491,23074,7
45736138,54,7
45736393,53,6
45736393,54,6
45736393,53,1
45747529,133,7
45747757,12183,4
45751949,152,4
45751965,153,4
45751984,116,7
45751995,113,3
45752285,142,3
45752298,144,3
45752308,116,5
45752318,108,7
45752553,147,4
45752563,150,1
45752573,117,1
45752582,113,5
45753129,63,1
45753499,144,3
45753529,140,5
45753555,112,7
45753590,110,3
45758026,1850,3
45759329,23237,5
45761006,654,5
45761078,16229,4
45761091,11428,3
45761769,189,2
45762119,51,4
45763225,211,7
45763604,350,2
45764145,42,2
45765453,177,6
45765552,115,6
45766825,2545,1
45772274,982,6
45773094,24,2
45773272,46,3
45773447,45,2
45776486,46,2
45780132,33193,7
45780816,34701,2
45781776,18034,2
45781889,64836,4
45782205,23156,7
45786703,57,3
45789521,67,5
45793638,89,1
45793643,136,2
45793648,103,6
45794427,56358,4
45803275,23020,1
45804998,23075,2
45816123,34387,2
45834810,30613,3
45838669,108,6
45838953,454,5
45839748,55,1
45839875,112,2
45839884,108,6
45839895,108,6
45839905,25,3
45840497,1051,3
45840500,597,1
45840599,33,7
45840702,116,4
45840716,46,1
45840725,43,2
45840734,34,5
45840743,33,2
45841006,7526,2
45841100,120,6
45841109,117,2
45841125,118,6
45841135,63,7
45841144,37,5
45841151,36,1
45841159,36,2
45841528,152,4
45841543,120,3
45841553,120,2
45841565,45,5
45841573,40,7
45841582,46,4
45841593,70,3
45841747,149,7
45841780,122,4
45841789,116,3
45841798,54,1
45841806,108,2
45841815,87,4
45841823,379,2
45842013,145,6
45842023,121,5
45842031,119,6
45842040,142,1
45842049,396,4
45842058,785,2
45842068,1525,4
45843162,34,3
45843177,32,2
45843192,33,4
45843239,36,1
45843916,37,1
45843929,35,3
45843946,59,2
45844354,32,1
45844364,32,1
45844375,193,3
45845196,36,6
45845231,31,3
45845293,813,7
45845370,8718,7
45845380,7385,6
45845387,6703,1
45845394,5415,3
45845406,4623,6
45845940,34,4
45845951,978,1
45846926,10832,4
45849657,27119,1
45850899,35,2
45850987,37,7
45851073,40,4
45851164,39,7
45851444,35,7
45851523,39,3
45853538,1863,1
45853803,5999,3
45853818,7223,3
45854083,39,3
45854157,35,3
45854238,35,5
45857292,32,6
45857610,34,3
45857619,36,6
45859781,36,5
45860564,6292,1
45860575,4582,6
45860584,4704,6
45860609,4598,3
45860621,5027,7
45860634,5652,3
45860641,5088,3
45860648,5760,6
45860659,7131,4
45862368,37,7
45865238,18033,1
45870597,4390,5
45870859,35810,1
45872933,2000,3
45875946,23086,7
45876038,110,1
45876046,64530,7
45876055,64530,3
45876062,64529,5
45876415,1849,5
45878799,2358,3
45880888,49,1
45881073,44,3
45881212,44,6
45881606,47,1
45887764,2169,4
45887770,1973,1
45887775,1658,6
45887781,1487,1
45887785,1658,3
45891695,80,4
45894938,60318,2
45903984,33130,3
45904062,34451,3
45910223,23248,6
45910324,48112,1
45910403,46,6
45910410,48,1
45910415,61,6
45921492,4891,3
45921628,5011,5
45921726,34,1
45921836,4971,3
45921900,43,6
45922028,5922,6
45922142,4576,1
45922207,4876,1
45922279,5266,6
45922312,11565,2
45922318,64531,1
45922326,64528,7
45922333,64528,5
45922341,4976,2
45922425,5229,1
45922466,5661,4
45922711,11565,1
45922720,64531,6
45922726,64531,1
45922735,64531,7
45923736,11578,3
45923743,64530,3
45923751,64532,4
45923761,64536,4
45925371,51,5
45927770,30,5
45928740,107,4
45929031,48,2
45929038,4482,2
45929043,3580,3
45929048,3044,4
45929884,9339,4
45930198,27138,5
45930592,34,3
45931500,22908,5
45931569,23277,2
45932386,66,5
45933123,22902,1
45936367,35,5
45936551,924,1
45936730,11547,5
45936747,64531,1
45936758,64530,3
45936773,64528,3
45936798,59,1
45937306,56,7
45937432,2160,1
45937576,25541,7
45937702,51,2
45938856,49,5
45940157,52,2
45942322,27512,7
45942798,2243,1
45943405,2252,5
45943524,1954,7
45946742,145,7
45950907,6563,4
45952623,11146,7
45955093,42,4
45955573,2610,4
45967930,8071,4
45970249,110,6
45971328,18037,1
45974472,322,3
45991418,34132,3
46014550,204,1
46016957,22963,2
46027095,35616,4
46035876,1509,4
46036265,5351,6
46051233,28,7
46051391,408,2
46051462,25,1
46055639,109,7
46056765,58786,4
46057726,30436,4
46081243,22968,3
46093727,35392,2
46114733,3437,5
46115750,1212,3
46115753,35,2
46116522,31,1
46116703,30,6
46117328,33,5
46117717,31,1
46117974,31,2
46118206,37,1
46121420,33443,1
46121755,87,1
46122367,267,4
46122771,74,4
46123081,58,6
46123425,40,6
46124080,41,5
46124277,40,4
46125382,484,5
46127087,25275,1
46130653,120,6
46131921,396,6
46137849,56277,2
46139956,338,3
46145938,23143,3
46146395,23268,5
46146480,23008,6
46146480,23004,1
46147829,34247,2
46152837,16164,5
46153307,11261,4
46157712,30402,1
46169360,22978,7
46173504,37,4
46173514,44,6
46181854,34020,2
46188065,52,5
46188247,180,7
46191012,109,6
46191283,106,4
46191366,112,3
46191521,107,3
46191668,32,4
46193389,38,3
46193836,41,5
46194128,35,4
46202791,32240,4
46204932,35831,1
46207792,31,2
46207814,38,4
46208603,60815,1
46208935,259,4
46208948,118,3
46208962,68,5
46208976,74,6
46208988,40,4
46209000,47,2
46209011,76,2
46209032,309,5
46209046,112,7
46209060,64,2
46209071,71,3
46209084,106,3
46209097,87,4
46209110,379,1
46209132,263,4
46209155,142,5
46209169,117,5
46209186,160,6
46209197,397,3
46209208,783,2
46209219,1515,5
46209282,314,7
46209293,159,6
46209305,246,5
46209315,469,5
46209327,857,6
46209337,1811,2
46209349,3564,2
46216443,357,4
46222634,34117,7
46225137,25429,7
46234447,65,5
46251817,23065,5
46256014,23049,2
46260428,38,5
46260786,37,2
46262131,37,4
46269091,272,6
46269124,118,1
46269136,66,3
46269147,45,6
46269157,40,2
46269167,45,4
46269175,70,1
46269318,260,3
46269327,113,4
46269336,48,4
46269343,66,7
46269352,104,7
46269362,87,1
46269370,379,5
46269706,265,5
46269721,124,6
46269731,80,3
46269739,80,2
46269747,215,2
46269755,425,7
46269763,849,3
46269864,259,7
46269872,142,1
46269880,111,6
46269889,147,4
46269898,393,1
46269906,784,7
46269915,1523,4
46274946,2923,5
46277460,13429,4
46277467,9916,6
46277473,7775,2
46277480,5350,1
46277487,5002,4
46277941,1357,2
46280768,37,5
46281224,49515,4
46284879,214,5
46285753,29946,4
46288168,199,4
46288466,1298,6
46291043,109,5
46291251,59068,6
46292265,27680,6
46294910,137,6
46295774,116,2
46295903,209,2
46296214,57,3
46296855,3642,7
46296944,10865,2
46297905,47805,5
46298951,118,2
46299007,52,3
46299008,46,2
46299024,1,6
46299365,1686,3
46299486,34,4
46299558,35,4
46299648,43,1
46300030,34290,4
46300692,234,4
46301013,327,2
46301120,44,3
46301439,54,4
46302696,1307,4
46302783,1415,6
46303224,1669,2
46305478,419,5
46305923,328,2
46306027,2778,7
46306194,7228,2
46306517,3632,7
46307306,122,3
46311891,340,7
46317517,328,4
46318766,1807,3
46318886,1451,7
46319086,3630,7
46319168,844,3
46319298,33,3
46319744,55482,2
46321407,328,7
46321843,181,4
46321859,1363,6
46326753,421,5
46328282,408,2
46330312,15892,6
46355052,10579,6
46355879,31914,5
46358009,437,2
46358023,833,4
46358957,429,3
46360496,307,4
46364358,1452,4
46367268,1273,3
46369954,9235,3
46370678,1890,3
46371000,5001,7
46377162,58922,1
46377906,46,6
46379521,226,7
46380101,1706,4
46382641,885,2
46383721,544,2
46384847,47894,4
46386328,47,7
46387016,44,2
46387907,1367,5
46388064,30948,2
46388191,32,4
46388219,259,6
46388875,367,7
46388885,409,7
46388892,497,5
46389084,285,4
46389116,175,6
46389129,175,6
46389142,195,2
46389255,284,5
46389281,257,5
46389299,243,7
46389336,237,5
46389381,243,5
46389397,261,2
46390306,398,2
46391525,34,1
46395837,66,6
46395999,275,5
46396410,65,2
46396575,149,2
46397334,10231,3
46399691,148,3
46399936,91,5
46400066,666,2
46403364,576,5
46403396,331,6
46403418,315,6
46403434,292,5
46403454,426,3
46403473,312,6
46403508,318,6
46403539,340,4
46403650,30,3
46403723,29,1
46403745,30,5
46403768,31,5
46403805,32,2
46403825,37,7
46403853,31,4
46404008,35,3
46404026,32,1
46406996,750,1
46407877,462,5
46407904,440,1
46407923,402,2
46407926,750,6
46408073,378,3
46408079,378,1
46408089,378,3
46408094,393,6
46408104,410,6
46408115,431,6
46408178,366,2
46408943,34460,7
46410750,301,4
46410866,362,5
46411123,23091,7
46435511,330,6
46435533,329,2
46440095,60,4
46440497,22867,7
46442644,277,2
46442657,136,1
46442669,77,5
46442679,45,7
46442688,41,6
46442696,46,3
46442706,73,5
46442788,267,1
46442797,116,5
46442806,71,1
46442815,51,3
46442824,105,2
46442832,87,6
46442842,380,6
46442982,268,6
46442990,121,6
46442998,85,6
46443007,79,4
46443015,216,3
46443026,423,2
46443033,848,3
46443208,271,2
46443216,144,1
46443224,129,4
46443233,153,1
46443242,401,6
46443250,781,5
46443259,1515,4
46445209,82,6
46445609,114,7
46445850,15590,3
46446049,129,4
46449146,436,4
46449199,381,3
46449266,273,6
46449292,294,1
46449394,308,5
46449417,331,7
46449516,199,5
46449543,216,1
46449581,230,4
46449606,249,2
46449637,279,3
46449658,287,5
46450009,64841,3
46452185,27,7
46452239,590,3
46457587,18060,3
46457612,11453,7
46458840,351,7
46461164,11948,4
46461701,25,2
46462130,24,1
46462376,72,4
46462806,71,1
46463251,106,3
46463905,96,7
46464110,64,7
46464609,54,6
46464906,54,3
46465073,44,6
46465079,53,3
46465084,42,2
46465331,25624,5
46466643,179,3
46467527,378,6
46467668,55453,2
46468812,617,3
46468840,638,7
46468848,360,7
46468858,324,1
46468868,279,1
46468876,299,1
46468884,364,6
46468891,387,4
46468896,458,6
46468902,487,6
46468908,490,6
46469382,702,5
46469386,636,6
46469391,572,5
46469395,542,7
46469400,482,3
46469404,440,5
46469410,449,4
46469415,471,4
46469420,561,1
46469425,528,3
46469430,489,2
46469616,930,4
46469621,860,3
46469626,815,7
46469630,788,1
46469635,695,2
46469639,676,6
46469644,655,6
46469649,656,6
46469654,569,6
46469658,528,5
46469663,488,2
46469880,1174,1
46470037,1113,2
46470042,1043,2
46470046,1005,3
46470051,942,1
46470056,918,7
46470060,907,5
46470066,921,2
46470071,967,5
46470077,992,7
46470084,1068,1
46471591,79,3
46472082,247,3
46472501,116,4
46474901,9905,2
46475719,32,7
46478615,60525,4
46479708,9964,3
46479763,10090,4
46479818,9936,1
46485649,7229,4
46495716,30905,7
46499426,35403,4
46502455,23101,5
46519302,597,3
46520605,161,4
46520814,598,7
46521542,601,5
46523306,15385,6
46528008,21643,6
46529480,224,4
46531595,23457,6
46532900,212,6
46533063,61,2
46535261,325,2
46536516,103,5
46536548,208,7
46538024,195,5
46538698,77,2
46538980,34558,5
46539797,512,6
46539975,59,2
46540650,33,6
46541341,538,5
46542079,1582,2
46542136,50,7
46542190,8769,2
46543066,612,5
46543214,609,4
46543233,692,3
46543297,721,5
46543316,760,1
46543333,829,2
46543352,856,1
46544281,171,1
46545712,24704,5
46547107,2385,7
46548221,71,5
46548605,27603,2
46549384,27042,6
46549800,36463,6
46551361,214,5
46551364,166,3
46551368,182,5
46551370,170,5
46551373,175,2
46551376,183,3
46551378,190,6
46551381,191,5
46551384,205,7
46551386,201,3
46551410,206,4
46556394,36,6
46557058,11094,1
46557949,916,4
46560660,79,2
46561186,59256,6
46564007,44,5
46567484,946,7
46568689,4408,5
46569806,124,4
46569813,125,5
46569820,125,4
46569826,120,1
46583783,23202,4
46584605,34559,1
46590735,103,6
46607397,22945,1
46614303,57,7
46614729,23541,6
46619953,14828,4
46620100,16325,3
46622857,25769,7
46622931,25827,1
46622954,25861,1
46622974,25771,3
46630525,43241,2
46631628,1888,3
46634694,724,7
46636272,34,3
46636355,202,2
46636556,1558,5
46636793,528,7
46637190,23209,1
46639110,1543,1
46639654,358,4
46640060,547,6
46640855,1002,6
46642027,60154,6
46642841,1295,5
46646765,133,1
46650615,50,7
46651899,45,5
46652006,44,5
46652997,51,5
46653089,522,5
46653113,23027,6
46653212,50,7
46653540,82,2
46654083,478,7
46654784,88,5
46655757,480,2
46656093,106,5
46656280,37,1
46657158,33,6
46657353,33,7
46657472,34,2
46658006,73,3
46658010,92,3
46658014,101,3
46658018,121,3
46658647,98,1
46659381,110,4
46659385,116,2
46659391,127,4
46660261,439,7
46660265,396,1
46660267,395,3
46660271,266,2
46660273,483,3
46660276,461,5
46660280,380,5
46660284,170,4
46660287,282,2
46660290,305,5
46660293,189,2
46660539,150,5
46660542,124,5
46660545,132,3
46660547,130,2
46660551,238,7
46660554,146,3
46660557,199,1
46660560,249,1
46660563,312,3
46660566,276,3
46660570,260,7
46662538,380,3
46662824,128,6
46662831,109,6
46662837,110,2
46662845,116,6
46662851,120,2
46662856,119,2
46662861,126,6
46662866,133,5
46662871,135,1
46662875,138,1
46662879,144,5
46663069,1228,3
46663153,403,5
46663581,21465,3
46664623,137,2
46666377,39,3
46666664,34,3
46667018,33,3
46667619,33,2
46670702,34,4
46671049,30,1
46676185,33,1
46676510,34,7
46678049,82,7
46678246,59,3
46678848,58,2
46679015,80,6
46679305,35,6
46679542,33,2
46680676,33,1
46680883,34,5
46681126,39,1
46681684,34,3
46682010,34,5
46682434,39,4
46682923,34,2
46683309,34,7
46684236,34,2
46684700,33,5
46684759,35,6
46685265,33,4
46685666,34,1
46685724,34,4
46686240,33,2
46686395,33,6
46686745,35,5
46690550,28847,4
46690801,108,5
46691140,103,7
46706222,243,2
46707692,112,3
46709574,49,4
46713353,30978,4
46718784,13990,4
46720169,147,6
46720725,115,1
46721653,91,2
46723573,67,7
46724165,72,2
46724666,38,6
46724669,25884,3
46724677,25791,1
46724684,25776,2
46724690,25814,1
46724696,25760,6
46724702,25993,7
46731983,280,6
46732007,291,2
46732030,311,2
46732042,298,5
46732089,311,3
46732328,306,2
46732444,282,5
46732455,293,2
46732464,157,4
46732471,157,5
46732487,167,6
46732494,160,7
46732502,171,7
46732512,175,5
46732524,179,3
46736799,23041,1
46738149,61,6
46738347,55,3
46742141,55,6
46742707,322,5
46743804,1434,7
46746507,31,3
46746525,10843,3
46748318,184,5
46748830,148,7
46749402,144,2
46753335,108,1
46753719,59171,3
46753883,6041,2
46753915,6034,7
46763793,55,7
46775360,41,2
46775548,34,7
46775764,33,7
46781874,6038,4
46787337,1512,1
46787381,351,7
46787399,174,6
46787442,66,5
46787470,130,7
46787507,127,5
46787538,111,5
46787562,113,7
46787711,318,1
46787748,182,4
46787794,73,4
46787836,104,1
46787862,135,7
46787899,146,1
46787912,428,5
46788115,359,7
46788152,121,3
46788170,81,3
46788202,143,1
46788224,292,1
46788259,463,3
46788289,888,6
46788422,327,2
46788437,148,2
46788463,116,3
46788483,147,6
46788504,466,7
46788540,862,6
46788565,1573,3
46789899,1406,6
46790706,23105,4
46791596,1624,5
46793062,6031,4
46794787,55,2
46796653,23209,4
46797572,160,3
46798878,98,2
46798906,94,2
46800309,137,1
46800573,255,2
46801012,23980,2
46809945,59,5
46809964,50,5
46810181,156,5
46810656,101,7
46811380,88,6
46811849,115,4
46812803,36,1
46813457,40,1
46813710,90,2
46813923,93,3
46814026,323,1
46814038,133,4
46814049,68,2
46814064,56,1
46814074,43,7
46814089,62,6
46814100,73,6
46814153,294,6
46814165,159,6
46814182,79,7
46814194,51,3
46814206,131,4
46814218,113,3
46814233,384,5
46814288,270,1
46814300,124,7
46814312,99,1
46814324,81,7
46814335,215,5
46814349,441,2
46814389,88,6
46814391,846,6
46814445,272,2
46814457,172,7
46814469,123,5
46814481,141,6
46814492,414,4
46814504,790,1
46814515,1522,1
46815213,41,5
46815267,22977,7
46815318,46,2
46815681,51,3
46815960,253,1
46816154,923,6
46816211,592,1
46816797,350,4
46818535,349,2
46821212,42,3
46821342,60,5
46821534,27484,5
46823177,46,2
46834950,113,3
46835376,154,4
46835400,37,4
46839905,60078,1
46853635,28840,5
46859195,23094,1
46860957,35,5
46874540,158,6
46874867,312,2
46874877,121,6
46874886,93,6
46874894,91,5
46874903,223,4
46874915,428,2
46874924,852,1
46877621,86,5
46877934,37,1
46878124,52,7
46878339,42732,6
46878343,31730,4
46878347,43259,3
46880541,151,3
46881771,1111,2
46883849,47,2
46883855,51,2
46883862,42,1
46883937,46,3
46883942,52,1
46883946,42,5
46884651,37,2
46884841,24,1
46884906,35,6
46884915,33,6
46884927,37,2
46885006,67,2
46885014,120,4
46885023,57,2
46885388,35,1
46885492,39,1
46885726,67,7
46885847,64,2
46885971,33,1
46886078,52,3
46886086,86,6
46886098,36,3
46886138,31,7
46886739,34,6
46886889,41,5
46888909,34,4
46888935,40,2
46889177,33,4
46889378,38,7
46889522,35,6
46889756,33,6
46889865,44,6
46889872,153,4
46889877,46,6
46891353,48159,7
46892565,21462,6
46893312,28,5
46893657,25,7
46893812,24,5
46893902,24,6
46894445,152,1
46894629,25,7
46895323,7296,2
46895583,3645,1
46900834,163,7
46901118,155,6
46901322,157,2
46901657,167,6
46902977,26001,2
46904075,16271,5
46904091,11603,4
46904987,1025,2
46905229,38,4
46905476,1855,3
46905726,35,4
46905730,41,1
46905805,121,6
46905893,654,6
46908933,121,7
46909684,92,6
46909887,86,7
46910101,82,6
46910245,1849,3
46910300,68,3
46910684,104,2
46910803,138,6
46912164,40,6
46912461,47,6
46913299,1388,1
46915133,2929,6
46915628,15768,5
46915714,3352,1
46916684,35,4
46917211,6031,7
46919372,807,3
46920171,649,4
46920695,888,5
46920717,1435,3
46925180,26,2
46931341,64834,4
46959800,114,3
46960001,72,6
46960523,67,6
46960676,64,3
46960867,35,6
46960873,64,4
46961044,65,7
46963010,183,7
46963978,166,5
46965551,259,5
46967784,32295,6
46968405,108,3
46969707,34,5
46969751,125,1
46969845,182,5
46969935,33,1
46970089,44,5
46970142,136,2
46970178,40,1
46971568,19818,1
46971578,18062,4
46974329,22961,3
46974415,149,6
46974439,64830,3
46981492,173,7
46982733,7514,2
46988275,25440,1
46991296,3665,1
46991486,1594,3
47000950,989,7
47013347,23060,2
47016200,31,5
47016329,7138,1
47023946,28840,2
47039320,46322,5
47050141,822,1
47050282,65,1
47050357,61,3
47050459,63,5
47050688,72,4
47061493,7229,5
47062288,108,3
47064981,47832,5
47065637,119,6
47065767,180,1
47066275,989,5
47067890,108,7
47068243,1102,7
47068555,545,5
47068735,6953,4
47069474,64891,3
47072206,2099,6
47074495,98,7
47075222,327,4
47078695,40,4
47078722,32721,3
47078726,46805,4
47078907,181,2
47079062,144,7
47079513,26495,3
47079528,27,5
47079685,38,2
47080966,75,3
47081391,43263,2
47084087,18058,6
47092399,51,2
47092404,62,1
47092409,51,5
47095930,11279,1
47100614,48,3
47100742,43,7
47102222,23183,7
47102633,28840,6
47106504,43240,2
47124247,22865,7
47126006,43240,3
47131231,23171,7
47137433,351,2
47138131,1643,4
47138245,38,4
47140201,79,7
47141576,53,1
47141606,52,5
47141617,41,1
47142035,158,6
47142978,26,4
47142993,25,4
47143007,27,3
47144656,11292,1
47147577,33431,2
47150119,29,3
47154189,32009,3
47154746,28935,2
47155605,27,2
47158899,115,7
47159797,37,4
47163596,31,5
47174985,2009,3
47175205,28,2
47181273,38,6
47181773,39,6
47183093,7853,2
47189611,2834,5
47200750,19985,6
47218518,56090,1
47235533,219,3
47238702,153,2
47241209,192,2
47241903,155,7
47241911,163,1
47244695,85,2
47244702,113,5
47244709,60,1
47244906,137,4
47245685,60,2
47260234,45,3
47264533,56,3
47264533,22913,4
47264633,61,4
47267853,26,3
47268383,44,1
47270583,276,2
47270777,23024,6
47272383,171,4
47276476,11398,6
47279451,112,5
47279498,2427,6
47279535,3286,6
47279544,102,1
47279558,85,5
47287166,23013,7
47287760,11316,2
47299386,39,1
47306561,25586,4
47306716,191,7
47306879,1185,4
47306904,22964,2
47307237,371,4
47308348,70,4
47326169,7898,3
47328407,20168,4
47328549,6847,2
47336106,57,3
47337155,23136,6
47337541,307,6
47341115,28,4
47350267,1233,1
47350453,1234,2
47351568,1235,7
47356121,195,3
47356321,2437,5
47356385,191,1
47363988,77,3
47364006,58,6
47364027,69,2
47364129,71,2
47387284,64831,6
47389488,93,5
47395567,24,5
47397006,331,7
47397027,30,5
47397037,160,3
47397363,38,2
47397489,1482,1
47397801,26,4
47397911,160,5
47398049,43240,1
47398308,154,2
47399199,32,2
47399419,26,6
47400023,161,2
47400148,40,2
47400232,339,5
47401056,34241,1
47401062,38,6
47401557,3221,1
47401659,46,7
47401907,339,5
47402060,27,1
47402153,42,3
47403339,38,3
47403656,42,2
47403975,60,2
47404008,116,1
47404017,59,7
47404368,41,3
47404603,19942,2
47404854,59,1
47405016,43,3
47405324,97,2
47405693,27217,1
47406261,79,1
47406803,460,4
47407970,1219,1
47409387,658,7
47409689,309,3
47409779,45,3
47410104,289,3
47411622,27333,6
47412349,3670,6
47413223,187,3
47413456,411,3
47413484,129,2
47413738,395,3
47413752,659,1
47413891,879,3
47413909,526,5
47413917,2159,7
47414058,305,1
47414170,288,2
47415174,192,4
47415512,101,5
47416217,502,5
47417687,127,7
47417890,330,3
47417958,327,5
47418475,22978,1
47421775,330,3
47422208,329,3
47422690,322,4
47422768,347,1
47422845,47532,4
47423254,330,1
47423633,43256,1
47423634,322,1
47423712,113,2
47424159,65,6
47424258,3662,2
47424346,310,6
47424362,24,3
47424559,24,3
47424908,2668,7
47430378,252,5
47432016,70,3
47434616,107,1
47437458,231,7
47438046,3629,7
47444626,336,4
47446971,23286,4
47447329,97,6
47448571,61,3
47448725,40,3
47449353,60,7
47452713,327,5
47453115,67,7
47454279,281,7
47461704,145,1
47471739,26,2
47471761,25,4
47471897,25,7
47471953,22917,2
47471961,24,6
47472525,23,7
47477422,10483,5
47477586,9255,2
47478334,23011,4
47478671,7776,1
47482146,202,6
47482907,647,2
47485198,32730,7
47486234,47792,2
47490622,262,3
47490659,217,7
47490907,243,2
47491839,288,5
47491929,955,4
47492433,148,6
47492707,191,4
47492906,890,2
47493545,322,6
47493915,3253,5
47494460,184,5
47494751,4779,5
47495924,543,4
47496855,20011,1
47497862,509,7
47497909,225,2
47498043,36,5
47498260,3227,4
47498455,83,5
47499841,538,5
47500389,192,4
47501753,2519,1
47501792,336,3
47502316,74,1
47502322,5327,1
47502939,4663,6
47503194,627,1
47504634,2997,2
47504800,277,7
47504811,114,2
47504821,155,7
47504831,80,7
47504839,75,1
47504847,112,5
47504855,194,6
47504942,559,4
47505029,207,3
47505039,215,7
47505049,212,1
47505057,123,3
47505065,219,2
47505073,345,1
47505080,807,5
47505233,231,6
47505241,248,3
47505250,297,1
47505259,481,7
47505270,487,1
47505279,947,7
47505292,1810,7
47505496,272,5
47505503,255,3
47505513,479,7
47505522,435,2
47505529,850,4
47505538,1653,3
47505548,3241,4
47506469,29,5
47507103,1822,3
47509186,3622,3
47510829,1230,6
47511668,2379,5
47512385,1255,7
47513082,1413,3
47513786,1255,1
47514024,169,6
47514072,466,5
47514121,433,5
47515134,1264,6
47516639,40,7
47517272,33,4
47517547,629,1
47518306,111,5
47518998,1248,7
47520842,517,4
47521210,63,2
47523028,71,5
47529912,44,3
47530009,42,7
47530546,8106,4
47531205,66,1
47532021,550,3
47533105,20578,3
47558744,28798,3
47561341,3972,5
47562636,24306,2
47567299,375,6
47567424,1640,2
47569335,1229,4
47569566,28838,2
47570977,254,5
47570988,361,2
47571000,269,2
47571009,429,6
47571017,849,1
47571025,1657,4
47571035,3238,3
47571050,253,5
47571059,223,7
47571067,174,5
47571075,263,5
47571084,488,6
47571091,947,3
47571099,1810,6
47571123,205,4
47571133,201,7
47571141,120,1
47571149,123,2
47571157,221,7
47571164,347,5
47571172,808,7
47571236,189,5
47571246,189,1
47571253,100,3
47571261,75,3
47571268,81,2
47571276,104,1
47571283,190,7
47572364,23903,5
47572410,18470,7
47573350,23267,6
47573353,23190,3
47575772,991,1
47575832,32,1
47575889,42,5
47576254,31,4
47576930,31,1
47576991,34,2
47577189,38,4
47577267,31,1
47577440,31,1
47579393,11329,1
47579468,5235,4
47581188,75,1
47581581,187,7
47582187,253,3
47582191,191,4
47582198,303,3
47582201,285,2
47582758,1247,7
47584825,607,2
47586293,1284,6
47586318,241,6
47586328,292,3
47586338,463,1
47586348,435,1
47586355,854,5
47586363,1656,3
47586371,3245,6
47586443,176,2
47586454,234,6
47586465,281,5
47586472,258,7
47586480,485,2
47586490,946,1
47586499,1810,3
47586574,152,7
47586582,122,6
47586592,165,7
47586603,125,3
47586610,220,2
47586618,344,1
47586626,811,6
47586721,143,3
47586729,110,3
47586737,128,6
47586745,79,1
47586754,76,7
47586762,104,4
47586769,192,6
47588079,13087,3
47588201,29099,3
47589850,460,3
47590361,1242,7
47591849,1549,5
47593562,306,4
47594727,304,6
47600438,32,3
47600652,36,4
47601897,305,3
47606767,68,5
47607383,1657,4
47607785,951,3
47607982,28961,7
47608586,20004,2
47609737,44,4
47613825,55,3
47614514,1993,4
47635243,31,2
47643012,39,5
47643715,148,6
47643905,1367,2
47643938,694,3
47643951,31470,5
47644180,444,4
47644188,357,7
47644197,103,5
47644205,467,7
47644451,102,6
47644460,108,5
47644469,121,5
47644477,141,7
47644486,177,2
47644495,3638,3
47644545,2480,3
47644557,1590,5
47644566,860,2
47644574,562,2
47644582,481,7
47644589,1142,2
47651894,187,1
47651903,109,6
47651911,99,3
47651920,74,5
47651928,78,2
47651937,102,5
47651944,191,1
47651957,169,4
47651965,118,1
47651972,120,7
47651981,121,7
47651989,222,1
47651996,343,7
47652003,812,7
47652017,191,6
47652025,141,3
47652034,178,2
47652041,263,2
47652049,487,7
47652056,946,5
47652064,1811,3
47652084,167,6
47652092,206,2
47652100,270,1
47652109,430,2
47652119,852,7
47652126,1652,1
47652134,3244,1
47657162,172,5
47663086,25,5
47663247,30,1
47663420,34,6
47663696,31,7
47664018,30,7
47664575,1021,6
47664730,1018,6
47666556,100,1
47666894,91,1
47667208,172,4
47668805,47201,3
47669149,64831,1
47669287,64830,1
47674934,29,3
47675473,9619,5
47675527,29,6
47675757,3827,2
47675803,31,4
47675871,28,4
47676748,33,3
47678083,162,1
47678091,106,3
47678099,96,3
47678108,80,5
47678116,74,3
47678124,102,2
47678132,192,6
47678173,170,6
47678183,118,4
47678189,150,1
47678192,120,4
47678201,120,5
47678209,225,6
47678217,347,1
47678226,1583,2
47678262,188,7
47678270,144,2
47678278,171,7
47678286,263,3
47678293,483,4
47678302,1858,2
47678311,1807,1
47678396,206,2
47678404,178,3
47678413,266,5
47678423,434,3
47678435,848,2
47678442,2320,3
47678446,1651,5
47678456,3247,4
47678679,907,7
47678953,113,6
47679098,1343,4
47679103,696,2
47679108,441,4
47679118,353,6
47679126,391,7
47679132,468,1
47681119,1276,7
47681125,689,1
47681130,444,5
47681136,390,6
47681141,362,7
47681147,454,4
47681168,145,3
47681174,104,2
47681179,155,3
47681184,138,5
47681189,177,2
47681195,3638,7
47681219,2690,1
47681225,1708,6
47681230,962,3
47681237,551,4
47681243,479,2
47681250,1109,1
47681292,106,7
47681297,103,6
47681303,162,6
47681308,215,3
47681313,176,7
47681318,3639,7
47681340,2703,7
47681349,1514,2
47681358,925,7
47681365,538,4
47681371,479,4
47681378,1052,7
47683797,134,4
47684327,64833,1
47684956,11386,1
47700226,43256,2
47700346,107,5
47701559,62,1
47701567,112,1
47701736,42,6
47701740,51,3
47701787,36,5
47701792,31,6
47703030,36,6
47703254,44,3
47703260,34,4
47703467,61,3
47710350,116,5
47720029,23144,1
47723521,31976,4
47731096,23007,1
47732117,28841,7
47746880,77,2
47746890,101,4
47746920,192,7
47747486,3246,4
47747559,12678,7
47747610,43,7
47747621,3246,3
47747629,3248,2
47747637,3246,4
47747649,3249,1
47747651,45,1
47748531,812,7
47749766,951,3
47749774,50,5
47749864,44,1
47750888,4750,2
47751066,362,3
47751650,192,1
47751657,104,2
47751664,76,5
47751692,1770,7
47752641,41,3
47752983,6353,4
47753351,24,6
47753584,32,5
47753645,39,4
47753724,37,6
47753853,326,3
47754214,32,5
47754331,3255,6
47754646,676,7
47754720,622,2
47754842,206,6
47754847,44445,1
47755022,37,2
47755031,42,1
47755806,981,1
47756256,123,4
47756941,368,5
47757636,199,6
47758219,33,3
47758375,123,2
47758906,507,7
47759467,12662,3
47759470,235,6
47760450,114,3
47760686,2333,3
47760851,24,4
47761412,14197,6
47761419,14204,3
47763553,35584,7
47765841,24,7
47766055,23423,5
47766064,23184,7
47766070,23054,7
47766074,22906,7
47766074,23035,3
47766119,30,3
47766322,31,2
47766434,108,1
47766657,64838,2
47766794,107,3
47766997,373,3
47767464,366,1
47777616,23024,1
47788824,32,4
47791365,190,3
47797553,43239,6
47806152,26,5
47822631,33827,6
47823102,23106,2
47836241,30,1
47838864,92,7
47840124,21655,4
47846751,22989,5
47847246,102,6
47847565,926,4
47847908,77,7
47848421,2548,4
47853490,56393,6
47858537,148,4
47865705,33,4
47866103,34,7
47867831,41,7
47876488,28840,2
47879095,254,4
47882829,1485,5
47884218,272,2
47900858,464,5
47900864,482,6
47900975,340,1
47900980,342,4
47900986,365,3
47900994,361,6
47901472,443,7
47901477,614,2
47901483,614,3
47901488,615,5
47904331,84,7
47904337,80,4
47904343,82,3
47904347,52,4
47909032,32270,4
47931523,27378,1
47935302,26886,5
47937754,27309,4
47937888,31,2
47940238,86,4
47940605,1743,7
47941397,47,7
47941403,64,6
47942241,861,6
47950562,28829,7
47958033,44,7
47958729,362,6
47958734,5268,7
47966532,364,5
47971134,16109,6
48001382,12928,7
48003664,32966,3
48004094,3249,2
48004158,24743,2
48006611,2623,3
48007046,18929,6
48007592,23198,5
48007921,12888,6
48008030,239,6
48009488,64830,5
48009528,64833,4
48009809,3251,2
48009818,6447,3
48009829,3248,4
48009837,3239,3
48012457,32,7
48019691,324,3
48020736,188,6
48021822,233,4
48023277,38,1
48023531,188,1
48025419,188,4
48025956,356,5
48026673,3250,4
48026703,33,1
48027287,107,2
48030228,110,3
48030998,281,7
48032011,194,1
48032034,107,1
48035531,137,4
48048134,32639,1
48050019,130,5
48050806,118,3
48051262,113,3
48051997,109,7
48052262,110,2
48056878,564,7
48058085,95,4
48059870,111,4
48062111,25,4
48062656,126,3
48064485,108,4
48064849,23281,7
48065109,15889,7
48074074,24,7
48074541,25,7
48074542,25,5
48084667,69,5
48084845,85,6
48085202,33059,6
48085308,16241,2
48089730,810,5
48091862,23239,3
48094085,34632,5
48094720,1224,3
48095756,35349,4
48096024,1818,6
48096683,146,3
48098305,58,2
48099819,86,3
48101514,93,1
48101891,143,1
48102188,1713,3
48102265,58753,4
48103720,122,4
48104224,1699,3
48105097,153,7
48105532,483,4
48105587,9177,1
48106509,2104,1
48107052,1692,2
48107081,33,7
48108079,56,6
48108111,24099,2
48108746,5430,1
48110672,109,4
48110722,43,5
48110926,4818,5
48110970,44,3
48112120,36616,4
48112134,23546,2
48113438,150,6
48116287,6900,6
48116305,108,7
48116694,1790,2
48117955,110,5
48118467,16501,2
48118674,24188,5
48120069,328,4
48120346,28789,2
48121635,140,6
48122307,25,2
48123065,26,7
48123412,127,6
48123639,24,4
48123865,94,1
48124021,55,6
48124058,6737,7
48124206,103,2
48124962,33,1
48124969,33,2
48125492,37,4
48125534,32,6
48125566,35,4
48125762,84,3
48125896,36,2
48126150,26,6
48126256,24,7
48126715,7648,4
48126788,42,3
48126793,37,2
48126798,48,3
48126803,42,3
48126807,65,7
48126813,318,4
48126817,128,3
48128188,116,1
48128581,10519,5
48131060,34,5
48131414,33,1
48131510,36,4
48131611,36,3
48132721,36,3
48132848,40,7
48132907,37,4
48135102,42,4
48135264,40,3
48136045,93,2
48138697,47,5
48138704,46,7
48138710,48,5
48138759,33,3
48138829,33,5
48139994,201,6
48140288,6050,5
48140805,38,1
48142290,34,1
48142612,40,4
48142992,36,6
48143131,41,5
48143188,33,3
48152250,50,5
48170987,63464,1
48173734,31126,7
48176940,59886,6
48177119,60008,5
48177551,59997,5
48177697,60280,5
48178353,59915,3
48178398,59694,3
48179319,32861,7
48179433,2037,7
48179497,43,1
48179887,28548,7
48181437,2432,1
48182290,24809,2
48182847,644,5
48184548,2284,7
48191436,114,2
48191556,28,7
48191638,601,6
48191757,96,2
48192425,66,2
48192508,1829,7
48192761,66,4
48192800,7638,1
48192925,6669,2
48193356,38,6
48194766,37,4
48194883,1830,4
48195137,330,7
48198007,50,4
48203282,203,4
48203304,679,4
48204532,48,2
48204616,108,5
48205861,45,6
48205912,107,5
48206177,44,5
48206358,36,2
48206684,38,6
48206718,110,6
48207216,108,4
48207438,108,2
48207478,796,3
48207717,107,7
48208315,22777,5
48208709,65,1
48209414,55,7
48209611,46,1
48209892,1652,5
48209921,71,2
48210416,82,2
48210580,105,6
48210974,107,4
48211220,107,4
48211307,84,5
48211386,91,7
48211584,76,5
48211669,106,1
48211846,106,1
48212017,107,2
48212139,107,4
48212278,107,7
48212412,106,2
48220391,35,3
48220432,9002,2
48220584,33,2
48221105,34,7
48221312,34,5
48221481,34,7
48221726,33,5
48223403,72,7
48223410,80,6
48223435,61,4
48223885,58,3
48231374,1238,4
48233105,3887,3
48233597,63,5
48233625,26,2
48233893,25,1
48234022,3117,6
48234407,28,1
48235731,89,7
48235742,88,1
48235763,70,5
48235771,67,7
48240162,106,3
48245606,24,6
48246263,23,4
48246451,24,7
48247218,25,1
48247363,24,7
48248552,23,2
48264285,74,4
48264294,51,1
48264311,50,7
48264432,1229,1
48264465,14738,4
48264780,47,6
48266749,57,7
48266838,56,5
48266846,45,1
48266853,46,2
48266872,36,3
48266889,37,2
48268532,2285,2
48270128,484,7
48271223,708,4
48271746,682,2
48275216,314,5
48276152,18990,1
48276461,606,5
48277503,38,2
48280014,884,4
48280221,2084,7
48280780,1734,1
48281069,374,6
48281175,16206,6
48281200,33,6
48281777,62,2
48281790,147,1
48284270,101,6
48284439,107,5
48284774,18317,7
48285042,31,4
48285212,29,5
48285466,30,7
48285592,29,6
48286067,108,4
48286085,29,4
48286404,776,7
48286473,7970,2
48286482,36,5
48286694,33,3
48286852,32,7
48286949,32,4
48287381,37,3
48287884,136,5
48287919,38,2
48288165,34,7
48288370,33,1
48288774,34,1
48289347,32,5
48289555,92,7
48289969,92,6
48290069,35,6
48290172,643,5
48290324,34,1
48290365,33,2
48290447,29,2
48290459,107,6
48290784,34,5
48290918,33,5
48291263,35,4
48291433,34,7
48291586,750,4
48291682,34,7
48292501,33,1
48292509,107,1
48292742,107,5
48292854,72,6
48292882,34,5
48293016,35,6
48293536,34,4
48293554,34,4
48293702,35,7
48293819,33,1
48293948,36,4
48293999,43,5
48294044,48,1
48294064,35,6
48294099,33,3
48294476,34,7
48294633,49,7
48295079,34,1
48295158,34,3
48295276,33,3
48295579,334,1
48295783,5396,2
48296048,35,6
48296206,239,1
48296239,39,7
48296727,34,5
48296740,124,6
48297060,188,7
48297278,33,3
48297602,244,3
48297678,38,3
48297993,33,6
48298194,255,5
48298400,33,3
48298544,657,7
48298579,37,6
48299173,34,2
48299422,678,7
48299603,33,6
48300314,38,4
48303568,23154,5
48303846,4278,6
48304176,64885,7
48305191,107,3
48307914,58,5
48316854,37503,5
48318621,31,3
48318800,30,6
48318932,30,1
48324889,3659,5
48327044,23596,4
48333111,26793,3
48338569,27378,5
48340446,57,2
48340987,23678,2
48345375,25590,5
48351669,63725,1
48351835,34,7
48358962,38,2
48360227,11938,7
48364846,46,5
48365227,41,7
48366319,40,6
48369684,25,1
48370339,44,5
48370663,1892,1
48370984,127,3
48371055,36,5
48371204,817,7
48371536,33,4
48371786,33,7
48371999,33,2
48372137,41,7
48372186,33,4
48372407,57,4
48372430,33,7
48372698,58,7
48376175,35,2
48376486,33,5
48376857,33,6
48380714,39,4
48381047,45,6
48381654,38,3
48381944,5242,1
48382533,51,4
48382735,45,6
48383471,34,7
48383646,23,2
48384794,105,1
48386233,107,3
48386781,106,7
48388654,37,7
48388829,34,7
48389039,36,7
48389454,43,4
48389603,63,2
48390368,16343,5
48394225,37,6
48396207,37,6
48396920,39,4
48397709,84,1
48398104,41,6
48398523,41,4
48398824,39,5
48399625,42,7
48400795,107,4
48402320,42,1
48402791,120,4
48402977,40,4
48402991,39,3
48403826,37,3
48403831,48,7
48403837,53,5
48403843,124,6
48403848,133,3
48407163,141,4
48440829,150,4
48441155,48,5
48441291,86,5
48441521,36,2
48441527,28,1
48442005,28936,7
48442563,46,1
48442570,46,1
48442577,30,6
48442890,54,7
48442897,36,3
48443371,47,6
48445071,49071,3
48446150,113,4
48448033,108,3
48451659,3501,2
48452756,18665,2
48452771,18642,4
48452809,19852,3
48452825,18380,4
48452874,19488,6
48452884,125,5
48464194,24,1
48464198,53,2
48464202,38,6
48464206,29,4
48464469,45,7
48464476,36,2
48464680,54,5
48464686,42,2
48471095,33062,5
48474508,12421,1
48474532,23981,1
48474542,28693,3
48475148,49241,1
48477631,32752,5
48534019,32,5
48542334,64828,1
48542368,64829,3
48542398,64838,4
48543897,527,5
48543905,526,6
48543911,536,6
48543918,532,7
48543926,3632,2
48543932,562,1
48546367,32,7
48546932,35,6
48553876,25,3
48554229,51,3
48554235,38,3
48554322,23,2
48554571,24,3
48554760,23,4
48554785,42,1
48554855,38,3
48555072,140,2
48555408,138,6
48556819,7256,2
48562069,140,3
48562424,147,4
48593342,37460,7
48602371,23439,2
48608204,56,2
48608768,131,4
48613024,140,6
48613885,95,6
48614913,246,4
48614939,103,3
48615257,351,3
48618442,16278,2
48619859,64840,4
48620985,23782,2
48621368,86,3
48621471,207,3
48623011,230,3
48623587,678,7
48625117,111,2
48625518,2677,1
48625682,37715,1
48626247,30613,7
48626271,14558,2
48628305,10641,3
48629422,677,7
48629835,764,1
48633888,328,2
48635572,171,5
48638545,117,4
48638854,18033,6
48651322,124,6
48653049,3378,3
48656046,49351,4
48686746,21381,7
48692309,114,4
48693439,47,4
48696046,28631,3
48698673,640,1
48699244,4707,4
48701042,1831,6
48702584,38148,3
48703882,52,7
48704835,260,6
48713636,329,6
48713753,2367,6
48714665,743,3
48715355,199,3
48715836,37729,5
48715917,161,1
48716203,40,5
48716229,117,5
48716329,2471,5
48718459,1829,4
48719746,106,6
48720404,46,6
48720838,13169,1
48722580,44,2
48723218,38,3
48723429,53,7
48723555,48,2
48723719,42,2
48723865,98,2
48725848,41,3
48726806,739,5
48728131,220,2
48728748,117,1
48733220,19419,7
48734800,4280,3
48738469,54,5
48746113,177,1
48750535,33249,5
48763671,136,2
48772913,308,1
48778520,38111,1
48780364,64094,6
48782030,5482,1
48782073,42,4
48784064,168,3
48785984,523,4
48785989,522,2
48785994,529,4
48785999,525,5
48786007,3640,2
48787406,57,3
48791354,9963,1
48791707,2276,1
48794785,38767,7
48800871,815,5
48802659,6456,6
48803669,447,2
48803708,23594,4
48804100,1940,6
48804325,2662,6
48804451,37,3
48804698,128,6
48804886,48,1
48805131,307,7
48805141,307,6
48805433,309,3
48806073,57,7
48806082,58,5
48806108,140,3
48806778,315,3
48806803,1790,1
48807201,1764,1
48807401,51,6
48807502,288,7
48808362,114,5
48808467,114,3
48808679,111,4
48808702,121,3
48808959,35,1
48809045,275,5
48809080,41,7
48809189,236,4
48809310,242,7
48809432,646,5
48809474,59736,1
48809616,636,5
48809678,27,6
48809733,357,3
48809734,576,5
48809849,633,5
48809938,109,7
48809977,481,1
48809991,39,7
48810109,33,7
48810254,38,6
48810359,218,7
48810367,240,5
48810377,107,7
48810396,118,2
48810439,70,4
48810504,207,3
48810740,412,3
48810761,70,2
48810848,645,5
48810873,340,6
48811123,363,7
48811187,148,6
48811247,134,6
48811256,391,3
48811583,166,7
48811692,228,5
48811695,255,1
48811703,64528,1
48811930,414,7
48811984,91,6
48812048,301,2
48812245,91,5
48812292,362,5
48812445,399,3
48812779,135,6
48812904,146,5
48813105,666,3
48813464,3034,1
48813472,135,3
48813488,424,6
48813750,217,3
48813993,32,7
48814296,13211,6
48814319,191,2
48814569,168,6
48814758,425,2
48814903,254,2
48815020,28920,1
48815033,24,1
48815038,260,7
48815192,239,2
48815372,395,1
48815481,413,1
48815506,232,4
48816232,404,4
48822626,33556,4
48822779,129,6
48822785,135,6
48824085,85,2
48824187,19686,2
48825356,40,1
48827719,703,5
48828624,158,6
48829126,269,5
48829469,562,7
48830224,66,6
48833142,126,5
48833474,89,4
48834338,147,4
48834758,146,1
48835129,158,5
48838177,668,3
48838352,128,2
48838785,145,6
48839420,135,2
48839657,175,3
48839888,137,4
48841713,157,5
48845980,453,7
48845985,475,3
48849358,578,3
48849363,583,5
48849370,3628,1
48849375,3629,6
48849381,3633,1
48849388,616,7
48849729,108,7
48849735,112,4
48850547,30,5
48851444,25,7
48851449,25,4
48851459,335,3
48851705,2632,4
48851710,1642,4
48851718,907,3
48851724,559,1
48851729,478,7
48851736,1306,7
48852617,48,7
48855203,39,7
48855208,1147,1
48855213,3629,1
48855219,3629,6
48855224,2473,3
48855229,1157,6
48856938,84,7
48865460,468,7
48865974,104,7
48865988,422,5
48866173,2733,4
48866952,37,7
48867180,33,3
48867291,85,1
48867421,84,1
48867438,40,2
48867519,41,7
48870476,7232,7
48871319,146,1
48873932,138,6
48874415,16522,3
48874463,332,5
48874481,138,4
48874646,334,1
48874647,110,6
48874797,256,4
48874825,365,3
48875022,40,5
48875108,42,7
48875432,540,7
48875534,41,2
48875573,464,7
48875713,449,3
48875829,63,5
48876131,330,5
48876313,340,3
48879116,145,5
48879121,3627,2
48879126,3628,5
48879132,166,7
48879137,3632,3
48879142,178,6
48879256,333,1
48879363,307,3
48879474,345,7
48879583,332,4
48879917,346,2
48880017,225,3
48880141,268,2
48880246,239,5
48880380,220,2
48880490,249,1
48880598,213,5
48880717,222,1
48881469,638,6
48881476,36,5
48881485,37,6
48881492,3628,1
48881498,3629,5
48881505,45,3
48881512,61,6
48883977,4248,3
48886887,120,2
48887935,87,7
48888258,19366,6
48888817,146,4
48889167,40,2
48889176,43,1
48889243,85,3
48889429,5966,7
48889457,130,5
48889534,36940,3
48889665,69,2
48889711,38107,7
48889921,128,2
48890179,140,5
48890467,140,5
48890540,41,2
48890547,85,7
48890577,34,6
48890585,28,2
48890599,39,3
48890608,42,3
48890614,32,2
48890624,49,6
48890629,36,7
48890758,8163,6
48891006,53,5
48891404,145,2
48892016,327,2
48892072,154,3
48892297,143,7
48893216,637,7
48893804,126,2
48894026,107,6
48894175,47,4
48894182,50,3
48894187,335,5
48894193,41,3
48894201,46,4
48894577,268,2
48894795,207,3
48894916,190,3
48894925,192,4
48894989,289,4
48894996,226,3
48895006,264,1
48895010,239,7
48895088,112,4
48895475,150,7
48895996,148,1
48897483,150,6
48899636,24,5
48899747,25,1
48900188,132,1
48900383,39,7
48900570,664,7
48901276,327,5
48901401,828,6
48903210,104,5
48905713,103,4
48906416,142,1
48907808,146,7
48908322,150,6
48908869,23,4
48909425,24,2
48909517,1409,1
48910329,24,2
48910451,24,4
48910669,23,5
48912646,416,4
48913644,98,6
48913652,46,2
48913787,90,1
48913964,333,5
48914194,54,4
48914199,55,7
48914268,37909,5
48915241,24,1
48915295,24,5
48915464,109,2
48915524,50,6
48915529,49,4
48916104,48,4
48916114,47,7
48916639,44,5
48917222,16312,3
48917240,14434,4
48925312,25,5
48925606,334,5
48926217,245,1
48927122,218,2
48927423,207,1
48928570,379,3
48929537,68,4
48929591,107,6
48929628,106,5
48938097,23830,7
48948534,27533,3
48952448,14435,5
48955213,8429,7
48955218,129,4
48956043,146,1
48961984,254,1
48961996,219,5
48966739,28761,6
48968589,664,3
48969208,374,7
48969346,310,1
48969469,302,5
48969612,362,4
48969721,239,3
48969834,250,1
48971797,43246,2
48973297,2644,7
48977620,634,2
48977627,635,4
48977635,633,1
48977642,633,6
48977651,636,6
48977660,637,1
48977673,639,5
48977681,639,5
48977692,639,2
48977701,639,6
48977712,652,6
48977720,657,4
48977738,74,7
48977745,40,2
48977755,37,7
48977764,71,7
48977774,632,3
48977782,635,2
48978344,32,3
48978350,32,1
48978356,35,3
48978520,79,7
48979306,2223,1
48982886,189,1
48983007,213,6
48983414,356,1
48984203,160,7
48984214,582,4
48985583,299,2
48992836,329,3
48994783,328,5
48995518,53,2
48995909,56,4
48996062,40,5
48996361,39,1
48996835,653,1
48997263,47,4
48997309,38,1
48997320,4890,2
48997331,1783,2
48998162,96,2
48999896,10235,1
49000166,33477,4
49004237,4852,6
49004294,5025,6
49004345,5024,4
49004373,4984,1
49038301,38318,3
49040813,17432,1
49043456,63,2
49045289,24488,4
49050804,54,6
49051637,49,2
49051921,49,6
49052045,361,7
49052092,103,1
49052752,334,7
49052901,364,7
49053037,286,3
49053165,361,3
49053302,304,3
49053427,277,6
49053547,347,4
49053677,213,6
49053798,243,6
49053920,242,4
49054045,243,7
49054265,192,5
49054768,208,7
49054918,224,4
49054975,36,1
49054982,43,6
49054996,48,6
49055040,247,7
49055168,242,5
49056051,440,7
49057138,3142,2
49060522,110,4
49062405,45,7
49062506,48,5
49062511,48,5
49062951,48,6
49062958,48,2
49063329,51,4
49063335,46,7
49064325,25,1
49064444,42,6
49065874,46,1
49066910,23534,6
49074552,4363,7
49074677,18685,3
49078313,298,5
49078856,13358,6
49078872,13471,2
49078883,13373,1
49078891,13293,5
49079400,228,6
49080524,19307,3
49080552,19360,4
49081517,150,7
49082967,133,7
49083688,107,5
49084999,26762,7
49086282,61344,1
49086296,62059,5
49087018,77,5
49095851,28631,6
49099343,37137,7
49129437,33261,3
49132278,206,6
49132616,214,5
49132744,213,5
49134007,250,1
49134127,265,4
49134299,246,3
49134433,223,6
49134557,195,4
49134695,60036,2
49134736,178,4
49134782,21640,1
49134847,212,3
49134869,61192,1
49134895,700,6
49135535,63141,1
49135552,62571,2
49135894,300,1
49136052,61058,1
49136101,284,2
49136146,59913,2
49137131,65,4
49142789,12634,7
49146027,630,7
49146038,631,4
49146047,632,6
49146058,632,6
49146066,633,4
49146076,634,5
49146387,331,6
49146449,2494,2
49163381,16399,7
49166686,28,1
49167016,2490,2
49167534,48,1
49167545,48,4
49168236,49,7
49168517,46,2
49169216,151,3
49169534,106,5
49169544,107,2
49170217,116,1
49170230,67,5
49170240,58,3
49171198,429,4
49171206,64530,2
49171635,37760,5
49173923,18591,3
49215401,112,6
49215741,7079,7
49216032,188,3
49216820,110,1
49217089,38583,7
49217137,192,5
49217433,192,5
49217772,114,4
49219105,157,6
49221319,188,4
49221886,37,3
49222469,161,3
49222477,254,5
49222684,17453,4
49222743,190,2
49222949,189,1
49223312,157,2
49223444,215,3
49223572,279,4
49223717,259,4
49223833,203,5
49223998,255,4
49224121,330,3
49224429,311,4
49226670,243,7
49226830,193,5
49226954,201,6
49227082,236,1
49227185,187,3
49227308,222,5
49227438,372,1
49227533,48,7
49227632,263,1
49227669,257,6
49227782,50,4
49227888,95,5
49228277,447,6
49230708,33,4
49231899,261,1
49232405,120,3
49233938,72,6
49234763,249,6
49234924,192,3
49234960,72,1
49235081,112,1
49235126,153,1
49235559,143,4
49235710,73,1
49235724,115,7
49235847,814,1
49235946,210,2
49236062,222,7
49236088,72,5
49236195,184,6
49236290,280,4
49236312,211,7
49236421,211,5
49236542,213,3
49236661,316,4
49236849,267,7
49236877,11649,3
49237498,44,1
49238366,79,1
49238653,71,3
49239914,24,2
49240409,324,7
49241416,74,4
49241550,56,7
49241727,23809,2
49242170,24,7
49242805,99,3
49245217,34,6
49245390,112,6
49245411,39,2
49245417,178,4
49245726,33,3
49245801,31,1
49245949,31,6
49246282,111,1
49247364,41,4
49247795,50,7
49247871,109,5
49248133,26,4
49248208,41,5
49248472,26,7
49249022,25,2
49249112,3623,5
49250175,129,2
49251094,246,6
49251107,215,3
49251145,185,3
49251176,160,6
49251599,226,2
49251618,26,5
49251637,193,3
49251673,163,2
49251700,126,1
49251804,120,3
49252396,1824,3
49252533,9152,4
49252558,9121,5
49252573,9120,1
49252587,9216,6
49252876,223,2
49252890,190,4
49252924,163,2
49252955,130,6
49253043,25,3
49253128,24,3
49253178,25,7
49253600,235,6
49253614,200,2
49253645,168,7
49253677,137,1
49254405,25,7
49254502,118,4
49254625,104,5
49254636,112,1
49254639,116,5
49254647,108,1
49254813,123,3
49254825,181,1
49255871,227,2
49255903,11431,7
49255906,195,5
49255938,163,5
49255968,134,2
49260015,24,1
49260089,23,1
49260693,26,6
49262401,230,1
49262425,196,4
49262457,166,2
49262489,135,7
49267894,34,5
49273036,29,7
49273116,25,3
49274933,28973,2
49289064,41,2
49297925,25,3
49297969,23,7
49300129,24,3
49300132,106,5
49300135,108,6
49300140,110,3
49300147,115,5
49300150,37,4
49300153,187,4
49300966,25,1
49300972,106,1
49300982,107,2
49301941,24,2
49302015,24,6
49302988,21942,1
49304052,115,4
49304303,212,3
49304959,1222,4
49305098,1231,3
49305327,234,4
49305359,203,5
49305388,173,7
49305420,141,6
49305658,72,7
49305661,107,2
49305664,107,4
49305695,217,1
49305811,195,1
49305875,428,6
49305929,201,1
49306046,210,1
49306393,244,6
49306494,252,4
49306600,348,4
49306724,277,5
49306948,407,3
49307103,234,6
49307212,228,6
49307331,228,6
49307454,213,1
49307559,273,2
49307679,268,2
49307798,240,1
49307912,231,4
49307929,482,2
49308024,215,1
49308123,219,1
49308247,244,1
49308356,275,7
49308407,1226,3
49308447,259,7
49308447,1257,7
49308575,211,1
49308611,33504,1
49308688,236,4
49308850,243,5
49308995,23,3
49308998,242,3
49309070,23,4
49309132,312,1
49310610,14671,5
49312282,1253,7
49312474,667,7
49313198,1218,2
49313315,244,3
49313349,214,1
49313381,178,4
49313414,146,4
49313994,1253,6
49315299,7229,7
49315302,7196,7
49315306,3681,1
49315311,2004,5
49315314,1134,3
49315319,131,3
49315323,478,4
49316863,7227,6
49316866,142,2
49316874,7232,7
49316879,7231,5
49316883,7232,6
49316888,7247,7
49316911,921,4
49317393,45,5
49317592,37,3
49319485,55,7
49319696,334,2
49319862,333,2
49321588,56,3
49321599,47,1
49321613,332,3
49321629,333,4
49321648,334,2
49321660,46,3
49323163,332,1
49323591,332,4
49323934,50,7
49324227,43,7
49324701,487,2
49324808,436,6
49325044,51,5
49325054,155,3
49325065,49,5
49325077,158,6
49325086,55,6
49325095,51,5
49325107,246,7
49325108,131,6
49325117,211,3
49325127,132,7
49325135,205,3
49325139,210,6
49325152,142,3
49325162,83,7
49325175,151,5
49325176,179,1
49325184,41,2
49325194,43,4
49325204,190,1
49325208,136,6
49325212,630,7
49325224,42,5
49326016,52,4
49326022,57,5
49326033,52,2
49326046,42,4
49326066,44,4
49326167,123,4
49326177,125,2
49326885,100,2
49326896,66,3
49326906,66,2
49327113,818,1
49327120,14688,2
49327132,14689,4
49329515,23,5
49329573,3647,4
49329591,3642,6
49329594,26,3
49329607,1635,6
49329618,198,6
49329727,240,4
49330419,91,2
49330987,337,7
49331292,167,4
49331819,962,1
49332060,611,6
49332243,464,4
49332333,181,4
49332409,276,4
49332412,281,2
49332573,137,5
49332847,3634,2
49333131,4474,6
49333389,115,3
49333488,1834,5
49333886,248,3
49334003,3622,1
49334098,718,6
49334176,81,1
49334218,568,2
49334369,474,2
49334499,329,4
49335801,188,7
49336025,188,5
49336165,5670,7
49336633,1144,4
49337838,607,3
49339639,2162,4
49339648,2174,6
49340305,223,6
49340882,904,1
49341962,64527,6
49343378,200,6
49344481,213,6
49346953,146,2
49347457,113,4
49358059,24,1
49358133,24,6
49375251,27727,5
49383431,47834,7
49384222,24,1
49384295,24,1
49389241,175,3
49390389,179,7
49391112,66,6
49391787,23,2
49391830,157,3
49391860,27,4
49392543,180,1
49392927,24,7
49393564,105,4
49394069,26827,6
49394455,25,6
49394467,2781,1
49394588,106,6
49395046,106,3
49395301,106,5
49395475,106,3
49395748,110,2
49396785,38,2
49397352,36,6
49397635,40,1
49397786,116,7
49398032,302,3
49398136,108,3
49398345,27018,1
49398600,513,2
49398622,485,1
49398655,451,7
49398685,417,3
49398822,23923,5
49398842,114,6
49398977,23,2
49399059,24,5
49399852,38911,6
49400070,51,4
49400080,148,4
49400090,47,7
49400098,126,7
49400108,52,4
49400117,51,6
49400126,69,5
49400136,167,5
49400144,642,3
49400152,639,6
49400162,64,6
49400170,67,1
49400186,47,3
49400192,167,5
49400201,48,2
49400208,140,1
49400217,43,7
49400223,43,4
49401063,27559,2
49401707,224,5
49401723,191,5
49401753,158,7
49401785,130,2
49402036,290,7
49402887,170,2
49403367,107,7
49403411,23,5
49403494,25,4
49403565,232,7
49403581,202,2
49403609,171,1
49403641,139,2
49403660,82,1
49403905,230,3
49403926,194,3
49403957,165,5
49403992,131,3
49404024,79,2
49404370,229,4
49404397,198,1
49404413,7227,1
49404429,162,5
49404462,132,4
49405891,198,7
49407582,227,2
49407602,192,1
49407635,161,6
49407666,131,5
49407843,34,2
49408857,15264,4
49408869,231,5
49408895,199,1
49408922,171,6
49408954,137,7
49410396,64528,2
49412563,228,7
49412575,202,4
49412616,167,4
49412647,131,7
49412694,149,2
49413650,25,5
49413727,23,2
49414478,198,2
49414916,194,3
49415053,1183,5
49415057,107,1
49415060,114,3
49415068,134,3
49415071,134,5
49415103,263,7
49415150,236,2
49415178,200,4
49415211,154,3
49418300,24,7
49418370,23,4
49418602,540,4
49418618,541,4
49418625,547,4
49418634,481,4
49419176,85,7
49419930,188,3
49421264,111,5
49422132,543,7
49422172,512,2
49422202,479,7
49422234,445,2
49422652,94,6
49425303,89,3
49426849,93,2
49427267,106,7
49428097,1664,2
49428878,16628,7
49428983,16449,3
49434023,141,2
49434611,86,7
49436427,25,3
49436510,24,2
49444160,29263,4
49469240,127,1
49470555,19775,5
49473519,1002,3
49474006,493,2
49475157,108,5
49475401,113,3
49475507,107,5
49475840,111,6
49475983,109,1
49476148,116,4
49477183,110,5
49477571,117,4
49477861,24,2
49478149,110,5
49478353,112,4
49478815,117,1
49479186,114,5
49479211,87,1
49479271,33810,2
49479599,77,6
49479697,70,6
49479817,128,1
49480058,66,3
49480788,221,3
49480808,193,7
49480844,162,4
49480870,128,4
49482355,5739,1
49482379,5797,5
49482389,5796,3
49482400,5699,4
49483082,197,7
49483606,120,5
49484097,1307,2
49484922,53411,7
49485405,227,6
49485423,193,3
49485455,166,4
49485486,131,7
49486220,170,5
49486295,934,4
49486332,905,2
49486366,873,3
49486394,844,3
49486478,420,6
49487439,24,5
49487528,23,4
49489124,1844,4
49489349,231,1
49489370,198,4
49489402,170,2
49489439,136,1
49490060,226,1
49490094,196,6
49490121,167,1
49490153,134,2
49490205,124,4
49490741,111,2
49491333,119,3
49491549,112,2
49491607,279,5
49491627,249,1
49491659,211,2
49491690,265,1
49491698,180,5
49491891,230,2
49491914,203,1
49491946,169,2
49491977,137,4
49492712,198,3
49492747,4814,1
49493266,2711,5
49493405,230,5
49494442,946,1
49494464,915,5
49494493,886,2
49494526,849,5
49494863,23,5
49494943,23,3
49495872,60791,1
49496445,233,2
49496500,231,1
49496546,202,4
49496558,4842,6
49496578,163,6
49496615,137,1
49498331,23,2
49498381,23,3
49499109,235,7
49499505,57167,6
49499759,3068,6
49499839,19507,4
49499907,24272,4
49500067,7969,1
49500173,246,3
49500206,215,5
49500238,184,5
49500270,155,5
49500618,22253,2
49500662,284,4
49501283,217,2
49501351,153,1
49503345,19018,6
49505516,877,7
49506110,19077,7
49507163,23,6
49507236,24,6
49517024,27268,1
49518171,4508,3
49528400,29,5
49528474,24,6
49555428,122,3
49555633,648,3
49559627,2643,5
49560129,24076,3
49560705,101,6
49561617,522,6
49561740,642,2
49562020,642,2
49562533,461,3
49562671,309,1
49562991,170,5
49563554,91,7
49568392,24,3
49568463,24,4
49569536,124,7
49569864,97,2
49571180,177,3
49571210,105,1
49571442,41,7
49571956,638,6
49572315,134,6
49572426,149,5
49572600,853,3
49572716,353,2
49573202,35742,2
49574115,334,2
49574269,7481,6
49579808,118,4
49579814,146,3
49579821,134,3
49580108,19841,3
49580141,24184,7
49580172,19382,1
49581157,305,7
49581183,311,1
49582272,115,4
49584787,1836,2
49584936,12631,4
49586442,43,6
49588623,73,4
49590067,28891,5
49592129,71,3
49592256,16395,7
49592616,315,5
49592621,3945,5
49592713,44,1
49593557,39,5
49593848,39,2
49594719,131,3
49595536,130,7
49595970,130,7
49596893,39,4
49597263,288,3
49600126,943,3
49614930,1068,7
49620370,591,1
49621990,1440,3
49637031,33053,1
49655971,25,5
49662960,152,5
49663245,61,7
49663253,62852,7
49663358,18175,6
49663365,63669,1
49668693,62,2
49669475,258,4
49669484,289,6
49670522,379,2
49675212,2828,7
49678662,20839,7
49678715,20034,2
49692892,26,3
49697866,25,5
49728342,26615,7
49736803,27,3
49736881,24,5
49740518,23424,4
49752688,16216,2
49755263,3639,4
49765556,27666,1
49765629,24641,5
49769810,43257,4
49793349,24,1
49793431,24,2
49807302,33302,6
49812475,2471,3
49814017,500,3
49823454,1028,1
49826461,19606,3
49827438,1335,6
49828983,23,4
49829026,24,7
49832788,23,6
49832929,24,1
49833188,24,5
49833215,23,1
49833285,154,1
49834239,166,3
49834540,27036,5
49835756,11750,5
49839202,1396,7
49841305,4134,3
49841966,3572,7
49849200,19490,2
49855160,314,7
49861196,35453,5
49862483,36860,3
49873462,8846,3
49873533,49424,4
49880406,26,4
49880450,24,2
49882352,30,1
49901832,9382,7
49905247,24291,5
49907398,48191,1
49907743,2455,3
49907983,18123,3
49907998,19411,7
49908432,40501,6
49910968,4342,2
49913378,63,1
49913923,171,5
49915261,64325,1
49915603,43,2
49915755,142,5
49915854,336,2
49917531,30,4
49918468,5748,3
49918479,5780,4
49918491,5919,7
49918507,5769,4
49920381,19647,4
49920417,18995,2
49920562,473,3
49923090,36917,5
49925052,154,5
49925859,158,1
49926987,4625,1
49928169,41,7
49930945,282,4
49930957,649,1
49932453,38551,4
49933238,163,3
49933922,648,2
49934171,183,1
49934681,434,6
49934928,1272,7
49938109,27,3
49938120,26,4
49938145,23,6
49938146,301,2
49938183,23,4
49938222,24,5
49940306,354,4
49942610,37,1
49947882,136,2
49947902,405,6
49951067,432,5
49953268,39,3
49969417,25,6
49969492,25,5
49969660,24,2
49969759,25,1
49970040,24,3
49970112,23,2
49975007,24,4
49975048,24,6
49975194,24,6
49975205,23,5
49975242,23,3
49980234,33000,2
49995039,5266,4
50001388,202,7
50001846,109,2
50004109,18914,4
50004124,18847,1
50005672,828,5
50006141,240,7
50006709,1841,3
50007270,27540,6
50007453,1073,6
50008674,181,4
50009237,330,2
50009882,354,7
50009952,281,4
50010643,281,6
50010837,5212,5
50010911,355,3
50011074,64,4
50011882,518,4
50012003,19579,4
50016431,24,1
50016654,29,2
50016684,28,1
50017782,29,2
50017803,28,6
50017825,31,3
50017875,28,2
50017949,36,5
50018004,29,3
50018035,41,3
50018093,28,7
50023153,16420,3
50028239,25,4
50028312,23,2
50032491,23586,7
50050650,35176,4
50076975,566,7
50076983,442,2
50077021,545,5
50077108,691,2
50077159,190,7
50079725,27886,2
50079875,32974,1
50081581,287,6
50081749,779,6
50081854,1433,1
50087298,40240,3
50124405,21388,1
50125108,42129,6
50126196,20811,4
50126222,148,4
50166962,137,2
50166987,57842,1
50174261,175,7
50177499,570,1
50177568,862,3
50177574,68,7
50178988,37,1
50179592,7233,5
50189942,313,2
50215116,28682,6
50236972,105,3
50251070,33175,2
50251073,29186,3
50258774,14569,1
50265647,101,4
50267139,67,2
50278778,16921,2
50288573,23638,4
50288799,46857,5
50289065,35258,7
50289478,35399,4
50289560,37323,6
50296099,27288,2
50310849,47649,5
50312188,23856,1
50324019,26888,5
50344002,6404,5
50344880,2262,5
50345193,26972,5
50346169,59,2
50359023,21640,4
50359063,1847,5
50359288,89,6
50360147,662,5
50360972,590,5
50361624,636,1
50362299,1021,7
50362546,104,5
50362624,6168,6
50365330,2586,1
50365888,49,4
50369706,12891,4
50370387,39044,4
50371099,2649,1
50392954,28562,2
50399716,123,3
50400509,1642,6
50402313,1603,3
50405026,1615,6
50407574,1595,3
50409766,1615,7
50412233,3450,5
50417755,966,5
50421134,64840,1
50421739,66,2
50421830,64,7
50425047,2968,2
50425485,64188,2
50429693,51,6
50429798,3648,4
50430548,161,2
50431119,108,6
50431918,49,4
50433594,112,2
50436539,68,5
50436551,219,6
50436564,68,4
50436571,145,1
50436579,56,5
50436586,73,1
50436602,68,7
50436617,643,6
50436628,64,6
50436636,244,2
50436644,67,2
50436651,60,1
50436665,46,4
50436677,296,4
50436691,40,4
50436704,195,1
50436719,63,6
50436729,59,3
50438619,23,6
50439059,381,6
50439753,105,5
50440046,22,6
50441572,47783,3
50441950,22,5
50442799,26771,3
50444882,2533,5
50445830,1,6
50446742,19009,4
50446772,18763,2
50447425,46,6
50447789,37739,5
50448008,23,6
50448329,23,7
50448700,42,1
50449436,176,5
50451289,35,6
50453226,19938,5
50454795,3482,6
50457256,25,2
50460423,19236,4
50460437,19176,7
50460447,58021,4
50460454,64842,2
50465753,64862,7
50466138,34,6
50466605,263,2
50469490,256,5
50470132,33,2
50470656,36,2
50470879,38,4
50471089,34,7
50471269,2089,4
50473334,451,1
50474139,28841,3
50475855,31,6
50475971,77,4
50476146,35,2
50476696,150,3
50477096,34,3
50477207,34,6
50477309,87,1
50477438,42,6
50477531,33,2
50477759,57,5
50478815,177,1
50479585,73,7
50479946,71,5
50480221,71,4
50480559,36,4
50481050,296,5
50481333,33,4
50481592,33,3
50481651,234,2
50482332,48,6
50482426,42,3
50482861,231,6
50486983,3497,2
50490116,3544,5
50497243,3254,2
50500061,33427,4
50503784,3030,4
50508305,3480,2
50511127,1439,1
50511293,2131,3
50511499,4120,3
50511518,32509,5
50512823,916,5
50513617,3435,5
50514820,3432,5
50515099,633,4
50515220,24650,7
50516328,1119,5
50518450,64840,1
50518456,880,6
50518780,3633,7
50519103,3424,6
50519798,326,5
50519827,664,4
50520749,329,2
50520797,3603,3
50521286,1239,3
50521301,328,5
50521571,289,6
50521661,74,2
50521697,328,3
50521939,34,3
50521948,328,3
50521958,328,4
50522083,33,3
50522203,270,3
50522478,5423,5
50522557,236,1
50522605,1842,6
50522955,58,7
50522982,1117,5
50523032,328,2
50523298,5433,2
50523492,227,4
50523508,6550,4
50523911,34,1
50524094,158,6
50524511,3041,2
50527777,27,7
50527851,23,3
50528058,434,3
50528577,1049,2
50528679,34,6
50529589,1168,5
50529707,50,1
50529714,30,7
50529901,233,6
50529910,215,2
50530547,7244,5
50530576,230,3
50530689,324,4
50530879,36,5
50531370,238,1
50531472,39,7
50531486,35,5
50531570,324,5
50532413,3630,1
50532861,242,5
50533246,48,2
50533414,330,2
50533575,166,4
50533706,46,7
50533726,111,1
50533793,64106,1
50534026,625,7
50534099,45,5
50534267,853,1
50534581,50,2
50534748,114,4
50535374,958,2
50535991,22644,2
50536698,263,1
50537884,37,7
50538811,922,3
50539694,629,5
50539906,6466,2
50540005,902,6
50540048,3630,7
50553799,48,5
50553908,1084,3
50555479,1264,6
50555547,978,3
50555844,629,2
50557120,629,1
50559592,294,1
50560608,25679,6
50560774,667,3
50561225,17824,7
50562388,292,3
50563303,7229,3
50567006,328,6
50572568,2627,4
50573380,1284,6
50574250,114,2
50575324,21634,2
50576596,116,1
50578092,27,1
50579127,27,7
50580011,114,3
50580632,120,3
50584082,113,6
50588401,1329,5
50588627,85,6
50589178,120,5
50589858,170,5
50590893,128,1
50591204,3645,5
50591588,14862,5
50591907,130,5
50596061,1706,3
50597487,3404,3
50598561,2411,5
50605293,86,4
50605312,237,4
50605330,56,3
50605356,294,7
50605376,187,3
50605400,58,6
50605411,265,6
50605423,61,1
50605460,64,5
50605513,640,5
50605527,60,1
50605635,246,2
50605694,59,2
50605707,70,3
50605725,46,2
50605741,293,6
50605757,45,1
50605773,218,7
50605788,48,5
50605807,56,4
50606139,328,2
50607050,341,4
50608023,328,6
50609262,325,7
50609552,193,1
50609637,7047,3
50613283,194,1
50614246,47,3
50615183,120,2
50616771,467,2
50617723,328,5
50618327,329,4
50618669,329,3
50618847,340,7
50618855,330,1
50618875,333,4
50618887,328,4
50618948,332,2
50618952,35,2
50619093,453,2
50619754,67,2
50619759,63,2
50619766,52,5
50619772,44,5
50619778,37,2
50619787,35,7
50619879,31995,1
50620089,48,5
50620129,65,3
50620139,50,5
50620145,45,6
50620150,35,7
50620157,36,4
50620162,37,4
50620397,46,4
50620594,154,2
50620639,116,1
50620971,45,4
50621387,50438,6
50621398,111,1
50622238,46,2
50622562,111,7
50622741,21629,6
50622762,21630,4
50622794,21631,1
50622948,222,7
50623361,33,6
50623777,39,5
50624001,329,2
50624071,15931,6
50624239,51,2
50624557,23,5
50624680,190,6
50625144,53,4
50625155,214,4
50626397,191,7
50626994,59,6
50627529,5792,3
50628018,44,3
50628212,49,7
50630484,937,3
50632762,936,4
50634185,327,3
50638759,2414,4
50648107,53578,1
50650468,268,6
50653412,24,7
50657772,25928,6
50659578,54,5
50662493,58,5
50662954,116,5
50663288,118,2
50663375,868,4
50663641,116,4
50663644,3407,1
50664253,803,6
50665123,3410,4
50681945,3413,1
50691796,6334,1
50691864,328,5
50696133,188,7
50697769,937,1
50697797,24,2
50697873,24,2
50699234,34,2
50700315,35,7
50700359,192,2
50701150,26,6
50701223,24,6
50701497,789,3
50701907,118,3
50702170,79,3
50703023,23401,7
50703506,24,7
50704191,67,7
50705527,24,7
50705579,65,7
50705699,23,7
50706481,25,6
50707632,7195,7
50707648,19079,4
50709275,24,7
50709380,24,5
50709466,88,3
50711391,328,7
50711405,328,4
50714867,194,6
50715482,4819,5
50715867,27682,3
50732198,190,1
50734839,23856,6
50736675,216,4
50737602,26,2
50743289,328,6
50745499,3426,2
50746375,42,6
50766537,64837,3
50770584,717,3
50772952,1947,3
50778041,8355,6
50779476,25,3
50779550,23,7
50779651,123,6
50779762,2598,2
50788328,40,5
50788799,34,4
50789335,58,3
50789493,3273,4
50790885,195,7
50795549,196,3
50797342,190,2
50798269,189,6
50809299,205,1
50814163,327,6
50815636,34,6
50816680,36,3
50818397,190,3
50820239,190,5
50821157,191,6
50822536,50,2
50823495,38,4
50824623,160,4
50824705,6657,6
50838117,446,7
50838579,502,7
50838995,94,4
50839213,335,6
50841417,33,1
50857086,38,4
50862703,64313,1
50865280,8304,3
50873034,31,4
50873599,213,1
50873886,326,3
50874284,327,7
50874299,331,3
50874647,329,5
50875606,38,7
50875959,24,7
50876032,23,7
50881758,327,3
50887247,8320,6
50887288,8302,1
50887734,28132,1
50887754,28837,7
50888062,32,4
50888217,4110,2
50890532,328,2
50902366,319,3
50907613,201,5
50909412,329,1
50909758,327,3
50909826,8250,3
50910163,38,6
50911190,34,6
50911265,326,1
50943955,3644,1
50944774,3639,3
50944845,3639,4
50945007,3661,3
50955788,44,5
50956035,260,6
50956059,188,2
50956094,8801,4
50956102,5277,1
50958346,32129,4
50964105,47,3
50964532,106,6
50964672,429,5
50965245,402,2
50970037,171,2
50977577,44,3
50983487,48,4
50990241,168,7
50991946,3430,4
50993325,5331,2
50995850,85,1
50995938,3360,2
50996434,23447,2
50999245,415,6
50999619,558,1
51000218,21673,4
51004561,3398,5
51024085,64841,1
51025157,123,4
51025300,64059,5
51031760,58,2
51032739,3556,5
51032763,28184,1
51073615,205,2
51075458,137,3
51079094,24,2
51086813,321,6
51096614,23266,5
51096682,27876,3
51096789,24,3
51099711,26003,5
51105149,7162,7
51108303,3720,5
51108314,140,7
51108323,133,6
51108330,159,7
51111515,34015,4
51111759,43031,2
51111943,140,6
51111991,25187,4
51112098,5729,2
51115868,383,1
51115895,435,1
51115900,486,4
51115948,2587,3
51116084,416,3
51116155,153,7
51124165,4039,7
51125897,51,3
51126257,30018,2
51126440,243,1
51128745,32940,4
51129034,126,2
51129525,284,7
51129743,240,4
51129888,640,6
51130010,305,1
51130693,148,2
51130896,236,7
51131229,520,3
51131353,208,1
51131572,286,2
51131716,1060,5
51131731,1080,6
51131744,249,7
51131804,317,5
51131813,650,1
51131820,312,5
51131917,339,7
51132269,72,1
51133547,82,6
51133914,3126,5
51134319,52843,1
51135191,58187,1
51135246,154,2
51135347,165,7
51135367,151,2
51135392,204,1
51136882,7317,4
51137686,79,7
51138036,68,1
51138399,4040,6
51139910,58,2
51139926,69,7
51141849,40211,6
51141964,145,1
51143861,32,3
51143948,29,5
51144158,132,6
51144267,3645,7
51144427,7246,7
51146975,10833,5
51146988,10838,2
51146994,4206,4
51147001,4216,1
51148270,1793,7
51151656,23148,1
51156820,32092,6
51158380,3672,6
51158387,3651,1
51158393,3656,2
51158747,1857,4
51161882,7289,1
51176633,14481,6
51181497,82,7
51183105,48,6
51183968,25,1
51184589,29,5
51184930,24,5
51184995,25,2
51185074,24,6
51185439,25,4
51185611,24,1
51186076,23,2
51186693,23,1
51186815,106,3
51187247,25,5
51187354,24,2
51196300,43236,7
51196499,43236,1
51196691,24684,1
51201534,75,4
51205320,152,2
51206135,55,3
51206209,43273,2
51207629,10077,3
51211823,39,6
51213595,4618,7
51213758,5894,2
51213851,95,4
51214952,523,2
51215548,2049,7
51215922,73,1
51217199,64838,3
51217668,351,6
51217795,78,1
51218026,54,6
51218191,5303,6
51218583,8191,2
51218944,77,6
51219434,78,5
51220936,1189,1
51222356,6611,4
51224210,2340,2
51224474,80,2
51226814,3754,6
51227233,74,2
51228861,68,2
51229534,64408,7
51229582,62,5
51230030,32,3
51230117,33,1
51230405,55,7
51230526,65,6
51230803,5728,4
51231766,49252,1
51234056,793,4
51234132,59,1
51234259,4361,4
51234330,1078,7
51234401,4113,5
51236843,5108,3
51238488,21522,7
51241632,4339,2
51252571,5313,5
51257632,5064,6
51257753,4870,4
51258022,21634,2
51259684,5339,3
51261017,6209,3
51262658,21633,5
51266531,64840,2
51282483,24453,6
51286762,35,6
51294948,40,5
51295219,50,3
51296662,11224,2
51297160,56592,4
51299413,3770,4
51299693,180,4
51299858,348,3
51301228,2706,7
51304400,41,4
51310664,9103,5
51314127,109,7
51316640,938,6
51318735,52491,3
51320617,1289,6
51320628,115,5
51321168,241,4
51321346,261,4
51321700,233,4
51322560,21450,1
51323244,234,3
51323409,43,7
51323692,430,4
51324391,264,2
51326218,8408,4
51329389,1282,7
51331274,5439,4
51331338,30,7
51332168,116,3
51332705,794,1
51333719,83,5
51337762,111,7
51343876,11016,6
51346129,8270,6
51353204,112,4
51353215,113,5
51355345,110,2
51355350,109,1
51355428,1523,6
51355444,1916,4
51355711,666,6
51355720,1138,6
51357783,2223,3
51357887,1974,3
51358761,2840,6
51358774,40,7
51365776,69,7
51366083,190,4
51366552,116,7
51366701,124,7
51366921,131,2
51367432,157,3
51367535,87,1
51367538,97,6
51367541,1228,1
51367543,49,5
51367546,101,5
51367549,66,5
51367551,109,2
51367554,57,6
51367557,74,4
51367562,101,5
51367564,95,7
51367567,117,5
51370553,23164,2
51374800,322,7
51375184,8906,1
51377123,221,4
51378008,958,6
51379764,694,4
51384249,26278,6
51384547,337,2
51385453,337,2
51385698,337,2
51385996,32,7
51386101,35,3
51386263,7671,5
51386663,8208,5
51386804,337,7
51388260,38993,1
51388292,141,4
51388587,307,5
51391288,779,3
51392369,85,4
51392814,337,5
51393306,338,5
51394176,1230,3
51394214,1822,7
51396107,2034,3
51399673,75,1
51399743,77,3
51399955,78,4
51400034,102,3
51400262,25,3
51400349,758,2
51400516,2247,3
51401944,7460,3
51403312,1615,1
51403369,109,7
51406810,70,1
51406861,179,1
51408515,1528,4
51408527,1916,1
51409708,3794,2
51409720,45,5
51410216,36,3
51410372,1852,7
51410419,2054,6
51422994,32389,6
51448469,64839,4
51449137,64869,7
51457778,26141,4
51462400,2920,2
51466393,7247,7
51466580,7246,2
51466760,7246,3
51466869,7244,6
51466956,7239,7
51475296,96,3
51475910,8042,7
51480962,15030,1
51485335,225,4
51493518,10908,5
51513890,276,5
51516456,3992,7
51518417,63,3
51522309,21642,7
51522435,21648,2
51522516,21634,1
51522596,21642,7
51522675,21643,3
51523003,5994,6
51523146,12506,5
51535245,585,6
51535290,871,5
51535349,1052,5
51535419,1453,1
51537600,1752,1
51546198,1647,6
51553355,317,7
51555137,629,1
51558063,2361,5
51558481,17602,5
51559002,60,1
51561438,316,1
51563081,322,4
51565457,355,2
51566458,2284,6
51566473,3557,3
51566499,4285,3
51566519,4317,4
51568036,454,5
51568096,3631,3
51571652,20597,6
51571923,2154,7
51571976,3393,2
51574180,25,4
51574261,49,4
51575792,170,7
51577240,228,1
51579443,315,4
51580390,3023,5
51583349,44,5
51583662,34,6
51586303,23132,4
51594209,74,2
51594264,26071,7
51594448,21640,1
51594453,21641,1
51594458,21643,6
51594463,21635,5
51594468,31,5
51618664,26705,5
51628552,38,5
51628759,190,5
51628909,10503,7
51628963,1136,2
51630145,1513,7
51630859,64281,1
51631274,109,7
51631292,44,4
51631721,1857,2
51632694,34,1
51632799,45,2
51634245,60814,3
51634707,207,1
51635025,842,2
51635987,1126,3
51637291,678,3
51639074,1985,5
51640716,74,2
51640828,141,6
51641261,43233,2
51641574,1343,3
51645530,23075,5
51645575,34,6
51645797,765,7
51646566,572,6
51647119,21632,4
51647264,347,3
51648000,20430,2
51648015,21635,1
51648029,21634,7
51649678,56846,2
51654221,108,3
51654776,63,7
51654802,52,5
51661413,711,2
51665558,45,6
51666765,43229,4
51667271,680,1
51669657,3632,4
51673402,6560,6
51682216,211,1
51682632,26228,5
51685571,21633,5
51703979,18323,6
51720045,114,1
51720610,51,3
51720676,272,5
51720955,10895,1
51721568,21635,5
51725543,59202,2
51727147,26349,6
51729308,4013,6
51732103,10836,1
51732652,8586,3
51734873,3449,7
51734879,2989,6
51734889,1937,2
51734898,939,6
51734933,2683,5
51738197,5027,5
51739607,28169,1
51739842,3638,7
51739993,2736,4
51741930,359,4
51743828,61,3
51744084,60,5
51744643,10835,1
51744653,233,5
51744662,109,7
51744725,4953,3
51744731,4936,4
51745435,44,7
51746688,44,3
51747656,28,3
51754366,354,5
51754855,355,4
51755574,354,6
51755703,93,4
51755918,27,2
51756336,357,1
51759580,3295,7
51759661,188,6
51760363,18338,4
51763881,126,5
51777630,3559,4
51777656,43240,4
51777728,43243,4
51777753,22665,3
51777769,22184,4
51778015,1951,6
51783365,32819,6
51783425,34802,2
51801173,2010,5
51801485,10835,6
51808278,64593,3
51812727,18035,1
51812941,352,6
51813374,382,3
51817927,2401,6
51817960,786,1
51817981,66,2
51819390,4001,3
51822110,98,5
51822119,552,2
51822126,4955,5
51822136,109,1
51823258,7651,5
51823530,668,1
51824430,50448,6
51824661,72,3
51825064,284,1
51825589,288,1
51826682,47,4
51827194,38,6
51827298,290,6
51827548,33,3
51828363,33,5
51829129,174,4
51829299,21016,6
51830807,20720,4
51830835,19395,7
51831046,95,1
51831749,37,3
51831988,33,7
51832165,33,6
51832637,69,4
51832771,27543,6
51832775,98,7
51832995,190,2
51833058,451,7
51833292,4855,3
51834292,41,1
51834563,10833,2
51834582,10833,6
51834598,10897,5
51834610,4026,3
51839051,135,6
51839434,181,2
51840263,187,7
51841037,72,5
51841352,200,4
51842636,34,6
51842653,107,5
51850262,8777,2
51851593,181,6
51851843,1516,7
51852948,1303,7
51853316,18241,5
51854608,241,4
51854792,1531,1
51854972,1110,4
51856470,942,3
51858526,21639,4
51859274,3933,5
51864464,114,7
51865435,436,7
51865491,453,6
51868702,94,3
51869260,79,6
51870205,56864,2
51871032,1181,6
51872014,7108,5
51881540,15505,4
51887110,41,1
51887395,43,1
51887738,50,4
51887896,327,7
51889539,7239,1
51889553,7237,3
51890571,25234,5
51892269,21640,3
51892277,330,2
51893473,91,4
51894108,64,3
51894286,2720,6
51895946,2416,1
51898819,1987,5
51899478,3389,5
51899656,38079,3
51900760,8369,7
51905047,43,1
51905634,8204,3
51907314,7063,2
51907910,18591,7
51908520,46,2
51909055,18376,7
51909406,3034,3
51909914,18287,5
51909949,21637,6
51911582,65,6
51913223,21673,5
51913506,21637,1
51914547,214,3
51916429,37,5
51916455,41,3
51916553,38,1
51916615,115,1
51916655,327,4
51916764,54,4
51916958,350,4
51916995,33,2
51917272,63,3
51917553,36,3
51917568,734,3
51917738,87,2
51917754,57,1
51918447,196,1
51918823,277,4
51919121,217,6
51919348,246,1
51919616,279,5
51919914,107,1
51920574,73,2
51921043,56,4
51921270,73,7
51921498,41,1
51921903,41,1
51922046,150,5
51923594,234,6
51924008,1946,5
51926354,50220,6
51927869,98,1
51929803,108,1
51936778,25992,4
51942574,38,2
51942616,36,4
51942792,37,7
51942811,39,6
51947326,995,7
51947398,35,5
51948110,8149,6
51948238,21665,1
51950518,1358,2
51960431,17942,3
51964134,24,3
51964208,25,3
51968413,116,4
51974021,2735,5
51979541,7336,3
51980404,69,6
51980716,10145,5
51981836,82,4
51983363,1337,5
51986304,9930,5
51989698,25,6
51989812,448,2
51990729,84,6
51990842,434,3
51991489,27739,6
51991939,33,1
51992626,32,3
51992688,32,6
51993098,33,2
51993634,30,3
51993709,32,7
51993868,31,4
51993989,32,2
51994889,341,2
51994957,43238,3
51994981,43237,1
51995107,31465,1
51995112,12338,4
51995391,3633,7
51995807,31217,2
51997180,119,3
52003743,194,4
52004765,192,7
52005165,260,2
52005451,2285,7
52006026,185,6
52006660,24464,7
52013545,8203,3
52019621,55440,7
52020502,41,7
52023293,34000,3
52025320,5772,5
52029711,64851,1
52031227,1584,1
52032369,43255,6
52032912,43265,3
52037789,293,3
52037796,2349,4
52041405,30363,7
52074938,292,4
52087134,289,5
52088634,21645,5
52090283,25,1
52090323,23,3
52095556,64843,7
52099361,335,2
52100127,349,2
52103871,264,2
52104129,121,7
52106275,17976,2
52106705,55,3
52106901,99,7
52110932,357,1
52111522,355,6
52111656,421,3
52146338,30384,4
52148141,109,7
52156628,39855,6
52159415,24737,6
52164653,17947,5
52167365,185,5
52167751,181,6
52169434,182,2
52169982,183,2
52170750,182,4
52171599,183,7
52174217,184,1
52175372,370,4
52176310,69,3
52180253,693,5
52182023,8142,5
52190898,16963,3
52194818,87,3
52195518,71,3
52195989,103,1
52196126,74,6
52196488,86,6
52196747,78,2
52197071,77,5
52197903,468,2
52198684,71,4
52198748,88,3
52199040,87,5
52199277,89,7
52199425,712,4
52204305,1506,4
52234764,64497,6
52238108,606,7
52239099,468,1
52239571,107,1
52239803,697,6
52240072,106,2
52240169,43258,2
52240698,4013,2
52241188,137,6
52245207,111,3
52245559,64095,1
52247860,42623,6
52250769,30700,2
52251234,65,5
52253023,1430,2
52253062,16710,4
52256837,26110,7
52256895,15350,2
52257344,1662,1
52260822,50,3
52263638,1229,2
52264844,50,2
52266845,2540,5
52277396,14668,5
52288054,26,6
52288143,24,3
52299581,571,5
52304693,570,3
52305826,542,7
52307869,563,4
52309718,1594,1
52315849,1589,2
52315901,3410,7
52316627,578,6
52319061,39751,7
52320475,69,1
52321177,35,3
52321275,61,6
52323418,58067,6
52345584,62,5
52345789,67,7
52346526,43260,6
52346746,25,5
52347112,44026,1
52347516,1835,4
52347763,1836,1
52349839,28,6
52350735,39,6
52353774,18066,3
52357366,17934,4
52357491,25,3
52360478,115,5
52360495,9033,4
52360512,9031,4
52360524,9033,1
52364851,18006,2
52368230,15403,1
52368244,16914,7
52368254,8955,6
52370781,114,5
52392085,7914,1
52395798,27599,7
52401427,1479,6
52417190,1598,1
52418719,34198,5
52424107,532,4
52424427,679,6
52425011,202,7
52425177,106,1
52425362,88,2
52425495,36,3
52426420,8148,3
52431854,211,2
52432997,14704,4
52433585,36,4
52434475,28014,1
52435187,33,6
52435462,46,2
52436244,33,4
52436344,45,5
52436385,116,3
52436676,17952,7
52436881,9041,6
52444466,1637,1
52445460,24,2
52445532,24,5
52464915,120,5
52465669,14319,7
52465679,14818,3
52465691,15085,6
52465703,14414,1
52470168,27828,2
52472067,1833,6
52488922,18006,7
52495877,3880,2
52499089,15366,1
52501426,9310,2
52501502,8706,7
52502764,17673,4
52503418,1898,6
52503466,82,1
52505134,16437,7
52506146,53027,3
52506458,5566,1
52508194,8160,4
52510078,56817,4
52512914,325,3
52513555,26259,2
52515045,28048,4
52518189,7991,1
52519908,1063,1
52521409,727,1
52522196,157,5
52522576,94,5
52523038,547,7
52523600,1523,5
52527527,7257,3
52537556,26204,1
52539665,88,1
52548298,177,5
52550753,18026,6
52551045,110,4
52573285,25,6
52578559,197,6
52587662,8844,5
52589884,14759,6
52599390,64854,2
52604898,38539,1
52610323,53079,3
52612775,18051,1
52630749,27952,5
52636191,17993,7
52639383,17861,5
52639386,17861,6
52644607,483,3
52671303,153,5
52679205,2272,3
52689311,25627,4
52692328,477,4
52693178,10451,7
52693266,19553,2
52707480,27927,7
52707576,152,4
52716915,29031,1
52725770,28087,4
52743801,34646,3
52743857,27916,4
52744904,27926,7
52770102,17989,7
52770158,25860,6
52772873,18162,7
52784208,469,3
52789705,180,1
52799311,17841,5
52800996,17990,6
52802454,433,3
52809506,8168,3
52813361,109,7
52813749,111,6
52814126,107,7
52814357,111,3
52816175,27,2
52828954,9944,3
52829067,24,7
52834478,18187,3
52839142,61894,7
52839213,61624,4
52849743,14230,3
52853819,478,3
52857346,33156,5
52858420,40103,3
52859055,26,7
52873219,623,4
52873256,629,4
52873301,1229,3
52873375,3629,7
52875343,30339,3
52875998,324,1
52876511,231,5
52876693,175,6
52876834,197,1
52876953,283,3
52877047,436,7
52877215,936,5
52882638,693,6
52888277,1553,7
52894584,8183,4
52923381,18162,4
52931078,30363,4
52932125,5700,1
52933983,1532,3
52944659,27,1
52944731,24,5
52948925,18067,6
52950632,64528,2
52956836,29,4
52957162,109,4
52957514,457,3
52966953,18131,5
52972827,109,2
52978244,19221,3
52983263,56566,1
52985083,43,6
52992328,59123,7
52994231,28,7
52994275,24,5
52994434,24,1
52994508,25,5
52996441,24,7
52997756,25,6
52997981,24,2
52998051,24,7
53003440,18220,7
53017327,47,2
53023185,1061,1
53033469,317,1
53035111,8189,6
53035670,55,1
53036606,26162,5
53042777,529,1
53045411,17889,5
53045449,8096,3
53045482,9033,6
53045505,6779,5
53045506,25,2
53047393,18210,6
53050219,32,6
53050239,32,5
53050247,34,5
53050255,46,5
53050267,60,4
53050275,65,4
53050283,94,5
53050434,171,3
53051198,195,7
53051221,125,1
53051284,103,3
53051291,76,7
53051299,89,1
53051309,89,6
53051321,130,3
53051329,208,3
53054766,24,1
53054840,24,5
53064011,64832,3
53064031,64834,5
53064049,64833,5
53064077,64830,1
53072106,25987,5
53085402,26131,1
53087979,24,6
53088315,24,4
53089866,24,2
53096207,24,1
53096277,24,7
53097314,57,7
53099863,2256,1
53102195,47786,3
53102426,47,4
53103479,33620,5
53103969,39635,7
53104512,927,2
53107858,107,5
53108238,981,4
53109481,579,2
53109879,58304,7
53110370,3628,6
53111714,127,3
53111902,110,3
53112086,773,4
53112857,277,2
53114453,1134,1
53116872,4858,7
53121442,15042,3
53122285,15041,5
53122351,15059,3
53122839,358,2
53122869,329,3
53122903,297,6
53122925,298,7
53123006,17811,3
53123268,285,3
53123320,221,7
53123366,190,3
53123406,128,5
53123737,24,2
53123828,194,4
53124197,25604,2
53124245,24772,1
53124290,24747,7
53124345,24816,6
53125281,17901,3
53125316,7701,1
53127025,9032,1
53128536,7730,6
53129948,1893,3
53144196,163,3
53144411,264,2
53144790,26118,1
53145452,472,4
53146010,164,3
53149587,58807,5
53151142,167,1
53151215,220,6
53151259,324,3
53151318,503,6
53153128,55465,1
53153150,64176,3
53153172,61469,4
53153198,54572,6
53154204,50,3
53154442,188,1
53154918,186,1
53156197,10119,7
53156730,10072,7
53161888,16595,4
53163306,25998,1
53169947,445,5
53170380,599,1
53171949,352,5
53183814,229,3
53184437,189,6
53184491,236,5
53185060,2163,5
53187185,14372,4
53188002,1118,6
53189024,31066,1
53191113,178,4
53192007,41346,5
53192280,10793,4
53206458,1801,3
53211714,25,7
53211786,23,1
53212325,64853,2
53256077,25981,7
53264051,18010,3
53270408,41330,4
53273314,26,3
53274307,18044,6
53274412,24,5
53290074,11930,5
53300260,18141,7
53316215,30005,3
53336483,24,1
53337375,41732,7
53342246,18130,6
53349299,18033,5
53349384,25,2
53367350,33566,4
53368250,30005,5
53380067,18011,6
53385398,17998,4
53403567,30091,1
53433584,148,5
53453686,53397,6
53466518,18149,1
53466532,8061,3
53469014,64563,7
53473778,35,5
53473914,46,6
53474174,36033,3
53477780,9982,4
53480318,13061,3
53480545,17968,5
53485222,181,5
53486126,27,5
53486196,24,1
53493618,58247,5
53493750,99,2
53498613,30076,4
53503761,8184,4
53504426,25,4
53510322,24,3
53531386,53687,5
53532222,17964,6
53550246,29985,4
53555398,12792,7
53557180,17847,1
53560265,32,5
53563474,43233,4
53563484,32536,3
53563494,43233,2
53563504,32025,4
53568302,33208,7
53569818,56,2
53569820,166,6
53569823,117,2
53569826,96,4
53569828,93,7
53569831,86,2
53569834,89,1
53569836,111,7
53577070,29996,2
53577149,8163,6
53579623,31,6
53587336,18014,6
53595161,17977,4
53615589,1190,1
53615605,3358,7
53617483,18001,7
53617767,756,5
53618772,83,3
53619468,643,5
53621341,17987,2
53621942,517,3
53631494,82,7
53632466,37,6
53640492,17995,7
53641893,109,6
53643402,43,2
53646208,91,6
53647714,18206,5
53647776,8127,4
53650844,33186,5
53651068,1620,2
53651439,36,7
53652558,253,2
53655487,318,3
53662554,3979,2
53663471,112,6
53663476,108,7
53663480,113,2
53663485,29,2
53671340,28,5
53673811,17926,7
53673949,24,3
53674764,275,3
53674773,438,4
53674775,838,2
53674778,79,5
53675441,141,5
53675773,209,7
53675978,806,3
53676787,42,3
53676795,36,5
53676799,37,6
53676802,36,6
53676805,44,6
53676808,43,5
53676942,245,7
53676945,436,6
53676948,802,7
53676951,51,4
53677117,113,6
53677163,147,3
53677271,199,5
53677294,40,3
53677299,43,5
53677302,39,2
53677307,50,7
53677310,114,3
53677447,130,1
53677528,124,2
53677831,785,3
53677876,195,5
53677915,682,5
53678342,199,4
53678619,550,3
53682956,8110,1
53688307,24,4
53688348,66,5
53688367,57,6
53688386,51,5
53688449,76,4
53688455,59,5
53688458,51,3
53689762,98,3
53689999,118,4
53690002,33,5
53690147,52,6
53690265,259,4
53690471,76,7
53690477,68,5
53690570,91,1
53690690,89,3
53690869,79,4
53693000,58,1
53693210,78,3
53693213,58,2
53693234,51,6
53693271,75,3
53693354,68,1
53693471,81,4
53693475,76,4
53693478,60,6
53693605,194,1
53693608,125,5
53693610,93,6
53693850,132,2
53694238,221,2
53695094,40,5
53695096,346,6
53695099,252,1
53695477,181,3
53695549,373,4
53695917,160,7
53696002,44,2
53696093,176,2
53696117,110,5
53696609,112,7
53696628,39,3
53699598,32284,2
53700732,83,4
53700798,421,1
53701367,424,3
53702021,164,2
53710120,31,3
53710351,2969,1
53713989,5847,5
53715970,33,1
53717672,17908,3
53717940,23,4
53718014,24,5
53718886,84,7
53719618,116,6
53719654,66,2
53720033,1449,5
53720068,325,2
53720318,320,2
53721387,79,2
53721432,346,7
53721545,3623,4
53726270,2521,4
53726920,8206,5
53727962,87,7
53728918,1975,5
53732497,3825,2
53732725,147,2
53732920,105,1
53733052,89,1
53733291,80,2
53734012,24,2
53734082,23,6
53734880,1780,1
53736719,1593,1
53737697,106,4
53738623,45,3
53738900,46,7
53744074,17852,3
53748674,50,2
53748711,108,4
53752894,56550,5
53762087,17927,3
53770103,117,1
53772450,145,5
53780085,32143,7
53791441,64611,7
53793036,214,6
53793287,113,1
53793588,255,6
53795184,98,4
53795694,73,7
53798267,77,6
53799914,90,2
53801788,44,1
53801871,44,3
53804529,80,1
53806970,1564,4
53809369,92,4
53810288,4298,7
53811120,57633,4
53813470,17914,2
53814484,79,6
53814770,84,2
53815804,24,5
53815876,23,1
53816299,8185,6
53819164,89,7
53831018,180,2
53831779,33132,3
53847786,43252,1
53849047,26,4
53849729,32088,5
53850107,17904,2
53867970,16105,2
53868047,23,6
53884643,69,3
53894137,18108,6
53899929,8200,4
53900634,24,3
53912091,33102,4
53912165,26,6
53925168,18010,2
53931615,26,3
53936463,28,5
53940466,8172,3
53945264,18201,3
53965546,17912,3
53969952,25,4
53977206,10845,4
53981411,33215,1
53982049,17971,7
53982728,25,2
53990603,830,5
53999811,18007,3
53999894,24,5
54001546,883,1
54014120,338,5
54015475,26,7
54015553,8195,7
54018672,32796,1
54021472,817,7
54022727,17754,2
54040968,18167,2
54048480,18046,2
54055320,257,5
54055536,4073,1
54056917,14544,7
54061843,26,5
54061915,24,7
54063103,243,2
54064212,338,3
54064850,8197,7
54065223,339,2
54066003,337,1
54067098,18125,6
54068742,337,7
54068899,1730,7
54069347,337,3
54075412,58783,6
54075946,155,3
54076844,2950,2
54077033,2765,7
54077162,2577,1
54085641,46,5
54091229,4456,2
54093271,337,4
54094324,337,3
54098284,36,7
54098791,30,5
54098874,41,7
54099140,54,3
54099569,29,2
54099635,8908,1
54100328,33145,4
54100486,337,2
54100616,31,2
54101109,39,3
54101224,337,6
54101718,336,1
54101896,535,7
54102810,266,4
54103128,668,4
54104206,303,7
54125339,18117,2
54137289,181,7
54142047,27450,2
54143301,1862,1
54143377,18386,5
54144099,560,2
54145119,442,4
54147890,13798,5
54148691,85,3
54148843,8207,2
54149107,351,5
54149346,8976,3
54149429,8921,7
54152654,25095,6
54153686,64571,6
54154732,33,4
54155614,84,4
54161911,253,2
54161990,90,3
54162326,19807,3
54162737,43,7
54162950,17951,1
54163321,33445,4
54163534,666,7
54163558,882,1
54163760,454,4
54164914,37,3
54164924,30,6
54165054,78,7
54165222,82,5
54165253,702,6
54166223,11929,7
54166380,338,6
54166414,472,4
54166555,12742,7
54167349,337,6
54167849,338,7
54168123,974,5
54168918,7349,1
54169022,338,2
54169557,437,5
54171189,337,7
54171778,338,2
54171907,23663,3
54171966,23631,3
54175625,14372,7
54178392,542,7
54179405,394,5
54180988,555,1
54181490,18221,3
54182010,436,5
54182466,13705,4
54189328,2553,7
54192338,585,5
54194112,2575,1
54197189,590,5
54199145,2568,2
54201502,18217,5
54202265,616,6
54204206,2688,7
54207244,26690,7
54207335,354,6
54207344,339,2
54208852,508,7
54208863,493,3
54209825,523,5
54211521,1741,5
54213710,565,6
54215423,1739,6
54217601,539,5
54219289,1765,4
54221519,557,4
54223226,1738,4
54225281,846,1
54225476,544,3
54227167,582,5
54227644,970,3
54228063,54046,7
54228244,534,6
54229915,585,7
54231166,107,4
54231515,106,4
54231868,164,2
54232069,2398,3
54233025,12303,3
54233881,54429,1
54233929,54695,4
54234356,5069,5
54234882,81,4
54235821,338,4
54236362,8175,3
54236810,338,7
54238737,337,3
54239038,19270,7
54239441,337,3
54239890,527,3
54240433,338,6
54241191,337,7
54241490,744,2
54242877,33626,3
54244470,454,7
54244773,134,5
54244815,33,6
54246206,535,4
54246216,535,3
54247199,351,2
54247206,349,4
54247543,338,3
54248678,610,5
54249177,43,5
54249574,650,7
54250678,357,5
54251188,13212,7
54251228,11279,2
54251234,10371,2
54251797,12321,3
54251954,566,2
54253391,37,2
54253486,40,7
54253732,180,3
54253980,729,5
54256780,9378,5
54258955,41,5
54261092,64901,5
54263451,409,7
54269796,521,3
54269805,500,1
54269957,47,1
54270753,547,1
54271483,37,7
54271768,32,5
54272252,801,7
54272437,32,2
54273349,31,2
54273894,32,6
54274364,32,2
54282992,58777,3
54298330,839,6
54298352,806,5
54299610,400,7
54299619,367,4
54300910,601,6
54310197,542,5
54310211,508,1
54311196,317,2
54311206,308,1
54311953,115,1
54312466,559,2
54312878,152,5
54313651,9638,7
54314963,1774,4
54315771,26,3
54316626,64697,4
54320285,64857,6
54320419,24,2
54322087,41,1
54325046,215,5
54325261,631,4
54325935,1859,1
54326310,75,7
54326862,48,5
54328033,2863,6
54328593,840,7
54328600,838,6
54328726,34,2
54329913,879,5
54329919,493,7
54329925,36,3
54330415,38,3
54330477,66,3
54330626,907,5
54331480,504,2
54331514,766,1
54331755,15114,1
54331947,27857,6
54332875,506,4
54332884,493,7
54333359,4082,5
54333391,34,3
54333625,34,3
54333716,2469,6
54333829,363,5
54333925,34,7
54334331,34,1
54335289,610,1
54335698,882,1
54335708,37,6
54335769,19145,5
54335784,768,1
54336148,558,2
54336582,42,7
54337164,359,2
54338639,569,4
54339129,33,3
54339779,32,6
54343171,84,4
54349754,33,4
54349827,40,6
54355687,551,2
54356871,967,6
54356944,978,4
54357054,58041,6
54359021,810,1
54367836,70,4
54368388,68,2
54371867,7068,3
54372151,3387,2
54372290,646,5
54372297,644,5
54373609,597,5
54375340,634,6
54377735,7027,3
54385516,528,4
54386485,351,7
54387957,641,5
54401528,1761,2
54402676,3372,2
54403795,2204,2
54403821,1052,7
54403825,1859,5
54408752,33,7
54409705,32,4
54409982,32,1
54410804,34,7
54411461,36,7
54411753,35,1
54412202,35,5
54412520,35,7
54412721,31,5
54414180,35,6
54414697,35,2
54415331,36,2
54415910,35,6
54416729,15267,5
54417010,34,2
54417310,787,7
54418107,315,5
54418111,338,5
54418387,18159,2
54419012,337,7
54419186,1970,1
54419368,26,4
54419444,24,7
54420690,35,3
54421062,123,2
54421762,26,3
54422015,19101,2
54426395,44,5
54426810,43,6
54427344,873,2
54427532,8241,7
54427682,630,1
54428199,67,1
54428694,597,6
54430163,56691,1
54430252,74,2
54430409,755,4
54430691,26,1
54436457,43392,4
54437200,531,1
54438174,346,6
54438686,11090,5
54438744,9339,6
54438795,8439,6
54439605,615,7
54441861,806,5
54443139,413,3
54444631,571,5
54445653,18054,7
54464771,23,2
54464846,24,4
54479371,515,1
54480345,39,2
54482206,747,7
54483039,508,3
54483992,363,6
54485419,621,1
54486147,518,1
54488933,566,6
54492752,64878,5
54497908,37,3
54503856,38,1
54504829,18101,2
54510869,27,1
54514377,28,3
54522526,18115,4
54525440,89,6
54533807,33142,3
54540833,18169,5
54541001,26,7
54542069,59,7
54559651,33215,5
54586680,10838,3
54593390,18132,7
54596618,578,2
54597644,371,3
54597890,3637,6
54597900,3639,3
54597908,3713,3
54597919,869,1
54598129,2623,7
54598809,3270,5
54599223,743,6
54599250,59922,1
54602578,527,2
54603554,362,1
54605018,576,3
54605694,529,4
54606647,365,5
54608169,730,2
54608991,589,6
54611976,847,2
54655933,18062,2
54660408,332,4
54660836,209,3
54669276,64833,2
54672367,278,7
54672564,1586,2
54673222,27295,3
54673987,18177,2
54674626,12639,2
54674765,3683,4
54674986,515,7
54674997,503,1
54675581,3362,6
54675729,3210,4
54675955,604,5
54677594,8183,6
54677937,625,6
54678651,512,2
54679074,24179,1
54679628,396,3
54680276,1507,2
54680484,19810,4
54680606,17167,3
54681280,609,3
54682146,1444,5
54682440,58735,7
54683097,345,7
54684940,780,1
54685406,3584,4
54685510,3529,4
54685531,3520,2
54693736,18044,5
54696851,11222,4
54696863,9501,1
54704537,112,1
54713318,523,4
54713326,507,2
54714295,381,4
54714304,362,3
54715695,622,3
54733435,8606,1
54745835,1857,4
54748304,2083,4
54749224,1223,3
54749582,747,4
54752663,19111,5
54753210,19489,5
54755050,556,1
54755321,414,6
54755430,51,7
54756667,1231,5
54756920,773,2
54757127,488,4
54760601,43,2
54761665,34,4
54762041,35,5
54762220,1105,1
54763138,64853,5
54765002,57,3
54765176,33,7
54766099,34,1
54766145,35,5
54766575,33073,5
54766599,802,3
54766815,568,3
54767204,49,6
54767308,48,4
54771066,24,1
54771146,23,2
54775389,64857,5
54784917,11211,3
54784931,9330,6
54784941,8348,4
54785601,18002,7
54788009,37,7
54789236,35,1
54789703,34,2
54790001,34,5
54796176,338,7
54796677,211,3
54798404,31,5
54798788,176,5
54799054,122,5
54799638,151,7
54800197,254,2
54800917,172,7
54801347,204,1
54802037,172,1
54802426,283,7
54802814,228,6
54803262,77,3
54803528,105,1
54804351,79,3
54804792,323,5
54805234,387,1
54805660,52,1
54805833,287,4
54806151,79,3
54807419,354,2
54808027,34,1
54829666,459,2
54829753,379,3
54831104,91,1
54832347,4658,2
54832557,54,4
54837641,38,2
54842354,10517,1
54842365,9278,1
54842867,19120,6
54843222,224,4
54843403,373,2
54849626,71,3
54850969,28,7
54851683,836,3
54852028,34,3
54852259,53432,7
54852673,32,3
54853146,72,5
54853447,55,4
54854290,55,3
54854427,58,5
54855092,33,2
54855297,60099,5
54855452,24,2
54855535,23,7
54855777,1220,5
54856517,64833,4
54857194,1228,1
54857309,697,6
54857438,1102,3
54857754,468,1
54858052,85,7
54858124,366,5
54858145,284,6
54858339,226,5
54858483,276,4
54858624,343,5
54858767,499,3
54858848,38,6
54858960,810,3
54859212,259,7
54859275,244,2
54860881,305,3
54861425,33597,7
54861597,4246,5
54865696,64848,4
54865878,64861,1
54868063,10408,1
54868083,9261,1
54872080,77,4
54874470,93,4
54875913,37,7
54877155,162,7
54877529,146,4
54879608,179,6
54880570,164,3
54882680,32,7
54882945,31,7
54883142,116,2
54883212,146,5
54883819,182,2
54883832,332,6
54883927,216,6
54883970,414,4
54901763,24,6
54902269,24,1
54914815,32,5
54914959,344,2
54915102,491,2
54916129,249,6
54916272,225,7
54916574,270,6
54917286,821,4
54921694,549,5
54921866,58566,1
54922444,34,6
54922751,33,6
54923054,7281,4
54929958,33,6
54931999,62938,5
54936073,3853,6
54939831,13769,2
54943037,64863,5
54943068,32592,4
54947115,1282,4
54948422,28829,5
54952638,18013,6
54956065,1219,6
54958072,34,3
54958119,85,6
54958330,32,3
54958638,105,3
54958822,33,3
54958896,31,2
54960043,24,4
54963762,38,5
54963967,35,3
54964440,12360,1
54965244,10048,7
54965261,9056,6
54965274,8207,3
54977304,455,3
54978859,722,3
54983423,29,2
54983529,29,6
54985256,43,6
54985262,954,6
54986679,361,4
54986688,351,2
54988147,592,5
54988857,547,5
54988866,533,2
54989859,355,6
54989875,324,7
54991312,565,1
55003953,102,7
55004436,33,2
55004552,74,5
55005103,47205,5
55005265,39,5
55005448,102,4
55005547,44,2
55006698,95,6
55007061,231,3
55008886,64192,7
55009214,59786,5
55010018,45,3
55010651,44,3
55017973,43232,1
55018780,118,3
55018865,51,3
55019398,35,1
55019451,666,7
55019509,33,4
55019599,33,3
55019695,42,7
55019812,102,4
55020227,35,7
55020401,35,7
55020566,43,6
55022058,42,3
55025447,32,1
55025589,41,6
55026474,35,1
55026842,40,5
55027091,33,1
55027147,14429,3
55027198,43,3
55027329,14430,5
55027349,14431,5
55027361,14432,3
55027526,48,4
55027856,65,7
55028014,65,1
55028500,8423,4
55030126,35,5
55030364,75,4
55030608,195,3
55030864,24,2
55031395,23,3
55031421,23,4
55031503,24,7
55031531,23,4
55034932,6387,5
55037072,6313,5
55038676,5422,4
55038762,3032,5
55039109,3031,6
55041032,14430,2
55041043,14433,6
55041057,13222,4
55041134,64839,4
55041674,251,3
55042987,689,1
55045027,22626,7
55045052,16144,4
55045063,10342,3
55066252,133,3
55066413,304,7
55066598,69,5
55066687,3622,4
55079743,503,1
55079755,496,2
55080696,357,4
55080705,328,5
55082138,719,4
55082942,723,3
55084117,423,4
55085659,597,7
55089525,736,1
55090720,433,6
55092243,570,5
55093818,5213,3
55094019,65004,6
55094117,64016,2
55094147,585,7
55095168,367,7
55096587,704,7
55097401,508,6
55097408,507,3
55098364,333,6
55098371,329,7
55098734,233,4
55099769,553,3
55100432,506,1
55100440,507,4
55101396,340,4
55101405,339,3
55101891,970,2
55102043,35,4
55102524,35,5
55102834,605,1
55103596,573,3
55103611,539,3
55104072,58087,6
55104330,40,6
55104574,39,5
55104622,351,2
55104631,355,1
55104795,40,2
55105082,41,6
55105167,45,5
55105213,35,6
55106074,716,6
55107123,8927,7
55107350,360,3
55107379,369,5
55108830,605,5
55109279,42,7
55109624,43,3
55109752,43,6
55116740,3030,4
55117073,34,2
55117218,208,1
55117392,561,1
55117402,528,5
55118355,40,6
55118409,723,4
55120245,603,5
55121117,6208,2
55122001,425,4
55122056,8151,4
55123915,783,7
55124983,267,6
55125144,422,1
55126641,705,1
55127133,18026,6
55127463,878,3
55127667,636,7
55128774,466,5
55130037,328,6
55130374,606,7
55133291,2260,2
55139846,64836,2
55139867,64841,6
55143095,6868,1
55145370,5951,4
55149890,25,1
55150001,28,2
55163428,18142,3
55164178,549,3
55164188,550,1
55165177,367,5
55165183,367,3
55172707,18094,5
55172838,863,6
55174331,8871,3
55174539,9164,1
55174565,10261,2
55174577,11704,6
55177345,583,5
55178024,64856,4
55191034,432,6
55192568,710,7
55193376,513,5
55193386,508,3
55194331,330,5
55194337,327,3
55195513,57399,1
55195737,587,4
55196409,505,7
55196419,501,4
55197384,351,5
55197392,342,4
55197485,5789,5
55197496,5105,3
55198827,613,1
55200934,117,2
55205832,518,6
55205866,492,1
55206666,3640,4
55206792,371,7
55206803,334,2
55207575,194,7
55207877,199,2
55208038,53,3
55208245,714,5
55209050,509,6
55209059,511,4
55209383,432,5
55210004,373,7
55211506,589,3
55211818,208,4
55212208,498,5
55212217,498,1
55213165,342,7
55213176,341,7
55213661,186,1
55214047,183,7
55214520,183,6
55214671,575,3
55215038,3640,1
55215184,27766,7
55215364,515,1
55215371,516,3
55216310,353,3
55216317,322,5
55217752,701,3
55218571,521,2
55218579,521,7
55219080,726,7
55219546,560,1
55219863,43239,3
55221178,605,5
55222560,5365,2
55231593,522,5
55231601,514,3
55232578,356,4
55232585,348,2
55233988,559,5
55259618,54502,5
55263770,537,1
55263778,535,4
55264313,58510,4
55264773,354,4
55264782,348,4
55266243,774,1
55267117,560,5
55267127,555,6
55267559,9047,4
55268124,360,3
55268135,356,7
55269519,613,1
55269993,36,3
55270254,540,6
55270266,536,2
55270774,71,6
55270827,52,7
55271281,391,7
55272757,579,5
55273329,4450,6
55274274,18820,5
55274280,3640,4
55275137,31,7
55277983,4758,7
55279168,26828,6
55279331,25,2
55279504,23893,6
55279556,23372,2
55279565,24371,4
55281572,25,5
55282537,120,1
55285712,4623,6
55286426,3640,6
55288747,18113,5
55289557,57877,7
55292994,5572,6
55293379,44961,3
55293389,44914,6
55293400,45469,1
55293409,45404,1
55293726,332,5
55294175,48255,1
55298678,45609,4
55300314,91,1
55300580,57936,3
55301916,982,3
55304781,348,2
55304804,70,6
55304829,5235,2
55305167,5121,6
55305398,2351,1
55305536,64837,5
55305689,2349,3
55308376,38,5
55309833,1364,6
55309845,1366,3
55313410,64830,5
55313427,64830,5
55314778,64829,4
55314793,64830,6
55322387,33149,2
55326628,107,1
55326728,522,6
55326902,107,1
55327712,356,2
55329113,740,7
55347866,18073,5
55350628,58128,3
55351630,3530,6
55354739,107,2
55356307,639,7
55356318,637,7
55357401,398,4
55357408,395,4
55357996,246,6
55358052,15792,7
55358657,64828,4
55358906,595,7
55361224,415,4
55362269,554,5
55362276,554,3
55362945,109,1
55363121,6413,5
55363280,385,3
55363290,382,7
55363352,5670,7
55364778,560,5
55365261,8252,7
55366900,35690,1
55366919,19678,7
55366938,31552,4
55366971,16871,4
55367514,56311,3
55367868,886,1
55369168,1049,3
55369616,64828,3
55369693,64829,6
55369819,45746,7
55370202,879,6
55370271,351,4
55371250,1295,7
55372309,4073,3
55373068,628,1
55373939,25,5
55374051,24,4
55374086,126,1
55374322,224,5
55374658,827,3
55375392,33,6
55375663,53729,5
55375673,54061,6
55375706,164,5
55376032,3333,7
55376295,47,6
55376528,37,7
55376879,107,5
55378817,6980,4
55379110,48170,2
55384510,108,4
55385276,3028,7
55392257,988,7
55393640,176,2
55397018,246,2
55399282,2865,7
55425217,584,1
55425226,553,2
55426236,371,7
55426247,346,1
55427679,711,1
55428479,505,7
55428487,492,5
55429428,362,6
55429438,325,5
55430004,1031,5
55430920,557,3
55431265,3081,4
55431566,1060,5
55431579,1059,3
55431670,2119,4
55433090,461,6
55433336,13264,4
55434659,659,7
55435172,21242,5
55435333,21145,1
55436309,57015,6
55436407,59628,6
55436988,1122,2
55437272,53947,1
55438123,3048,6
55439659,1014,5
55441367,582,6
55441424,20893,2
55443132,61271,1
55443270,65,2
55443562,890,2
55443653,112,3
55444422,40,5
55445082,64839,2
55446956,11325,1
55447601,18877,5
55448365,55,6
55448590,46,2
55448870,44,5
55448988,45,3
55449117,44,1
55449123,64828,7
55449231,64828,7
55449233,37,6
55449356,35,5
55449613,42,1
55450104,45,7
55450208,40,1
55450341,610,7
55450387,933,7
55450510,6470,4
55451568,47,3
55452527,46,7
55452856,46,7
55453069,467,5
55454023,145,7
55454401,39,6
55454511,69,2
55454646,36,2
55454727,73,3
55457658,30,4
55458289,6474,7
55458985,48,4
55460631,25,6
55461365,550,6
55461534,14885,4
55461590,47375,2
55461605,3067,4
55462348,51,7
55462510,20920,1
55464190,756,5
55465330,3640,1
55467263,64829,3
55467477,53496,5
55467689,64827,4
55467750,64829,7
55467809,817,5
55467818,785,6
55467833,54429,3
55470795,64828,4
55470900,557,1
55474300,36,7
55475295,42,7
55476614,8421,7
55479562,43249,5
55481772,33,4
55481867,44,1
55495742,23024,7
55497324,57762,1
55497873,47301,1
55520109,3898,4
55523321,880,2
55524211,52,3
55524342,55,1
55524506,46,6
55524653,962,1
55524921,59015,6
55525017,12677,7
55525827,44711,7
55531766,25223,7
55531777,36034,3
55532530,25,3
55532640,23,3
55533747,964,5
55537265,110,6
55538461,26,5
55538691,650,6
55540520,23,1
55540527,26,7
55541074,94,3
55541435,410,4
55543221,57,2
55543852,64833,4
55544422,3622,7
55545178,25,2
55545290,24,7
55546832,558,3
55548476,866,4
55548518,3076,4
55549560,36,1
55549605,42,2
55549689,75,3
55549768,1897,1
55549769,64828,1
55549852,64828,3
55549898,64833,1
55549974,64828,7
55551043,632,5
55551632,52,3
55551777,5669,3
55552549,888,5
55552764,51,7
55555884,31298,1
55559159,196,2
55559552,1321,6
55559565,3151,4
55560126,195,6
55561016,129,7
55561023,383,5
55562072,517,6
55564566,32,3
55565012,29,7
55565168,34,5
55566828,315,6
55566968,195,5
55567280,140,5
55567410,31,3
55567518,125,3
55567725,141,6
55567782,147,1
55567906,150,6
55568001,161,7
55568218,166,6
55568267,147,4
55568344,221,7
55568358,222,4
55568500,191,4
55568730,2200,6
55569233,265,3
55570276,6704,2
55570886,1261,1
55571425,479,1
55571434,342,2
55571443,376,5
55571454,453,4
55571463,335,6
55571471,354,6
55571475,341,3
55571483,431,1
55571498,255,2
55571547,40,1
55572236,216,5
55572304,47546,7
55572451,181,1
55572636,176,6
55573039,169,7
55573110,43,7
55573162,406,4
55573299,189,3
55573763,209,5
55574066,180,4
55574591,177,2
55574800,249,7
55575132,498,4
55576319,183,7
55578124,7554,7
55578205,8164,4
55604434,148,4
55607138,375,1
55607544,170,4
55608174,64828,1
55608527,64828,7
55608803,1853,1
55609026,64828,3
55609132,64827,6
55609337,64828,1
55609868,915,4
55610713,1009,4
55611347,26,4
55611428,24,7
55611650,124,5
55611850,830,6
55611927,41271,4
55612532,1563,4
55612865,314,2
55614191,99,4
55614412,352,6
55614887,2433,7
55615541,88,3
55615733,185,7
55615935,150,3
55616790,101,2
55616986,34,4
55617311,97,5
55617365,8796,1
55617440,29,4
55617454,8431,2
55618768,515,4
55620962,11441,7
55620969,9347,3
55621020,67,2
55621501,53,6
55623349,36,2
55623439,45270,2
55623587,25181,7
55623601,10375,4
55625559,27401,4
55629152,6825,1
55629285,4869,7
55630031,27,4
55630628,40,4
55632762,17933,3
55634312,9710,2
55639592,32,4
55640139,33,4
55642075,17914,3
55642403,64830,2
55647444,9246,2
55651114,54354,7
55660348,17806,4
55660569,15684,6
55678516,18012,2
55695257,75,5
55697476,7192,5
55697718,13153,3
55698137,6767,3
55698398,10935,2
55705933,47589,7
55706820,33,4
55706896,115,4
55707183,32,3
55708682,373,6
55709216,34,2
55725313,27,2
55725393,24,6
55737574,12511,6
55742778,8319,6
55759394,33319,4
55760614,47518,7
55781256,83,2
55781657,3879,3
55789210,64833,2
55789304,10198,4
55789371,10142,1
55789454,64827,6
55789970,79,6
55790477,3901,6
55792607,17760,3
55794757,487,2
55795023,41,3
55795561,31,7
55795729,32,5
55798190,2857,1
55798335,64830,3
55799592,64828,3
55799617,64828,7
55801903,35,1
55802593,32,1
55802746,191,5
55803331,188,6
55803601,188,6
55803912,492,4
55812186,5166,2
55812325,64878,3
55813080,48350,7
55826558,12465,1
55826568,9015,5
55827551,108,1
55829367,1718,4
55834989,6839,3
55834996,4950,5
55835229,183,6
55842260,1702,4
55842675,47352,1
55860180,17887,3
55862626,7724,2
55863039,17898,7
55864337,24353,1
55866966,17590,1
55868820,64827,2
55868854,54336,4
55869045,64828,6
55871561,13965,3
55872067,57789,2
55874986,27,3
55875095,24,6
55876376,1068,7
55879023,13977,3
55879864,6931,3
55879890,5426,6
55885844,44,1
55888639,1075,1
55889189,3587,6
55890988,108,6
55894945,774,5
55896215,19170,5
55898225,39835,1
55899516,53846,2
55899551,53826,3
55900203,629,3
55900455,6551,6
55900460,4669,2
55902456,10640,7
55904179,3201,7
55910817,47485,1
55912545,3207,6
55912595,124,5
55914238,14339,5
55918741,2035,7
55920005,5657,3
55920084,101,7
55920182,3299,4
55927612,6578,6
55949015,149,6
55949257,41330,7
55949431,514,6
55951044,673,2
55951726,1106,7
55952846,12721,7
55953689,17975,4
55954840,14434,3
55955461,490,3
55955610,75,6
55956484,13036,2
55958165,64830,3
55962737,47828,7
55965148,18981,3
55966405,4934,7
55966658,10085,1
55967847,32,7
55971432,23,5
55971705,7076,6
55973519,38293,4
55975345,15088,7
55980789,5263,7
55981595,48,3
55981907,1122,2
55982009,50,1
55982312,1539,3
55983021,543,6
55983394,8152,4
55986441,6858,1
55992491,17616,7
55994068,14483,5
55994457,1822,4
55996279,1501,1
55997794,999,7
55998815,5788,3
56002200,7238,7
56004622,41373,6
56012492,8852,1
56012498,9156,6
56018015,47238,4
56027721,858,2
56028985,8074,2
56035256,472,5
56038635,6135,3
56039951,7253,6
56041160,5153,3
56044778,453,7
56046537,248,6
56048756,102,2
56049737,267,3
56049973,248,6
56050021,722,3
56050952,16122,2
56052191,440,1
56052652,219,6
56052909,101,7
56053205,723,7
56053366,9608,1
56053376,10710,3
56054340,722,2
56055688,13768,5
56055701,9713,3
56058856,5008,4
56060448,53621,2
56061230,95,7
56061333,152,2
56061688,9330,7
56061921,151,3
56062384,161,2
56067564,32705,5
56068929,48123,3
56069541,47284,4
56070325,19268,5
56073851,64858,2
56073865,15315,3
56073902,50617,4
56073920,33536,6
56074019,50448,3
56077689,8278,7
56077995,628,4
56079863,9233,3
56079882,12755,1
56081690,640,5
56088141,66,5
56088624,70,3
56088758,66,4
56088960,80,1
56089067,68,7
56089239,72,6
56089457,70,3
56089747,35,2
56091166,36,4
56097196,53064,1
56107136,25,6
56111898,33356,5
56123480,16566,1
56131418,5763,4
56132849,77,3
56133261,57937,3
56134249,1179,6
56134424,64830,7
56138982,33,3
56139135,2803,4
56139203,2802,5
56139261,2785,4
56141285,7008,3
56141368,7705,2
56141373,8248,1
56141498,13875,6
56141879,35249,7
56141899,20272,6
56142001,2519,3
56142376,15218,7
56142403,15224,6
56142497,15353,3
56145460,68,1
56145486,790,3
56146273,16664,3
56152277,18893,2
56154281,134,6
56155370,47171,3
56157257,132,2
56162023,21627,2
56165334,25,1
56165419,23,4
56165999,23,7
56166048,24,2
56166964,24,2
56167043,26,3
56199802,55460,6
56211313,16657,1
56216524,57738,4
56221791,33,7
56232432,1185,5
56233692,25,3
56234258,23,2
56236806,47964,3
56237702,71,4
56238879,7237,6
56238884,7269,2
56239499,32,3
56248295,17875,4
56248329,33192,2
56250445,54993,3
56250870,58595,2
56253860,17833,6
56272168,6376,2
56272179,7855,3
56287279,18012,1
56303291,3664,4
56303662,10138,2
56303670,10227,3
56305051,17987,2
56305558,22046,4
56309430,47830,6
56323523,10908,4
56323528,114,5
56330553,2159,5
56330555,10093,1
56336308,60153,7
56349532,64831,7
56360381,9475,4
56360446,11020,3
56368259,47,2
56392702,8741,5
56392707,10548,3
56393847,17943,5
56396620,68,5
56404134,48252,5
56409775,87,4
56410358,10851,4
56410453,11797,1
56410941,47609,4
56411770,17982,4
56422642,13825,7
56423600,2208,6
56425064,64850,5
56429462,13257,7
56429477,12166,6
56435247,89,2
56447829,26,2
56447909,25,1
56468291,54117,6
56468326,125,4
56468492,13456,4
56469105,2098,2
56470390,1130,2
56470897,25219,6
56471736,17217,2
56472122,47,4
56472126,171,5
56473484,53,6
56473825,55,2
56474505,18558,3
56478001,37,7
56481839,54514,3
56483741,8142,7
56484578,39,4
56488856,419,4
56488899,141,7
56489653,6384,7
56489925,418,4
56490979,126,6
56491801,420,7
56492155,23199,6
56492724,422,2
56494761,197,4
56494764,63,6
56494809,68,6
56495383,235,1
56495628,9501,5
56496827,346,3
56496878,194,5
56497105,3198,2
56497194,6882,5
56498132,925,2
56498616,39,3
56499151,23,6
56500107,1802,1
56500351,558,6
56501972,212,6
56502763,57785,7
56505944,7058,4
56510399,3227,3
56516490,420,7
56520441,12098,1
56520454,16272,5
56523109,18133,5
56531614,36,1
56563848,1322,6
56563925,126,5
56564685,24,4
56565282,121,4
56565388,493,7
56565921,545,5
56566523,5329,7
56566690,36804,2
56568556,47631,1
56571382,25,5
56571438,24,3
56571758,60810,4
56571891,3213,5
56572313,55813,5
56573288,64884,5
56574259,12334,7
56574263,110,6
56576105,123,7
56576115,162,5
56578034,105,3
56578042,103,4
56581682,22098,3
56592213,50705,5
56613816,13681,3
56617582,10231,1
56617591,13530,6
56624480,12421,3
56624489,6524,5
56639175,19439,6
56639445,3028,2
56643600,27125,3
56643695,16573,4
56646333,42218,5
56646786,59,6
56646806,59,4
56647054,27623,6
56650191,18572,6
56654195,26,2
56654799,17859,5
56654886,25,4
56655496,115,7
56655513,161,5
56656203,101,7
56656450,102,2
56658410,112,2
56658507,139,7
56658695,47838,3
56659423,2233,6
56661002,9244,2
56661948,342,7
56661974,350,5
56662694,8050,7
56662700,9077,4
56663892,47611,1
56669928,11859,1
56669937,12216,3
56670206,26,6
56670493,26,7
56670825,334,3
56670854,23,3
56673660,16784,5
56674490,267,6
56676969,35,6
56677612,32,4
56679290,33,5
56679493,8541,4
56679499,8323,5
56682621,22362,6
56691879,10771,2
56691888,8246,7
56701649,6894,6
56701659,7571,1
56702094,7417,7
56702105,7688,1
56724005,9334,2
56727779,49758,3
56728178,64840,6
56731156,628,6
56732122,628,4
56732269,71,7
56734600,70,5
56737308,47126,1
56741098,34891,7
56749050,65,5
56750966,33,6
56755908,106,3
56755993,8377,1
56756000,7605,5
56756122,105,5
56757180,187,1
56757331,23,2
56757354,25,1
56757355,23,6
56758167,22,1
56762236,141,5
56762863,23,3
56764151,71,2
56764816,51,2
56764977,48088,6
56765736,137,2
56766368,120,5
56767048,119,1
56768215,50,1
56769582,50,4
56776279,494,7
56795923,112,5
56802293,113,5
56803014,215,7
56803732,259,2
56809941,190,1
56811378,107,4
56812045,107,4
56812554,656,7
56812790,10025,6
56818802,32982,6
56819964,7319,6
56820704,114,6
56821532,27375,2
56824037,27777,7
56825180,7881,3
56825190,9715,1
56825302,31,7
56826414,123,1
56826584,9303,7
56826596,11613,5
56826972,47662,4
56827058,64855,5
56828828,64859,2
56828865,114,6
56830531,57816,3
56830700,52,2
56833580,27,6
56833662,24,5
56836294,628,4
56836504,131,5
56836598,72,2
56836623,18238,3
56836910,47,3
56838621,48,4
56838634,628,6
56842554,11559,4
56842560,10551,5
56844145,48037,4
56844777,25,6
56845120,107,3
56845317,106,4
56845537,24,2
56845929,54035,6
56846656,24,4
56846887,463,5
56846930,24,7
56847739,34,4
56870874,11216,1
56870881,11552,1
56871473,112,2
56871479,10430,5
56873093,458,5
56873324,109,6
56873611,13230,1
56877017,7965,6
56877038,14614,5
56877048,13175,3
56877063,9787,4
56877079,8879,7
56877098,8710,3
56877134,113,2
56877148,10887,1
56877158,10327,2
56886403,371,7
56898027,62056,1
56902340,8824,5
56918812,101,4
56921934,93,2
56924190,331,7
56925761,54046,6
56926361,107,4
56926498,79,3
56933682,60743,5
56939089,77,5
56942548,396,2
56943941,375,4
56945330,367,2
56947181,374,6
56948380,379,2
56997472,170,3
57009819,37,5
57010459,25507,3
57034104,4832,7
57034274,5188,3
57039224,517,2
57039413,484,6
57039778,178,6
57039913,73,6
57039936,62,7
57040265,4283,4
57040292,4586,4
57044722,4330,3
57044809,4156,1
57048726,4030,5
57048782,4620,2
57050349,95,4
57054066,4533,2
57059610,4437,4
57059829,2504,2
57067932,4570,2
57071598,3059,2
57073527,5974,4
57074262,64851,5
57074556,54,4
57075276,1413,6
57075462,23438,2
57075588,8096,6
57077696,108,7
57077901,119,4
57078595,2584,6
57078775,2600,3
57078914,2622,6
57079510,15416,1
57080286,3723,6
57084429,120,1
57091964,96,5
57095038,64839,2
57095641,989,6
57096724,127,4
57098674,40,1
57098793,96,2
57098895,140,3
57099004,18033,4
57099031,228,3
57099206,3637,1
57099282,437,4
57099479,3688,5
57103698,1395,2
57107612,1081,3
57108461,22408,3
57108814,746,7
57109017,65,1
57109902,45,2
57111207,3645,5
57112495,307,1
57117053,760,1
57117847,735,3
57117854,8137,4
57118600,739,1
57120503,113,5
57121842,303,6
57124371,56055,7
57128801,1004,7
57132372,2759,4
57135991,704,2
57136963,35,4
57137072,419,7
57137076,415,5
57137282,819,1
57138041,9585,4
57141175,64855,7
57149422,130,5
57151917,1035,6
57155765,64895,6
57157428,1785,4
57159394,62257,2
57159719,3651,1
57163584,64411,4
57169927,64852,6
57174119,3991,2
57180758,15462,6
57182452,26254,6
57183683,451,7
57184578,3184,1
57185497,324,5
57186893,399,5
57187535,324,7
57188224,314,2
57189131,61321,4
57191012,18037,1
57191624,8778,4
57224668,28,2
57224750,23,2
57243398,31602,5
57244899,25835,1
57246150,178,4
57250940,38,7
57250947,45,6
57252694,7224,2
57255809,64851,5
57262160,51423,5
57262195,35201,6
57262229,13522,7
57262803,8185,1
57264034,223,5
57264401,971,3
57265781,6640,4
57265918,725,2
57267293,1694,4
57268520,181,3
57269293,175,7
57270703,167,2
57270728,35,2
57271133,79,2
57271577,95,5
57272547,84,4
57273841,78,7
57274303,106,3
57274711,76,1
57275271,112,5
57278350,2736,2
57279835,11472,6
57279912,100,5
57302857,26,5
57302907,24,3
57304762,127,7
57304955,7896,7
57314790,16830,7
57315073,8102,2
57325856,62,3
57331762,107,4
57332136,29043,4
57332981,112,6
57339650,172,3
57341341,60531,2
57341734,128,4
57345775,111,4
57348870,60052,4
57348908,58929,2
57351877,64842,2
57354371,26,4
57355493,107,4
57356021,25,1
57356167,250,4
57356226,28,5
57356338,26,4
57356592,86,1
57356768,52,3
57356954,3647,1
57357973,129,1
57358088,2356,3
57358156,109,1
57358306,940,3
57358423,123,1
57361838,1835,6
57362213,3266,3
57363360,41878,6
57363378,649,4
57363832,37,6
57364214,36,5
57364656,112,2
57365026,33,6
57365399,122,6
57365573,118,6
57365759,36,4
57365919,46,5
57366197,35,2
57366719,5463,7
57366976,1228,6
57367352,32,2
57367768,205,6
57368756,56163,2
57369240,30,5
57369303,30,5
57369496,212,7
57369992,106,1
57370262,105,6
57370985,107,6
57371354,1927,2
57373978,4955,2
57380166,18129,1
57381342,3628,6
57396625,29940,5
57405105,33639,5
57416250,33326,1
57416255,17962,5
57416280,18113,6
57419917,29183,7
57420360,766,6
57420554,13830,3
57427796,107,2
57427939,129,5
57431580,108,3
57432414,12730,2
57433983,3151,4
57435551,388,6
57437340,156,3
57437599,4370,3
57439272,302,2
57439328,46926,7
57439596,13831,3
57440678,417,2
57441408,538,2
57441817,231,2
57442207,1740,5
57443546,36,3
57443567,42174,5
57443907,279,5
57444335,661,1
57444849,13019,6
57445097,34,4
57445127,110,3
57445208,205,6
57445525,37,3
57445766,3174,4
57446383,60350,5
57447428,18066,5
57447506,13829,4
57450433,4506,5
57456041,133,7
57456447,81,7
57456692,135,4
57457767,43671,5
57466033,64873,5
57474461,1552,4
57475232,9017,3
57480841,53571,7
57480976,59530,2
57492629,54,6
57492821,55,5
57493004,82,6
57493616,3003,1
57496372,107,7
57496876,7480,7
57506877,4752,7
57508226,56617,5
57518141,57906,1
57521551,58128,7
57530664,72,1
57530797,69,1
57530943,3455,6
57535692,49,3
57537391,33,6
57537700,33,1
57540908,9950,3
57541549,43,4
57552979,255,3
57555234,15629,4
57558870,2084,3
57559940,8277,3
57560697,52569,2
57569072,24,5
57569150,24,6
57572024,20602,2
57595662,3536,4
57597520,652,7
57598274,754,3
57598326,921,1
57598392,1192,5
57598416,1737,4
57598436,3472,3
57610278,18893,1
57611807,61666,3
57612791,57,2
57612908,146,4
57613209,189,3
57613514,5210,7
57617403,54,2
57617809,110,3
57617814,46,3
57618039,37,2
57618131,45,6
57618459,61266,3
57619118,43,5
57620129,44,7
57621873,56572,2
57621971,45,3
57621975,55781,4
57622226,43,3
57622553,64864,6
57622792,45,3
57623490,41,7
57624242,107,6
57624556,343,4
57624664,59,7
57625058,6922,6
57634124,81,2
57634165,86,4
57634198,77,4
57634243,85,3
57634295,76,1
57634344,69,2
57641187,8402,7
57645615,59389,5
57650581,15815,6
57650843,46172,6
57654472,38,2
57654703,36,2
57655535,25290,1
57658640,5457,2
57658884,46914,1
57672723,668,2
57673614,25693,2
57675678,48286,5
57677364,34992,2
57679048,23217,6
57684963,191,1
57685034,42154,6
57687752,15943,5
57688416,106,6
57688444,542,6
57688665,105,7
57688850,209,7
57691084,13833,1
57691568,210,6
57693628,235,2
57693825,32432,5
57696808,106,3
57697329,680,5
57697363,739,7
57697403,876,1
57697438,1010,2
57697484,1163,4
57697514,5629,5
57698700,45,1
57698795,55257,7
57698834,20647,2
57699078,734,1
57699093,39,3
57699097,26177,1
57699211,711,1
57699441,58092,4
57699485,50,5
57701004,4697,6
57702722,4012,4
57703604,18956,6
57704574,747,2
57706799,18062,5
57707032,18123,4
57707101,108,3
57707384,34,2
57707501,37,4
57710129,11530,7
57720539,9438,1
57722045,3103,1
57725322,4007,4
57726571,62294,7
57736944,8462,3
57754401,8785,1
57762064,44547,3
57763041,33373,7
57764962,41959,3
57766822,5844,4
57774296,12468,7
57775632,55983,7
57776307,58682,5
57776502,53779,1
57776701,6565,6
57779883,64853,3
57781092,194,2
57782191,3645,6
57786491,182,4
57787214,35,1
57787839,66,3
57788207,218,2
57788282,441,4
57789380,208,2
57789894,21487,4
57790475,1836,4
57791345,982,6
57791595,870,1
57791883,31,2
57793166,194,3
57793460,5924,6
57793826,38,4
57793835,42,6
57793844,30,1
57794560,16448,4
57796482,16976,3
57796934,23,7
57797017,23,6
57800111,435,3
57802362,31,7
57805595,105,2
57808285,3867,1
57810458,7228,7
57815700,7459,6
57816214,12752,7
57816223,52,4
57816231,8398,3
57816238,8911,7
57816248,9005,4
57816255,10933,7
57816262,11165,3
57816269,10972,4
57821950,29,3
57823367,24006,4
57823660,10831,2
57823907,42,3
57825881,46,6
57836843,30,2
57851260,129,5
57852136,40,1
57854954,7228,6
57858124,64827,5
57859122,12593,7
57859361,12580,7
57863549,1733,1
57865501,7228,3
57865681,42136,3
57865769,478,6
57869320,59,6
57869510,2427,7
57871965,10839,1
57875023,37816,5
57875038,38736,5
57876450,24,3
57876531,25,7
57878431,1826,5
57878469,170,4
57880207,1292,2
57880478,135,3
57881183,25,5
57881684,4208,4
57881931,19182,6
57883201,25,6
57883280,24,2
57894107,156,7
57894878,1955,2
57896023,676,2
57896835,1337,1
57897409,3622,4
57897572,18037,6
57898327,4980,4
57901369,28,1
57901776,27,5
57903270,5188,7
57906484,27,7
57906715,26,5
57907170,33,7
57908619,1831,7
57908979,25,7
57910100,58118,5
57910691,1510,6
57912206,1831,1
57912563,52436,7
57915495,12676,3
57935976,664,4
57936715,19828,2
57937981,11769,3
57938008,11814,2
57938902,28881,4
57941308,13746,1
57945148,31,4
57950101,112,1
57950194,109,4
57950685,110,7
57951056,111,3
57951303,488,3
57951321,107,7
57952579,114,3
57952689,229,3
57954481,13847,1
57954483,42186,7
57956754,32532,4
57957074,1327,3
57960436,19025,5
57960666,103,7
57967542,21640,5
57967554,14491,6
57968090,5137,6
57968321,60449,1
57971372,1398,7
57971651,89,3
57971822,1490,5
57973764,64880,5
57974188,630,5
57974200,899,1
57974351,110,4
57979456,43,6
57979496,39,1
57979550,53733,6
57979890,16124,4
57987912,13893,4
57988232,564,7
57989696,8484,1
57989705,8554,4
57991505,17937,5
57992321,56,1
57992791,553,1
57994718,42455,6
57995058,3623,2
57996949,59,1
57998042,552,1
57998858,55,6
57999406,554,1
58000985,34,2
58011629,143,2
58011743,112,2
58014304,25,7
58019839,46941,3
58024067,222,5
58025211,649,7
58025367,774,1
58025444,870,3
58025502,1391,4
58026442,2073,7
58026760,95,3
58031443,55916,7
58032282,473,7
58032653,3628,5
58032798,194,1
58033039,568,5
58033779,18046,1
58034273,26,3
58034357,24,1
58041126,8229,4
58041183,58875,4
58041482,59025,4
58041762,535,2
58042989,14102,5
58043668,552,7
58045726,530,7
58046532,2957,5
58046756,1323,5
58046952,1282,2
58046960,538,6
58047117,1328,7
58050641,47,7
58050930,42,4
58051150,41,4
58052333,24001,1
58052343,18063,5
58053653,47,4
58054813,538,5
58063078,64853,2
58070498,18080,3
58071133,3834,3
58086375,51845,2
58086601,36,7
58088575,18000,1
58093397,1545,3
58098057,18329,4
58098191,18443,4
58103526,3296,4
58107890,45,5
58109771,1056,1
58110020,13509,2
58113695,9681,3
58144288,26,4
58144749,5416,1
58147047,26,3
58147093,25,1
58147212,14429,5
58154661,672,1
58154720,759,3
58154771,2241,7
58155127,1550,4
58155178,1578,7
58155229,1553,5
58157563,3498,7
58161025,5376,1
58166781,120,2
58167589,218,3
58168500,1647,1
58168602,752,2
58169309,431,6
58170084,25230,7
58170093,938,2
58171235,616,4
58171348,22144,3
58172180,14881,2
58172190,15851,6
58199349,147,4
58199622,146,7
58202125,53,1
58205464,110,3
58205923,109,4
58206186,113,1
58217196,3635,6
58220495,548,1
58221782,18029,1
58224554,522,5
58228432,64859,4
58229986,43553,1
58234728,3839,6
58239175,33620,2
58248019,27197,6
58257831,17998,7
58263283,24559,6
58275197,732,7
58275261,828,7
58275297,924,6
58275353,1091,4
58275395,1559,1
58275458,2144,6
58279486,40571,3
58285999,109,2
58286131,41,1
58286618,10564,6
58286951,7231,5
58291387,1455,3
58292022,33,6
58292815,18074,3
58292837,492,5
58293507,624,3
58293516,623,2
58293527,624,4
58293537,622,2
58293584,623,5
58293592,623,7
58294578,897,5
58294596,786,2
58294607,899,3
58294621,927,1
58294627,919,7
58294775,37,3
58295002,585,7
58295925,14441,6
58296435,1829,5
58296675,75,6
58296872,1832,5
58297174,33,4
58298657,1246,5
58299685,13714,1
58300147,4363,6
58301103,1831,1
58301763,11561,2
58301816,321,2
58302489,4279,2
58303432,3500,3
58306999,3259,4
58308475,5436,7
58309198,1860,3
58309645,25,2
58310049,477,5
58310247,448,4
58311753,529,3
58311816,520,3
58314637,2831,7
58315123,33,6
58316015,30,7
58316316,45672,4
58317282,53401,4
58317427,35,1
58317478,335,5
58317549,514,4
58317823,2527,6
58318770,512,7
58319941,1136,4
58320001,1188,3
58320367,1459,5
58321102,37531,6
58321664,531,7
58321854,1451,6
58322562,524,2
58323314,1216,2
58324360,36,2
58324547,49,1
58324946,1106,2
58325093,7252,7
58326056,1869,6
58329427,64848,4
58329883,24,2
58329968,24,6
58331740,29,4
58331905,30,5
58332147,1,4
58332327,24,4
58332540,5058,3
58332563,24,5
58333014,24,1
58334035,24,7
58334831,3469,4
58334970,66,1
58335049,760,5
58335123,922,2
58336012,1183,3
58336107,1716,1
58336585,23,7
58339117,1,5
58339233,1,6
58340730,1,5
58350064,1,2
58350125,22,5
58365519,29,7
58370221,1,3
58372949,858,2
58374422,52,1
58374448,54,6
58374786,3637,7
58374789,5830,4
58375124,859,7
58375482,105,5
58375777,89,5
58375985,466,4
58379012,85,2
58379699,3642,2
58380048,14026,1
58381191,37791,3
58383797,12002,1
58384929,27,4
58388076,14441,7
58388106,64861,6
58388631,5555,6
58392641,23926,2
58399958,16231,1
58403927,63279,4
58405084,8769,7
58407927,23639,4
58410157,2227,1
58410363,64857,7
58413825,2099,2
58416083,1560,7
58416098,4019,2
58423102,28322,1
58428975,8885,6
58455061,64830,6
58455374,4156,3
58456838,1186,3
58456975,16390,5
58457010,1145,2
58457153,5623,5
58457339,1323,2
58457544,1177,5
58458574,1412,1
58461217,1830,3
58462786,4022,6
58463284,107,7
58465905,527,2
58469050,40283,2
58469687,3939,1
58470064,5725,6
58471484,58,4
58472298,524,5
58474393,1697,6
58475526,543,1
58475575,34,3
58475939,56041,5
58475969,146,3
58477862,543,1
58478011,205,5
58479398,16474,7
58480535,88,1
58480757,42486,7
58480987,29364,1
58481834,6334,7
58482053,537,5
58482217,28973,4
58482874,22959,5
58486387,6117,3
58486556,6108,2
58487692,523,3
58489583,8220,2
58490122,2227,7
58492675,521,4
58493131,8979,4
58497270,40117,3
58502077,38,4
58502424,4290,4
58502697,108,1
58503317,10835,6
58506886,11615,5
58509676,1699,7
58509766,19020,1
58513092,8836,3
58519335,1095,1
58519393,849,7
58526548,1297,1
58527505,240,1
58527805,13575,4
58540554,4991,5
58545515,12040,7
58547039,5611,2
58549414,9072,4
58550314,51872,1
58555394,8058,1
58555446,23321,1
58555545,11432,7
58559160,11430,3
58564464,11288,4
58564502,49,6
58564625,5439,2
58566093,1067,6
58569846,321,6
58569962,247,4
58570049,216,5
58571352,350,1
58575062,64834,7
58576363,15876,1
58587258,21526,3
58592500,2153,3
58599830,13350,4
58600197,5644,5
58600405,984,5
58618437,18277,2
58638352,457,6
58638676,18047,2
58639596,26,3
58639689,23,6
58641340,21975,1
58643967,8958,1
58644251,322,3
58644272,2463,3
58644667,1754,4
58645645,18034,6
58646797,232,6
58648746,699,3
58649916,672,3
58649952,4718,4
58651345,661,2
58651486,11493,3
58651650,11288,5
58652001,4291,1
58652251,4844,4
58652530,989,3
58655042,7584,6
58655071,12636,3
58655633,82,3
58655675,3056,4
58656136,112,3
58656314,9777,2
58656325,56,4
58656334,10960,5
58656351,117,2
58656362,112,6
58656372,3224,7
58656379,11200,2
58656568,159,7
58656653,88,5
58656660,14972,5
58661193,45,2
58662443,23232,1
58669618,20746,6
58680997,4854,3
58681786,50970,7
58692428,1067,4
58694734,35,5
58694936,2005,4
58699037,31793,2
58712001,34,2
58712246,628,2
58712506,628,1
58713390,49,1
58713734,57,7
58714486,66,2
58714823,1081,3
58714860,3149,6
58714894,1198,1
58729917,827,5
58744531,64852,7
58759690,18052,1
58760235,74,6
58764651,64848,3
58764909,64849,4
58767076,748,5
58767176,167,3
58769366,705,4
58769518,138,7
58770183,712,7
58770201,290,5
58772241,680,1
58772330,303,1
58772636,11138,6
58774194,11141,1
58775353,1244,1
58775430,506,6
58777824,9635,7
58777937,23348,5
58780311,889,1
58780503,332,3
58796672,8777,4
58801928,9756,1
58828242,12031,5
58828350,19290,7
58829768,935,1
58829848,799,2
58829887,671,7
58831353,26,2
58831439,23,7
58832969,43240,7
58840521,1483,5
58840575,1131,4
58843558,35,6
58843785,34,3
58844275,185,6
58844515,179,4
58845190,179,3
58845196,173,2
58845205,193,3
58845219,374,4
58845224,235,5
58845233,183,5
58845238,172,4
58845243,191,6
58845257,378,3
58845262,240,3
58846100,210,4
58846413,213,5
58846421,270,6
58846427,215,6
58846431,269,6
58846435,435,7
58846442,209,7
58846446,272,4
58846450,218,1
58846454,274,7
58846459,431,1
58846536,180,2
58846541,169,2
58846546,187,1
58846551,374,6
58846555,239,2
58846562,182,5
58846567,173,2
58846571,206,5
58846575,374,3
58846580,239,3
58851867,10900,5
58852725,5239,2
58854992,54445,1
58854994,68,7
58855033,41164,2
58861600,236,6
58861605,218,7
58861610,246,2
58861614,501,4
58861620,317,1
58861627,235,7
58861632,219,7
58861637,244,5
58861645,499,3
58861649,313,1
58861671,269,4
58861676,321,5
58861681,262,2
58861686,347,1
58861690,569,7
58861696,268,2
58861701,317,7
58861705,262,3
58861709,346,5
58861715,570,1
58867895,31924,1
58868629,69,5
58869176,120,5
58869180,150,2
58870194,1864,5
58870361,37,1
58870365,39,4
58870370,42,1
58870747,39,7
58870759,43,4
58870766,47,5
58870772,54,2
58870778,63,7
58870782,85,6
58872436,65,5
58872447,66,4
58872532,52,1
58874174,53,1
58874583,65,5
58874680,48,2
58874689,48,6
58885979,23533,7
58896827,55980,1
58903477,19753,1
58904141,894,1
58905848,8782,3
58906956,14432,4
58907698,41830,3
58917847,14434,3
58919263,11309,5
58920217,53,1
58923802,47008,1
58924542,194,5
58933964,15501,2
58935497,8208,7
58939463,193,6
58940194,3314,5
58943577,64849,4
58944092,43,1
58944382,5037,7
58963364,115,7
58968924,114,3
58971337,120,6
58971884,16940,2
58972039,16840,2
58978171,110,4
58979062,30611,4
58982940,22136,7
58984667,43238,3
58986810,18741,3
58990202,385,5
58990900,195,3
58991327,388,4
58992179,442,4
58994082,209,2
58994538,194,1
58994669,17075,2
58994795,17100,1
58995137,194,1
58996528,194,3
58996786,21887,2
58997562,193,6
58998231,34,5
58998350,33,5
58998780,34,3
58998939,31,6
58999091,31,1
58999414,51013,4
58999418,31,6
58999894,34,5
58999988,36,6
59000249,34,2
59000372,34,7
59000505,34,6
59000589,33,1
59001027,33,3
59001505,35,2
59001645,34,4
59001788,31,6
59001909,33,4
59002101,31,5
59002878,31,1
59003350,30,4
59003523,31,6
59003828,32,6
59004021,40,6
59004166,44,7
59004452,38,6
59005196,40,3
59005463,58018,5
59005465,34,7
59006488,94,2
59006690,21951,5
59012281,38,3
59012911,39,4
59019008,35058,6
59019814,201,5
59019819,266,1
59019824,208,7
59019828,261,3
59019834,405,5
59019872,204,7
59019876,264,5
59019881,202,1
59019885,258,4
59019889,407,7
59020060,174,2
59020064,171,5
59020067,183,6
59020070,353,5
59020073,228,4
59020075,172,4
59020078,162,3
59020081,185,1
59020084,350,4
59020087,224,1
59020137,200,4
59020152,53,2
59020158,204,1
59020162,261,2
59020168,405,1
59020517,25,3
59020570,24,5
59029016,1468,5
59036575,3645,4
59041138,11168,1
59041639,315,7
59041642,282,5
59041645,311,4
59041648,630,2
59041650,411,7
59041653,305,7
59041656,281,6
59041660,323,4
59041662,628,4
59041665,413,7
59041681,345,6
59041683,383,4
59041686,335,3
59041689,453,6
59041692,753,6
59041695,337,2
59041698,385,7
59041700,337,4
59041703,450,1
59041706,753,3
59051396,64830,7
59066156,43250,1
59066732,43248,2
59066740,35238,4
59066897,2,5
59067977,107,4
59069086,2226,5
59071017,165,5
59071531,43,5
59072937,491,4
59072940,550,1
59072943,458,2
59072946,670,5
59072951,1154,4
59072956,486,1
59072959,554,1
59072964,473,4
59072967,669,5
59072970,1135,3
59072991,460,2
59072994,420,2
59072997,454,5
59072999,629,4
59073002,631,5
59073006,464,5
59073009,434,3
59073012,441,1
59073015,629,5
59073018,637,4
59074289,528,5
59075708,32177,5
59080606,64837,7
59091538,65,1
59094542,18270,5
59094787,56,3
59104520,331,4
59104658,155,3
59104833,42,1
59104869,43,1
59105051,384,2
59105328,874,7
59105430,2583,4
59105551,256,4
59110840,53724,7
59114913,244,7
59146061,9198,6
59146079,9203,6
59147927,687,5
59147958,2375,3
59148858,41,4
59148945,559,7
59149516,882,1
59150538,6338,7
59151686,13417,6
59151781,37560,3
59153585,17015,7
59153833,107,7
59153888,34859,1
59154486,959,7
59155612,1961,5
59159649,9106,3
59163071,19339,2
59165421,101,1
59165521,135,3
59168066,107,1
59168587,87,1
59168625,248,4
59169280,75,5
59170170,150,2
59170269,114,5
59170287,145,6
59170714,145,6
59170728,109,2
59171030,227,4
59171059,114,4
59173922,559,1
59174413,8749,5
59176592,13510,4
59176871,42,1
59178766,6551,1
59180136,41538,4
59183355,26617,2
59183553,23378,3
59187561,618,4
59192448,21646,7
59199627,40,3
59202503,45,2
59205863,15993,6
59208198,1856,4
59211504,35,4
59211727,278,7
59211987,976,5
59212140,978,3
59215363,33654,7
59231373,129,7
59231567,31869,5
59232417,50,1
59232588,3632,6
59235673,111,3
59236764,109,1
59237227,113,4
59240946,48,6
59240997,122,6
59241113,142,4
59242956,43237,4
59243210,3975,6
59246716,131,1
59246873,158,5
59246887,215,5
59247984,131,6
59249428,48278,1
59250126,219,3
59253848,162,2
59255922,126,7
59256472,125,4
59256558,162,2
59256565,121,6
59257844,16141,1
59260386,207,3
59263114,17395,6
59264369,234,5
59265221,745,1
59265674,34840,3
59274735,64836,3
59276357,7870,7
59285375,39,4
59285462,34,3
59327109,43236,6
59327241,43237,3
59327812,23547,7
59327834,23435,4
59328197,23586,7
59329674,40,4
59330564,36,1
59330939,35,5
59331644,35,1
59331661,167,5
59331691,62,2
59331928,35,7
59332742,45,3
59334460,1501,5
59335589,34980,2
59335849,42468,1
59337585,1285,6
59340264,1491,4
59341568,64839,4
59342575,798,5
59351122,23718,5
59355388,911,4
59362149,67,4
59362777,45567,4
59365408,23453,5
59371572,947,3
59371988,42956,4
59374408,1096,6
59377019,1151,1
59379067,1077,1
59415707,442,6
59417000,31623,7
59420942,8188,5
59450681,23474,7
59465939,31906,6
59474074,23272,1
59488557,42886,1
59493749,368,6
59495446,412,1
59499586,32364,7
59500291,23707,1
59503828,42717,2
59504608,310,6
59505951,32262,2
59506436,395,6
59506838,8192,4
59509031,37,7
59509281,419,2
59509413,321,3
59509854,8206,3
59510352,164,7
59510432,279,3
59510835,141,3
59512488,182,4
59512771,163,2
59514142,25184,6
59514176,42805,5
59514707,30,3
59515239,30,1
59515492,30,3
59516064,119,4
59516396,3521,1
59516586,4110,6
59518376,7236,1
59518435,7240,5
59518507,7238,4
59518554,7231,3
59519026,58107,4
59519732,14437,6
59520899,217,1
59522000,152,6
59522307,121,6
59522751,41,5
59523076,38,5
59523850,326,1
59524258,248,2
59524677,324,6
59524807,170,5
59524878,48,5
59529715,23575,4
59533555,84,6
59533602,44,4
59534423,320,3
59534435,422,7
59553602,1519,7
59574962,47164,3
59576855,11708,4
59578655,323,6
59578704,33,7
59578719,702,7
59581685,14404,5
59582884,45,3
59583149,31,6
59583158,8676,3
59584104,165,5
59584831,42002,4
59589817,167,4
59592904,19054,7
59596219,338,5
59598335,37,3
59601456,18039,2
59606840,8302,6
59610396,348,1
59614581,31938,1
59614981,124,2
59617652,109,1
59620269,39116,2
59628309,16179,1
59629718,43211,6
59640313,26,5
59640564,23,1
59646056,23,6
59650317,64828,7
59661279,4076,7
59661305,2370,2
59663105,36041,2
59665917,23458,5
59666110,110,7
59666370,114,7
59666661,206,1
59666788,678,7
59667167,58171,4
59667202,32,2
59667742,132,2
59667981,102,2
59668397,189,3
59668696,98,5
59668876,48,3
59669146,108,4
59669654,145,1
59670951,100,5
59672525,100,7
59673759,101,4
59673888,91,2
59678163,64857,2
59678574,18778,1
59679521,25,7
59679523,24,3
59679526,28,7
59679529,25,2
59679532,26,7
59679553,26,2
59679556,26,4
59679559,24,6
59679562,25,6
59679578,27,1
59679581,24,6
59679584,26,4
59681523,99,1
59683793,106,3
59683912,311,2
59684598,23,7
59684617,23,7
59684695,7543,3
59685733,16112,3
59687914,49,1
59689216,18006,1
59690805,8805,2
59691986,107,2
59692047,96,4
59692188,24,3
59697759,15003,7
59709294,484,3
59709311,437,2
59711001,44116,2
59712584,491,2
59712608,231,2
59713286,441,1
59714305,497,4
59714321,450,6
59716400,12936,7
59721997,50,5
59724766,12937,5
59729201,26,6
59729368,26,7
59729546,28,7
59730566,28,5
59740055,32365,4
59751100,58084,7
59753170,11797,2
59755439,16560,2
59758935,64835,5
59763806,18175,2
59767336,106,1
59769519,168,6
59769571,31,4
59770607,140,4
59770725,136,6
59770862,137,3
59774448,15696,3
59775831,47383,1
59778004,129,4
59778023,26,6
59778125,2041,3
59779679,265,5
59779948,64850,4
59780295,2133,1
59792839,23532,7
59793912,64837,1
59796077,23693,6
59806528,105,6
59807822,913,1
59838304,461,5
59838342,306,3
59839785,321,1
59839807,438,3
59841715,5250,3
59844986,11789,2
59845067,48792,6
59851044,7050,7
59856624,113,5
59858250,1206,5
59859825,25,7
59859891,109,5
59860309,275,3
59860548,58533,1
59861217,27,2
59861310,24,5
59861372,3023,4
59862321,1061,2
59865052,16246,5
59865713,27,2
59865738,29,1
59865745,31,7
59866553,25,2
59866824,25,3
59877941,46330,3
59880049,110,4
59880745,39,3
59883054,8216,7
59896014,18604,5
59913670,25,1
59925695,32330,1
59929817,238,5
59936223,16563,7
59957762,23561,5
59964316,48156,6
59966579,298,3
59971926,218,6
59971929,305,6
59971932,220,1
59971935,281,7
59971937,440,5
59971940,212,7
59971943,294,1
59971945,223,7
59971948,281,6
59971951,444,3
59972059,186,7
59972062,185,1
59972065,203,3
59972067,376,3
59972070,238,2
59972073,187,3
59972076,193,1
59972079,203,6
59972082,377,4
59972084,243,5
59981376,5022,4
59990836,32190,5
59993174,23505,2
60014080,172,5
60022051,3017,2
60025536,177,3
60028385,15160,6
60031414,16348,1
60041394,171,6
60042233,568,2
60042251,302,4
60042311,105,3
60042422,27,3
60044934,31930,2
60046681,32,3
60047102,80,5
60049260,172,1
60052739,47428,5
60053124,43502,6
60081693,151,3
60096822,58235,2
60098619,53649,3
60099021,49232,7
60105270,144,2
60109097,31885,7
60110172,16340,2
60113592,8248,3
60119971,33,3
60120608,32,1
60121412,25,1
60121515,25,7
60123046,24,4
60123139,24,6
60126295,34,1
60127281,116,7
60127610,119,4
60129563,1516,1
60130702,248,5
60131066,128,4
60131475,39,5
60131809,55,4
60131976,102,4
60132399,3629,3
60132827,57,6
60134380,1378,1
60137472,143,1
60147775,3630,2
60149288,3630,1
60150533,3630,7
60151502,3629,5
60151749,1262,6
60152248,682,5
60152448,287,1
60153568,3642,1
60158519,141,4
60158708,146,3
60161017,145,6
60167157,140,3
60181252,23300,7
60183104,33,2
60184188,30,3
60184371,31,2
60185430,30,2
60190645,122,3
60190837,49,2
60192956,160,7
60195205,20189,1
60196964,24,3
60197051,24,5
60202818,51,3
60202944,30,2
60203060,30,2
60203641,874,6
60204009,169,2
60204356,155,2
60204599,1536,5
60207212,32,5
60207288,33,6
60207476,34,1
60207578,33,4
60207638,74,1
60207808,33,5
60207895,32,2
60210385,565,5
60210654,24,7
60210725,24,3
60210795,23,2
60210835,24,1
60210908,25,6
60211222,4054,7
60211960,118,3
60212205,317,6
60212808,23,1
60212935,24,7
60212958,24,3
60213599,24,6
60213748,24,5
60215271,210,7
60215534,58187,1
60216243,248,5
60216294,31982,3
60216909,94,1
60217672,93,2
60218074,23375,3
60219694,47116,2
60219962,48175,1
60226469,31794,5
60235829,43233,6
60248284,149,4
60261460,90,7
60264999,144,6
60268057,16490,5
60269349,8320,1
60271670,140,6
60272155,46116,7
60280407,34,6
60285585,24,5
60285643,24,4
60286342,1357,7
60296965,19541,7
60303482,23425,1
60304206,31595,4
60304287,1181,1
60305136,1195,3
60305425,1216,1
60305599,44,6
60306323,41313,5
60308571,24,4
60308657,24,5
60310186,24,7
60310192,25,2
60320062,26305,3
60323042,26,6
60323124,23,3
60326920,31832,1
60333020,48899,5
60358766,23278,2
60359551,18381,5
60360552,18332,5
60365273,8676,5
60365802,25771,3
60366065,16484,7
60366208,4851,7
60367396,45043,4
60375553,60,6
60375688,68,2
60377592,28,5
60378889,58266,5
60379006,38623,3
60382054,211,6
60382171,25,6
60384975,259,6
60385671,50369,4
60386823,44,3
60386880,25976,7
60397422,23287,5
60404115,19390,1
60438572,64834,6
60440373,48390,2
60440631,146,6
60442322,146,4
60444581,40139,4
60444597,35991,6
60445833,16223,1
60447151,31924,7
60450488,343,1
60450938,349,3
60451767,360,3
60452347,364,4
60452812,339,6
60453905,361,6
60456218,360,7
60465700,23434,1
60469697,3322,3
60469906,3091,6
60473502,17011,5
60484447,3215,2
60485941,8238,2
60497665,149,7
60509888,8192,5
60524730,32008,4
60527861,16399,6
60528240,143,7
60528868,145,6
60546121,7474,6
60546561,101,6
60559589,23621,6
60565010,31815,3
60568953,8345,4
60570115,50904,6
60575672,70,5
60588648,23334,5
60612439,150,1
60625229,207,7
60625492,761,2
60628832,142,4
60629996,760,6
60631144,95,4
60631454,49,7
60631707,51,6
60631795,51,6
60631915,58,3
60632352,230,2
60632861,321,6
60633427,79,5
60633885,50,4
60634193,49,3
60634543,50,4
60634656,31513,1
60637849,277,2
60638281,132,2
60638465,463,5
60640433,46043,5
60640528,97,6
60641618,57,1
60652182,31776,1
60661252,23300,7
60661286,147,5
60678042,70,1
60683980,147,1
60690653,1053,3
60698008,16613,1
60700079,16232,2
60700302,31674,1
60701282,528,5
60703283,58176,6
60704152,40632,5
60705001,87,6
60707284,23312,5
60708598,7385,3
60723766,31667,3
60730664,31754,2
60734467,46955,5
60739001,145,7
60739417,32,6
60739451,51,5
60750621,7222,4
60750654,7222,3
60756008,5193,4
60762324,145,1
60784801,29039,6
60787149,42138,7
60794090,23214,6
60795303,40908,3
60795950,64,3
60797038,21652,2
60797698,16510,4
60802250,3354,4
60807795,53,7
60813201,94,6
60815594,1243,5
60815866,47293,1
60817300,12114,2
60817316,17271,1
60818806,30,2
60820437,8194,6
60820463,112,4
60820468,114,2
60829422,31658,6
60842442,40889,1
60863725,8525,2
60871822,62966,7
60873080,23242,7
60873093,31728,1
60873097,23063,2
60879307,958,2
60881524,669,3
60882163,40,3
60882214,39,3
60883566,48,6
60883892,33,3
60884325,34,5
60886032,33,7
60886672,16881,6
60887378,23962,1
60888330,34,5
60888369,7538,1
60888847,24112,1
60888909,7402,5
60889634,34,7
60891745,54769,2
60893598,42,2
60893806,109,1
60894127,33,1
60897925,33,4
60898097,106,4
60898293,107,7
60899426,33,3
60899641,107,1
60900365,107,6
60900769,106,2
60900918,33,3
60901253,34,5
60901307,108,5
60902069,25,2
60902272,24,2
60902612,112,6
60902674,26,4
60902919,24,4
60903071,25,3
60903178,107,7
60903255,85,1
60903623,109,4
60903623,87,1
60903801,33,1
60903863,88,7
60903980,34,7
60904396,2004,4
60904420,36,7
60904651,33,2
60904862,38,6
60905334,328,7
60906164,36,4
60906331,38,1
60906672,329,7
60907124,2065,7
60907128,328,4
60907481,63,6
60907518,18478,1
60907657,334,3
60908293,158,1
60908542,329,6
60911040,32,6
60911198,32,7
60911321,49,3
60911472,328,5
60911952,35,1
60912430,23,5
60912599,32,5
60915985,31798,1
60926569,7222,5
60929241,34,7
60929302,33,4
60934806,27161,6
60939249,144,1
60956985,935,6
60961477,15370,3
60962543,99,4
60962561,91,7
60962572,93,6
60962584,102,5
60962597,121,3
60962612,164,1
60964490,5133,7
60970834,40,2
60971002,148,7
60971873,47037,2
60972290,39,2
60975101,164,6
60975130,443,3
60975132,23240,4
60976535,321,4
60976876,40,1
60977564,54,2
60977843,299,7
60978183,95,2
60979191,25,5
60980814,24,6
60980932,500,1
60981708,154,3
60981956,168,3
60982647,23,6
60984031,170,4
60984037,17101,2
60984931,17010,7
60985049,23965,3
60986370,187,1
60986740,9284,7
60990172,630,1
60993241,32,1
60994074,149,7
61002605,16451,6
61003367,9200,6
61006764,19468,4
61013237,4246,3
61019325,6224,7
61025929,144,4
61034861,47682,1
61045109,13272,6
61045113,18265,1
61047490,382,5
61049180,31712,4
61057691,54812,4
61058950,40,7
61061618,54,4
61061669,76,3
61062486,28835,3
61063267,1010,7
61065057,1874,5
61065497,26,2
61065676,24,5
61066964,3207,7
61070812,93,2
61070865,37,6
61070985,35,4
61071005,31677,6
61071012,4845,5
61071603,34,5
61072681,35,3
61076207,22251,7
61077273,20299,7
61079395,4845,2
61080879,23283,7
61082077,164,6
61082105,181,1
61089929,216,5
61090048,16180,6
61092872,8231,6
61100736,29,2
61100747,27,1
61111709,160,2
61129993,144,3
61142174,91,2
61145321,215,4
61149078,29484,6
61151411,24,1
61151423,24,1
61151467,24,3
61153381,88,7
61183002,79,7
61183097,113,5
61183184,83,5
61183312,81,1
61183407,104,6
61183499,87,4
61183610,31733,4
61183729,188,6
61183968,141,4
61215413,23284,3
61238679,31928,5
61266046,13326,6
61266056,18180,7
61266064,13094,2
61266340,16386,7
61266803,31609,5
61270596,31710,2
61283902,23347,1
61302133,31794,1
61306843,14780,2
61308256,22052,2
61309824,1201,5
61312658,54854,3
61314481,2923,5
61315297,23321,1
61316168,28179,3
61316239,22368,4
61316312,22628,2
61318846,25,5
61319468,10855,4
61320117,31717,2
61320210,6359,1
61322176,2915,2
61322452,27,5
61324404,64846,6
61326295,50928,4
61329757,1078,3
61333456,53,4
61334698,19013,1
61335282,24,1
61335997,19032,5
61338210,2384,3
61339547,32,3
61339548,1020,1
61341501,18699,6
61342841,177,5
61346557,2384,2
61347098,23244,5
61348556,2918,6
61349665,18226,3
61351891,1959,5
61355433,31460,1
61364912,48271,5
61386127,15681,7
61386874,62,4
61390628,31632,2
61390714,188,2
61392498,39,2
61392584,35395,7
61392756,43,4
61394084,28832,4
61394407,18043,1
61395249,1861,2
61398835,135,1
61398883,2591,7
61398905,47,1
61398925,42,6
61398942,18863,6
61398949,18790,7
61399538,4844,4
61403102,179,1
61403526,2733,3
61404585,179,6
61406018,31576,6
61407556,25,6
61411305,107,7
61411413,40,4
61411669,33,1
61412038,42,2
61412268,65,3
61412409,64,4
61412473,2728,2
61412565,65,5
61412790,227,2
61412794,51,1
61413260,24,4
61413390,24,4
61413580,42,2
61413795,70,1
61413824,520,7
61413895,644,4
61414216,18830,1
61414743,645,1
61415284,56447,3
61415501,107,2
61415543,57213,4
61416428,466,6
61416431,25271,7
61416490,59298,7
61417101,18977,3
61417141,485,2
61417456,901,4
61417725,2732,1
61418347,15641,1
61419091,902,3
61419907,502,7
61420195,1745,4
61420423,180,5
61420625,738,6
61420722,2957,1
61421579,1244,4
61428384,8465,7
61429539,107,4
61430108,38,5
61431149,2729,1
61431321,39,3
61434791,44,6
61435382,2731,7
61435657,47,7
61438275,2730,7
61441135,41,2
61441549,45,7
61443018,2945,1
61444802,3580,7
61446682,23165,6
61446997,7241,4
61455457,31393,7
61473384,2728,5
61473863,28753,4
61475491,31782,2
61476936,22041,5
61477704,1343,5
61480364,204,5
61480407,8193,7
61481902,7244,4
61485605,3208,2
61485740,22525,2
61485766,22633,5
61487107,870,7
61489752,7244,4
61489890,1828,2
61490679,890,2
61490739,3271,7
61491526,53795,7
61496418,2933,2
61497201,347,1
61497916,880,5
61499187,229,6
61500379,522,4
61502531,36898,5
61502737,1829,4
61502819,863,6
61503711,2997,4
61504301,4618,1
61506337,1649,6
61506619,12089,4
61507237,176,1
61508754,54862,1
61509015,5647,6
61510209,4288,6
61510334,1654,2
61510604,165,4
61510688,31,4
61510708,588,1
61510942,31,2
61512338,57092,4
61517530,2569,3
61518349,3008,5
61520479,913,4
61521921,3118,5
61522093,913,5
61523217,15123,6
61523753,4272,1
61525100,920,5
61525762,146,2
61526539,909,2
61527781,3020,4
61528085,74,3
61528711,13540,7
61530638,30606,2
61531368,254,3
61532044,1258,1
61532130,954,6
61554169,15393,1
61555824,113,5
61556364,435,1
61556834,652,2
61557246,28589,6
61557375,28756,6
61557429,28701,3
61557729,183,6
61557964,651,2
61558245,3011,1
61559056,651,2
61559791,651,7
61560909,651,1
61566597,135,5
61566928,64832,6
61567123,64845,7
61569897,186,1
61571177,183,5
61572585,18835,3
61572783,18984,1
61573736,45,6
61574323,3239,2
61578208,57661,4
61578786,330,1
61579664,3003,5
61580924,48136,3
61581000,151,7
61585365,19083,4
61585377,18901,5
61589566,935,7
61599327,19282,1
61599999,909,5
61601522,109,7
61601559,55,5
61601738,86,3
61601959,106,2
61602114,23,5
61604342,124,4
61605194,108,4
61605988,68,1
61606581,2997,4
61610958,921,6
61611193,2996,5
61613885,958,5
61615350,934,6
61616819,931,2
61618226,1809,4
61644328,2993,6
61645058,628,4
61645432,28833,7
61645441,47,7
61645448,63,5
61645454,42,1
61645461,40,4
61645467,52,1
61646821,64844,4
61649188,353,6
61650336,377,7
61652547,37,7
61653081,620,2
61654910,56356,7
61655335,23238,7
61659941,893,3
61660840,7244,1
61664823,21638,3
61668485,7244,6
61668625,2989,1
61669437,31611,4
61689279,2990,4
61692639,23408,7
61692805,2996,3
61697940,57958,6
61724443,31627,5
61737050,64845,6
61747691,152,5
61752108,7244,1
61758097,44253,2
61779340,140,3
61783298,161,5
61783486,916,2
61786619,928,1
61789753,924,2
61791328,602,7
61794077,598,2
61796507,921,5
61802789,188,2
61827230,56143,6
61834396,23228,4
61843149,31805,1
61843872,956,4
61846723,37,2
61846887,969,3
61849866,44,4
61849925,1007,5
61851142,795,3
61852565,802,3
61854751,744,4
61856530,35,4
61857669,189,5
61863732,1629,6
61866113,867,2
61867123,7223,3
61867660,922,7
61868871,922,6
61882396,46944,5
61889494,23271,5
61905416,21604,2
61905673,49,4
61905693,47,1
61909023,56383,6
61912778,31728,7
61915422,188,5
61917611,172,2
61917984,24,4
61918961,24,5
61921084,18679,5
61923399,923,6
61925262,52874,5
61925412,55999,5
61926163,3481,5
61932599,48218,3
61934222,26863,7
61935551,25296,1
61937482,567,3
61938331,343,6
61939074,354,2
61943961,36,7
61958518,38,1
61959301,125,3
61960045,222,6
61970761,1667,7
61971521,23204,7
61972916,878,2
61991561,28705,4
61994802,31587,7
61996709,36875,2
61997272,64844,3
61998035,35714,3
61998035,43930,5
62003122,38,4
62003337,518,1
62003769,41,2
62004011,25078,2
62007190,52,2
62007343,42,4
62007599,290,6
62007867,19253,3
62008545,54859,7
62008666,109,7
62009862,147,5
62010296,40,3
62010443,273,7
62010663,5351,3
62010901,158,5
62012558,3622,7
62013071,23391,3
62016268,4873,3
62018690,39,5
62018881,39,4
62019076,39,1
62021595,4702,2
62021812,95,5
62024323,43239,7
62024530,3838,6
62024676,3646,3
62024799,63031,2
62024923,63028,3
62026431,149,1
62027822,1025,2
62030268,63029,7
62030330,63030,3
62034132,5495,5
62041676,25,5
62044605,10552,2
62052980,55188,2
62053130,55031,2
62055135,28612,3
62055528,7402,2
62057836,378,1
62078548,31715,3
62086849,56251,1
62087096,64844,2
62089641,23534,5
62090660,28,6
62095229,3796,7
62099856,30,3
62108102,18499,6
62108238,20790,2
62108331,30,7
62108445,18922,7
62109955,143,2
62110284,31784,1
62110358,149,4
62110468,135,7
62110652,2312,6
62111262,154,3
62112618,29,1
62124956,7228,3
62127996,123,3
62128465,152,1
62133100,206,3
62134190,188,1
62136742,26,3
62136944,104,1
62168299,23397,5
62168343,43255,4
62170086,3646,4
62170482,28840,5
62171705,53,7
62171744,58,1
62177261,23565,5
62178089,47052,3
62179400,43237,4
62182465,1854,7
62183223,801,6
62184355,13901,6
62191782,145,4
62192938,6256,7
62193728,21559,1
62194100,3622,4
62197081,130,7
62199171,620,1
62199660,19183,4
62199672,19187,6
62199790,10257,5
62200010,1318,1
62200531,7223,1
62201759,1333,4
62204409,2594,1
62207079,2047,2
62209215,2265,5
62217386,1151,2
62218769,18621,5
62218814,6087,7
62236529,7222,7
62243995,28816,4
62249580,830,5
62251384,16259,4
62251972,125,5
62252407,16517,1
62257432,161,4
62257501,109,4
62257814,43238,3
62257880,64847,3
62259158,128,3
62260092,31659,3
62260144,162,2
62263562,33,5
62263712,6347,2
62263752,4527,3
62266162,92,1
62266873,39,6
62267082,59,6
62267467,55,5
62267999,4529,5
62268578,4527,2
62269461,4527,1
62271131,113,2
62271503,195,1
62271876,109,6
62273166,4527,4
62274823,27630,6
62278318,5785,5
62286708,20248,5
62287069,207,5
62287477,151,1
62287541,57493,4
62287583,57581,5
62287621,57690,3
62287662,57518,4
62288078,36028,6
62292560,2970,3
62303772,940,1
62313409,53514,2
62313590,53781,6
62351053,23195,5
62358347,6324,4
62374268,31844,7
62379397,23317,3
62379652,3444,3
62382635,6218,1
62385779,3374,6
62397669,28655,5
62412548,31573,6
62429449,11500,3
62434948,25,4
62435954,10395,4
62436373,43237,5
62442132,200,3
62442645,28691,7
62452358,24,3
62453038,32,5
62453208,23,7
62453664,23268,3
62457242,6297,1
62457886,85,7
62460116,48134,3
62461058,47128,5
62463309,4844,3
62473737,31546,6
62479776,23,7
62503421,150,6
62512772,397,1
62513203,145,1
62513223,80,5
62514084,141,5
62514524,464,7
62514584,315,7
62515576,545,3
62515733,142,7
62515816,85,5
62515947,57120,3
62515960,35740,2
62515983,57155,6
62516120,57165,5
62517464,2688,4
62517486,2633,6
62517532,2960,6
62517564,3508,7
62517609,1991,7
62517648,2582,7
62518092,55511,1
62518178,55474,6
62518410,43237,7
62518423,54927,3
62518484,114,7
62518504,49110,6
62519050,2909,5
62522088,25,2
62522394,5611,3
62523111,56742,6
62523273,60321,4
62526058,6113,3
62529165,23239,4
62529219,31557,7
62529946,2951,7
62529982,2658,4
62530007,2913,2
62530088,2228,1
62530114,2053,5
62534159,3572,1
62534972,23192,2
62537113,28,6
62538849,130,6
62539041,146,5
62539525,33,2
62542467,33,3
62542758,21872,3
62543048,64844,5
62543295,107,5
62543543,6274,5
62543988,1741,1
62546086,4411,5
62547670,31791,6
62547769,23229,1
62550076,1386,2
62550386,3368,3
62553105,3467,4
62553331,7763,6
62558229,3364,2
62558361,23179,3
62559387,2996,1
62559910,6794,5
62563068,6619,3
62563165,3003,3
62564058,5939,6
62566216,6265,7
62566778,3149,3
62570310,3038,3
62571315,5304,6
62574107,3015,2
62578408,48233,7
62580674,86,1
62580876,46,1
62596224,31586,6
62596906,107,7
62597013,64845,1
62597045,28783,6
62599759,108,7
62600341,109,4
62601791,3010,7
62605395,243,4
62607201,55451,7
62607318,55459,6
62608618,3000,1
62612805,2991,2
62616419,322,5
62616672,6126,1
62618322,6823,6
62619225,2993,7
62621807,6822,4
62621892,19090,7
62622017,18866,1
62624237,108,1
62624658,107,3
62625433,31,3
62625742,186,3
62626340,16427,2
62626543,33,1
62627060,10792,3
62627207,31,1
62630154,3575,5
62632866,28652,2
62633056,6678,3
62634298,62,3
62638360,2993,6
62638494,117,1
62641837,2992,2
62641985,13134,6
62642082,221,2
62642853,52,1
62642980,3511,4
62643016,63,7
62643662,36,6
62643724,61,3
62644091,10753,2
62644479,18376,4
62645670,6250,6
62646535,3001,1
62649773,3006,6
62657541,23149,3
62658984,3004,2
62661537,67,2
62680122,40,5
62680740,31540,2
62684494,64844,6
62685943,54984,3
62686482,3005,4
62686572,144,1
62689798,6462,2
62691886,37,5
62692943,31,2
62692964,33,6
62695547,6232,2
62696935,166,2
62699087,29,2
62706278,6266,2
62707311,89,3
62708194,6203,1
62708218,7084,1
62708655,64,6
62708726,3316,7
62708961,123,1
62709143,3004,3
62709198,25858,2
62709453,556,3
62709587,53048,5
62711427,51141,4
62711580,51111,4
62711607,18771,4
62711688,51172,4
62711872,35,6
62712007,22173,2
62714533,106,5
62715432,47,6
62715471,40,6
62715506,36,3
62715541,35,1
62715572,33,1
62715599,33,6
62715634,32,3
62715653,31,5
62715673,31,1
62715695,30,7
62715716,28,7
62721199,147,5
62729097,3002,4
62734862,106,2
62735904,23,3
62736100,106,2
62736706,6202,3
62768445,64844,3
62770771,23488,7
62775573,5875,5
62777795,3015,5
62777842,6194,5
62781104,163,7
62783028,35886,2
62787016,5868,2
62788287,58237,3
62789318,17274,5
62789628,12855,1
62796799,50429,6
62796921,55986,4
62797109,56097,5
62797840,5822,6
62802325,258,6
62802757,55894,4
62808759,31957,6
62816651,30671,2
62816945,31005,4
62820089,590,5
62820559,40,7
62820881,35,2
62821244,7229,4
62829059,6927,6
62831477,23301,1
62854680,107,5
62859338,3005,3
62859751,48191,5
62862838,1375,5
62862954,590,2
62863427,813,5
62864648,22650,7
62864736,31729,3
62866532,59,4
62866570,58,2
62866821,68,2
62867258,3639,3
62867275,3637,5
62867357,2998,1
62868861,47,3
62869075,39,7
62870775,6892,1
62881209,577,1
62883186,136,3
62898972,163,3
62902201,187,7
62914289,6940,6
62925969,174,4
62931579,24,1
62931647,106,7
62943874,23207,3
62957701,31960,7
62980941,23326,2
62984063,2996,2
62987737,56113,7
62995238,2996,3
63000739,2995,7
63012938,142,6
63033537,2999,3
63036269,31785,4
63037358,2995,3
63040637,64831,4
63040794,2996,6
63044238,2992,3
63049453,3008,6
63049482,2116,4
63059872,2965,5
63066818,6949,6
63067999,23467,5
63072806,2970,3
63073352,54700,5
63077880,2980,3
63082164,55669,4
63082319,1116,7
63082351,51447,6
63091559,31795,1
63095022,123,6
63095385,28886,4
63095859,14509,6
63096271,48146,5
63114717,64831,1
63115071,2952,1
63115174,2628,7
63115246,2915,5
63115311,3333,6
63115385,2256,2
63115419,2047,2
63116166,1120,3
63117479,34,2
63117611,32,6
63117674,32,2
63117816,17550,4
63118166,31,4
63119341,31,1
63119494,36,1
63119650,31,3
63121203,35745,2
63121442,19015,2
63123360,23129,4
63124899,10425,7
63128378,10407,1
63129650,114,2
63129669,29,1
63129957,19109,1
63130316,54,4
63130516,1121,4
63130966,4886,4
63133921,113,6
63134784,8708,6
63135352,54391,7
63135473,4187,4
63135827,110,2
63136097,108,3
63138064,32,2
63140852,116,5
63141245,286,2
63141595,33,6
63142022,78,3
63142946,1132,6
63143894,5559,7
63144661,4674,5
63145949,32197,3
63146498,24,5
63146507,148,7
63146867,392,6
63149459,24,2
63149598,29,3
63149808,84,2
63214909,64831,3
63215062,9136,5
63215347,2961,6
63215365,82,5
63215386,59,6
63215406,2603,6
63215428,2504,6
63215448,2350,5
63215965,64830,3
63216411,31261,1
63216416,47190,7
63216575,48217,4
63216635,31384,7
63217960,34796,4
63219315,461,3
63219869,50916,7
63219880,60361,4
63219894,31919,4
63219979,23232,4
63220578,15013,5
63220652,471,4
63221404,500,3
63222642,583,7
63225431,3741,5
63226255,4671,2
63227676,29,4
63228638,30235,1
63229210,47,3
63229444,58,5
63234018,109,5
63258145,164,2
63266094,18049,3
63272309,745,7
63281426,31613,1
63287099,2633,1
63287106,2924,2
63288850,23209,7
63292460,999,5
63295627,6181,4
63295674,3878,6
63295955,15030,6
63298954,37,1
63299945,35,7
63301448,36,5
63303301,37,7
63303746,47,5
63303830,46,5
63303870,32,1
63303910,155,5
63304105,32,6
63304169,4527,5
63305693,9658,1
63305848,35,4
63311516,16935,1
63312020,28711,5
63313076,187,7
63313613,44,4
63314094,3730,5
63314515,41,3
63314618,3681,4
63316015,26183,4
63318165,17466,5
63320766,1538,2
63322579,39,3
63323270,38,6
63324006,140,1
63325837,13882,5
63329346,37,2
63339971,3037,7
63344314,139,7
63362957,31562,5
63376351,33159,6
63376395,33665,3
63376509,3001,3
63376768,23238,5
63379370,17530,4
63379466,37259,6
63379506,34544,4
63382192,26942,4
63387322,75,4
63388786,2854,7
63388813,203,4
63391808,3690,3
63392333,1156,5
63394565,27180,1
63402237,143,2
63403743,5274,6
63405789,35,1
63408420,31,6
63408516,30,1
63409148,13698,4
63412488,2992,3
63418034,2992,7
63422361,38,7
63426101,6345,2
63426213,7222,4
63427607,79,4
63437812,32442,6
63456649,7223,3
63461723,32455,7
63462964,342,7
63464908,142,5
63467571,634,4
63469028,39,6
63471498,21053,4
63477027,46,4
63481090,5151,5
63481874,4527,4
63482406,31787,3
63482531,333,6
63483013,2043,4
63487602,16902,6
63491324,39,2
63491343,42,1
63491358,37,2
63491367,36,6
63496513,7230,5
63514154,23493,4
63551705,2987,2
63553115,2616,2
63553423,25,4
63553512,2230,5
63554515,5181,1
63554980,6553,3
63555517,3629,1
63557371,83,1
63557610,7223,4
63560215,79,4
63560371,65,2
63562364,72,7
63562563,71,2
63562705,75,5
63563061,72,2
63563626,77,7
63582293,6605,6
